1	1	-1
2	2	-1
3	3	-1
4	4	1
5	5	-1
6	6	-1
7	7	-1
8	8	3
9	9	1
10	10	1
11	11	1
12	12	-3
13	13	1
14	14	3
15	15	1
16	16	-1
17	17	-1
18	18	-3
19	19	-3
20	20	1
21	21	-1
22	22	3
23	23	3
24	24	3
25	25	-3
26	26	-1
27	27	-1
28	28	3
29	29	-1
30	30	1
31	31	-1
32	32	1
33	33	-1
34	34	1
35	35	1
36	36	-1
37	37	-1
38	38	3
39	39	-1
40	40	1
41	41	-1
42	42	1
43	43	-1
44	44	1
45	45	3
46	46	1
47	47	1
48	48	3
49	49	-1
50	50	1
51	51	-1
52	52	-3
53	53	-3
54	54	-1
55	55	1
56	56	-1
57	57	-1
58	58	1
59	59	-1
60	60	1
61	61	3
62	62	1
63	63	3
64	64	1
65	65	-1
66	66	-3
67	67	-1
68	68	1
69	69	-3
70	70	1
71	71	-3
72	72	1
73	73	-1
74	74	1
75	75	1
76	76	3
77	77	-1
78	78	1
79	79	-3
80	80	1
81	81	-1
82	82	1
83	83	1
84	84	1
85	85	1
86	86	-3
87	87	1
88	88	-1
89	89	-3
90	90	1
91	91	-3
92	92	-1
93	93	-1
94	94	1
95	95	-1
96	96	3
97	97	1
98	98	-1
99	99	-1
100	100	1
101	101	-1
102	102	-1
103	103	-1
104	104	-1
105	105	1
106	106	1
107	107	-1
108	108	-3
109	109	1
110	110	-1
111	111	-1
112	112	1
113	113	-1
114	114	-1
115	115	-3
116	116	1
117	117	1
118	118	-3
119	119	3
120	120	1
121	121	-1
122	122	-1
123	123	-1
124	124	1
125	125	-1
126	126	1
127	127	3
128	128	1
129	129	1
130	130	-1
131	131	-3
132	132	1
133	133	-1
134	134	-1
135	135	1
136	136	1
137	137	-1
138	138	-1
139	139	-1
140	140	1
141	141	-1
142	142	1
143	143	1
144	144	-1
145	145	3
146	146	-1
147	147	-3
148	148	-1
149	149	-3
150	150	-1
151	151	1
152	152	-1
153	153	1
154	154	-1
155	155	-1
156	156	-1
157	157	-1
158	158	1
159	159	3
160	160	1
161	161	-1
162	162	3
163	163	-3
164	164	-1
165	165	-3
166	166	-1
167	167	1
168	168	3
169	169	1
170	170	-1
171	171	1
172	172	1
173	173	-3
174	174	-1
175	175	3
176	176	1
177	177	1
178	178	1
179	179	-1
180	180	-1
181	181	-1
182	182	-1
183	183	1
184	184	-1
185	185	-3
186	186	3
187	187	-1
188	188	1
189	189	1
190	190	-3
191	191	-3
192	192	1
193	193	1
194	194	1
195	195	3
196	196	1
197	197	1
198	198	-1
199	199	1
200	200	1
201	201	-1
202	202	1
203	203	3
204	204	-1
205	205	-1
206	206	-3
207	207	3
208	208	1
209	209	3
210	210	3
211	211	1
212	212	-1
213	213	-1
214	214	3
215	215	-3
216	216	1
217	217	1
218	218	-1
219	219	-1
220	220	-3
221	221	-1
222	222	1
223	223	1
224	224	3
225	225	-3
226	226	1
227	227	-1
228	228	-1
229	229	-1
230	230	1
231	231	-1
232	232	3
233	233	-1
234	234	-3
235	235	1
236	236	1
237	237	3
238	238	1
239	239	-1
240	240	-3
241	241	3
242	242	1
243	243	-1
244	244	1
245	245	-1
246	246	-3
247	247	-1
248	248	1
249	249	-1
250	250	-1
251	251	-1
252	252	-3
253	253	-1
254	254	-1
255	255	-1
256	256	-1
257	257	-3
258	258	-1
259	259	-1
260	260	-1
261	261	-1
262	262	-1
263	263	1
264	264	-3
265	265	3
266	266	-1
267	267	1
268	268	1
269	269	-1
270	270	-1
271	271	-3
272	272	-3
273	273	1
274	274	1
275	275	1
276	276	1
277	277	-1
278	278	-1
279	279	-1
280	280	-1
281	281	1
282	282	3
283	283	1
284	284	-1
285	285	1
286	286	-1
287	287	1
288	288	-3
289	289	1
290	290	-3
291	291	1
292	292	-1
293	293	-3
294	294	1
295	295	-1
296	296	3
297	297	-1
298	298	1
299	299	-3
300	300	1
301	301	1
302	302	1
303	303	1
304	304	3
305	305	-1
306	306	-1
307	307	-3
308	308	1
309	309	-1
310	310	1
311	311	-1
312	312	1
313	313	-3
314	314	-1
315	315	1
316	316	1
317	317	1
318	318	-3
319	319	1
320	320	1
321	321	1
322	322	1
323	323	-3
324	324	3
325	325	3
326	326	-1
327	327	1
328	328	3
329	329	1
330	330	-3
331	331	-1
332	332	1
333	333	3
334	334	-1
335	335	-1
336	336	1
337	337	-1
338	338	-1
339	339	-1
340	340	-3
341	341	1
342	342	-1
343	343	-1
344	344	3
345	345	3
346	346	3
347	347	1
348	348	-1
349	349	-1
350	350	1
351	351	-3
352	352	-1
353	353	-1
354	354	1
355	355	-3
356	356	1
357	357	-1
358	358	1
359	359	-1
360	360	-1
361	361	1
362	362	-1
363	363	-1
364	364	-1
365	365	-3
366	366	1
367	367	-1
368	368	1
369	369	3
370	370	1
371	371	-1
372	372	1
373	373	3
374	374	-1
375	375	-1
376	376	-3
377	377	1
378	378	1
379	379	-1
380	380	1
381	381	-1
382	382	-1
383	383	-3
384	384	1
385	385	1
386	386	-1
387	387	3
388	388	-3
389	389	-1
390	390	1
391	391	-1
392	392	-3
393	393	1
394	394	-3
395	395	1
396	396	-3
397	397	-1
398	398	1
399	399	1
400	400	-1
401	401	-3
402	402	-3
403	403	-1
404	404	-1
405	405	1
406	406	1
407	407	1
408	408	-1
409	409	1
410	410	1
411	411	-1
412	412	1
413	413	1
414	414	-3
415	415	3
416	416	-3
417	417	-1
418	418	1
419	419	-1
420	420	3
421	421	1
422	422	-1
423	423	1
424	424	-3
425	425	1
426	426	1
427	427	1
428	428	-1
429	429	1
430	430	-1
431	431	-1
432	432	3
433	433	-3
434	434	-1
435	435	-1
436	436	1
437	437	-1
438	438	3
439	439	-1
440	440	3
441	441	-1
442	442	3
443	443	-1
444	444	3
445	445	-3
446	446	1
447	447	-1
448	448	-3
449	449	1
450	450	-1
451	451	1
452	452	1
453	453	1
454	454	1
455	455	1
456	456	1
457	457	-1
458	458	3
459	459	-1
460	460	-1
461	461	3
462	462	1
463	463	-3
464	464	-1
465	465	3
466	466	1
467	467	1
468	468	-1
469	469	1
470	470	-1
471	471	1
472	472	3
473	473	1
474	474	1
475	475	1
476	476	1
477	477	-1
478	478	3
479	479	1
480	480	-3
481	481	1
482	482	-1
483	483	-1
484	484	-1
485	485	1
486	486	-1
487	487	-3
488	488	-1
489	489	1
490	490	-1
491	491	-1
492	492	1
493	493	-1
494	494	3
495	495	3
496	496	-1
497	497	-1
498	498	1
499	499	3
500	500	-3
501	501	1
502	502	-1
503	503	-3
504	504	-3
505	505	-1
506	506	1
507	507	1
508	508	-1
509	509	-3
510	510	-1
511	511	-1
512	512	-3
513	513	-1
514	514	3
515	515	-3
516	516	1
517	517	3
518	518	1
519	519	3
520	520	-1
521	521	1
522	522	1
523	523	3
524	524	-1
525	525	-1
526	526	1
527	527	-1
528	528	-1
529	529	1
530	530	-1
531	531	-1
532	532	-1
533	533	1
534	534	-1
535	535	1
536	536	-1
537	537	3
538	538	1
539	539	-3
540	540	-1
541	541	-1
542	542	-1
543	543	1
544	544	-1
545	545	1
546	546	-1
547	547	-3
548	548	-3
549	549	1
550	550	1
551	551	3
552	552	-1
553	553	-1
554	554	-1
555	555	1
556	556	1
557	557	1
558	558	1
559	559	1
560	560	-1
561	561	-1
562	562	1
563	563	-3
564	564	1
565	565	1
566	566	-1
567	567	1
568	568	-1
569	569	3
570	570	3
571	571	-3
572	572	1
573	573	-1
574	574	1
575	575	-1
576	576	-1
577	577	-1
578	578	-1
579	579	-1
580	580	3
581	581	1
582	582	1
583	583	-1
584	584	3
585	585	1
586	586	-1
587	587	1
588	588	-1
589	589	1
590	590	-1
591	591	-1
592	592	-1
593	593	-1
594	594	-3
595	595	-3
596	596	-1
597	597	1
598	598	-3
599	599	-1
600	600	1
601	601	-1
602	602	-1
603	603	-1
604	604	-1
605	605	-1
606	606	-3
607	607	-3
608	608	-1
609	609	1
610	610	-1
611	611	1
612	612	1
613	613	-1
614	614	3
615	615	-3
616	616	1
617	617	-1
618	618	-1
619	619	1
620	620	1
621	621	-1
622	622	-1
623	623	1
624	624	-3
625	625	1
626	626	-1
627	627	-1
628	628	1
629	629	1
630	630	1
631	631	1
632	632	1
633	633	-1
634	634	-1
635	635	-1
636	636	1
637	637	1
638	638	1
639	639	3
640	640	1
641	641	3
642	642	-1
643	643	1
644	644	1
645	645	1
646	646	-1
647	647	-1
648	648	1
649	649	3
650	650	3
651	651	-1
652	652	-1
653	653	1
654	654	-1
655	655	1
656	656	3
657	657	1
658	658	-1
659	659	-1
660	660	-1
661	661	3
662	662	1
663	663	-1
664	664	1
665	665	1
666	666	1
667	667	-3
668	668	-1
669	669	-1
670	670	-1
671	671	-3
672	672	-1
673	673	3
674	674	1
675	675	-1
676	676	1
677	677	-3
678	678	-3
679	679	-1
680	680	3
681	681	1
682	682	-1
683	683	-1
684	684	-1
685	685	-1
686	686	3
687	687	1
688	688	1
689	689	3
690	690	3
691	691	-1
692	692	1
693	693	1
694	694	1
695	695	1
696	696	1
697	697	-3
698	698	-1
699	699	-1
700	700	-1
701	701	3
702	702	1
703	703	-1
704	704	-1
705	705	1
706	706	-1
707	707	-3
708	708	1
709	709	1
710	710	-1
711	711	1
712	712	1
713	713	-3
714	714	3
715	715	1
716	716	-1
717	717	1
718	718	1
719	719	-1
720	720	1
721	721	1
722	722	-1
723	723	3
724	724	-1
725	725	-1
726	726	-1
727	727	1
728	728	3
729	729	1
730	730	1
731	731	-1
732	732	1
733	733	-1
734	734	1
735	735	1
736	736	-1
737	737	-1
738	738	3
739	739	1
740	740	3
741	741	1
742	742	-1
743	743	3
744	744	-1
745	745	-1
746	746	-1
747	747	-3
748	748	1
749	749	-3
750	750	-1
751	751	-1
752	752	3
753	753	1
754	754	-1
755	755	3
756	756	1
757	757	1
758	758	-1
759	759	1
760	760	1
761	761	1
762	762	1
763	763	3
764	764	-1
765	765	-1
766	766	1
767	767	-1
768	768	1
769	769	1
770	770	-1
771	771	1
772	772	1
773	773	-1
774	774	-3
775	775	-3
776	776	-1
777	777	1
778	778	1
779	779	-1
780	780	1
781	781	1
782	782	1
783	783	3
784	784	-1
785	785	-3
786	786	-1
787	787	1
788	788	-1
789	789	1
790	790	-3
791	791	1
792	792	1
793	793	-1
794	794	1
795	795	3
796	796	-1
797	797	1
798	798	-1
799	799	1
800	800	-1
801	801	-1
802	802	3
803	803	1
804	804	1
805	805	1
806	806	3
807	807	1
808	808	1
809	809	-1
810	810	1
811	811	1
812	812	-1
813	813	3
814	814	-1
815	815	1
816	816	1
817	817	1
818	818	-1
819	819	-1
820	820	1
821	821	3
822	822	-1
823	823	1
824	824	3
825	825	-3
826	826	1
827	827	-3
828	828	-1
829	829	1
830	830	1
831	831	-1
832	832	-1
833	833	-1
834	834	1
835	835	-1
836	836	3
837	837	1
838	838	-3
839	839	3
840	840	-1
841	841	-1
842	842	3
843	843	1
844	844	3
845	845	-1
846	846	3
847	847	-1
848	848	1
849	849	1
850	850	-1
851	851	-1
852	852	-3
853	853	-1
854	854	-1
855	855	-3
856	856	1
857	857	-1
858	858	-1
859	859	1
860	860	-3
861	861	1
862	862	-3
863	863	-3
864	864	1
865	865	3
866	866	-3
867	867	-3
868	868	1
869	869	3
870	870	-1
871	871	1
872	872	-3
873	873	-1
874	874	-1
875	875	1
876	876	-1
877	877	-1
878	878	-1
879	879	3
880	880	1
881	881	-3
882	882	-3
883	883	3
884	884	3
885	885	1
886	886	1
887	887	1
888	888	-1
889	889	1
890	890	1
891	891	-1
892	892	1
893	893	-1
894	894	1
895	895	1
896	896	-1
897	897	-3
898	898	1
899	899	-1
900	900	3
901	901	1
902	902	-3
903	903	-1
904	904	1
905	905	3
906	906	3
907	907	-1
908	908	-1
909	909	3
910	910	-1
911	911	3
912	912	1
913	913	3
914	914	-3
915	915	1
916	916	3
917	917	-1
918	918	1
919	919	-3
920	920	1
921	921	1
922	922	-1
923	923	-1
924	924	3
925	925	1
926	926	-1
927	927	1
928	928	1
929	929	1
930	930	1
931	931	-1
932	932	-1
933	933	1
934	934	1
935	935	-1
936	936	-1
937	937	1
938	938	-1
939	939	1
940	940	-1
941	941	-1
942	942	1
943	943	-1
944	944	1
945	945	1
946	946	-1
947	947	-1
948	948	1
949	949	3
950	950	1
951	951	1
952	952	1
953	953	-3
954	954	-1
955	955	1
956	956	-1
957	957	-1
958	958	-1
959	959	1
960	960	3
961	961	-1
962	962	1
963	963	-1
964	964	-3
965	965	-1
966	966	1
967	967	3
968	968	-1
969	969	3
970	970	-1
971	971	-3
972	972	1
973	973	1
974	974	-1
975	975	1
976	976	-1
977	977	1
978	978	-1
979	979	-1
980	980	1
981	981	-1
982	982	-1
983	983	-3
984	984	1
985	985	-1
986	986	-1
987	987	1
988	988	3
989	989	1
990	990	1
991	991	1
992	992	-1
993	993	-1
994	994	-1
995	995	-1
996	996	-1
997	997	1
998	998	-1
999	999	-1
1000	1000	-3
1001	1001	1
1002	1002	1
1003	1003	-3
1004	1004	-1
1005	1005	1
1006	1006	-1
1007	1007	-1
1008	1008	3
1009	1009	3
1010	1010	1
1011	1011	1
1012	1012	-1
1013	1013	1
1014	1014	-1
1015	1015	-1
1016	1016	1
1017	1017	-3
1018	1018	1
1019	1019	-1
1020	1020	1
1021	1021	-1
1022	1022	1
1023	1023	1
1024	1024	1
1025	1025	2
1026	1026	-2
1027	1027	-2
1028	1028	-2
1029	1029	-2
1030	1030	2
1031	1031	-2
1032	1032	2
1033	1033	2
1034	1034	2
1035	1035	2
1036	1036	2
1037	1037	2
1038	1038	2
1039	1039	-2
1040	1040	-2
1041	1041	-2
1042	1042	-2
1043	1043	2
1044	1044	2
1045	1045	-2
1046	1046	-2
1047	1047	-2
1048	1048	-2
1049	1049	-2
1050	1050	-2
1051	1051	-2
1052	1052	2
1053	1053	2
1054	1054	-2
1055	1055	2
1056	1056	2
1057	1057	2
1058	1058	2
1059	1059	-2
1060	1060	-2
1061	1061	2
1062	1062	-2
1063	1063	2
1064	1064	-2
1065	1065	-2
1066	1066	-2
1067	1067	2
1068	1068	-2
1069	1069	-2
1070	1070	-2
1071	1071	-2
1072	1072	2
1073	1073	2
1074	1074	2
1075	1075	2
1076	1076	2
1077	1077	-2
1078	1078	2
1079	1079	2
1080	1080	-2
1081	1081	2
1082	1082	-2
1083	1083	2
1084	1084	2
1085	1085	2
1086	1086	2
1087	1087	2
1088	1088	2
1089	1089	-2
1090	1090	-2
1091	1091	-2
1092	1092	2
1093	1093	-2
1094	1094	2
1095	1095	-2
1096	1096	-2
1097	1097	-2
1098	1098	2
1099	1099	2
1100	1100	-2
1101	1101	-2
1102	1102	-2
1103	1103	2
1104	1104	-2
1105	1105	-2
1106	1106	-2
1107	1107	2
1108	1108	2
1109	1109	-2
1110	1110	2
1111	1111	-2
1112	1112	2
1113	1113	-2
1114	1114	-2
1115	1115	2
1116	1116	2
1117	1117	2
1118	1118	-2
1119	1119	2
1120	1120	2
1121	1121	-2
1122	1122	2
1123	1123	-2
1124	1124	-2
1125	1125	-2
1126	1126	2
1127	1127	-2
1128	1128	-2
1129	1129	-2
1130	1130	2
1131	1131	2
1132	1132	2
1133	1133	2
1134	1134	-2
1135	1135	2
1136	1136	-2
1137	1137	-2
1138	1138	2
1139	1139	2
1140	1140	-2
1141	1141	2
1142	1142	-2
1143	1143	-2
1144	1144	-2
1145	1145	-2
1146	1146	-2
1147	1147	2
1148	1148	2
1149	1149	-2
1150	1150	-2
1151	1151	2
1152	1152	2
1153	1153	-2
1154	1154	2
1155	1155	2
1156	1156	2
1157	1157	-2
1158	1158	2
1159	1159	2
1160	1160	2
1161	1161	2
1162	1162	2
1163	1163	2
1164	1164	2
1165	1165	-2
1166	1166	2
1167	1167	2
1168	1168	-2
1169	1169	2
1170	1170	2
1171	1171	-2
1172	1172	2
1173	1173	-2
1174	1174	-2
1175	1175	-2
1176	1176	2
1177	1177	-2
1178	1178	2
1179	1179	2
1180	1180	2
1181	1181	2
1182	1182	2
1183	1183	2
1184	1184	2
1185	1185	-2
1186	1186	-2
1187	1187	-2
1188	1188	-2
1189	1189	-2
1190	1190	2
1191	1191	-2
1192	1192	2
1193	1193	-2
1194	1194	2
1195	1195	-2
1196	1196	2
1197	1197	2
1198	1198	2
1199	1199	-2
1200	1200	-2
1201	1201	2
1202	1202	2
1203	1203	2
1204	1204	2
1205	1205	-2
1206	1206	2
1207	1207	2
1208	1208	2
1209	1209	-2
1210	1210	-2
1211	1211	2
1212	1212	-2
1213	1213	-2
1214	1214	-2
1215	1215	2
1216	1216	2
1217	1217	-2
1218	1218	-2
1219	1219	2
1220	1220	2
1221	1221	2
1222	1222	-2
1223	1223	-2
1224	1224	2
1225	1225	2
1226	1226	-2
1227	1227	-2
1228	1228	2
1229	1229	2
1230	1230	-2
1231	1231	2
1232	1232	2
1233	1233	-2
1234	1234	2
1235	1235	-2
1236	1236	-2
1237	1237	2
1238	1238	2
1239	1239	2
1240	1240	2
1241	1241	-2
1242	1242	-2
1243	1243	2
1244	1244	-2
1245	1245	2
1246	1246	2
1247	1247	-2
1248	1248	2
1249	1249	-2
1250	1250	-2
1251	1251	2
1252	1252	-2
1253	1253	2
1254	1254	-2
1255	1255	-2
1256	1256	-2
1257	1257	2
1258	1258	-2
1259	1259	-2
1260	1260	-2
1261	1261	2
1262	1262	-2
1263	1263	2
1264	1264	2
1265	1265	-2
1266	1266	-2
1267	1267	-2
1268	1268	2
1269	1269	2
1270	1270	2
1271	1271	-2
1272	1272	2
1273	1273	-2
1274	1274	-2
1275	1275	2
1276	1276	2
1277	1277	-2
1278	1278	-2
1279	1279	2
1280	1280	-2
1281	1281	2
1282	1282	2
1283	1283	-2
1284	1284	2
1285	1285	2
1286	1286	-2
1287	1287	2
1288	1288	-2
1289	1289	2
1290	1290	2
1291	1291	2
1292	1292	-2
1293	1293	2
1294	1294	-2
1295	1295	2
1296	1296	-2
1297	1297	2
1298	1298	-2
1299	1299	2
1300	1300	-2
1301	1301	2
1302	1302	-2
1303	1303	-2
1304	1304	-2
1305	1305	2
1306	1306	2
1307	1307	2
1308	1308	-2
1309	1309	2
1310	1310	2
1311	1311	-2
1312	1312	2
1313	1313	2
1314	1314	-2
1315	1315	-2
1316	1316	2
1317	1317	-2
1318	1318	2
1319	1319	2
1320	1320	-2
1321	1321	2
1322	1322	2
1323	1323	-2
1324	1324	-2
1325	1325	-2
1326	1326	2
1327	1327	-2
1328	1328	-2
1329	1329	2
1330	1330	-2
1331	1331	2
1332	1332	2
1333	1333	2
1334	1334	-2
1335	1335	-2
1336	1336	2
1337	1337	-2
1338	1338	2
1339	1339	2
1340	1340	-2
1341	1341	-2
1342	1342	-2
1343	1343	-2
1344	1344	-2
1345	1345	2
1346	1346	-2
1347	1347	-2
1348	1348	2
1349	1349	-2
1350	1350	2
1351	1351	-2
1352	1352	2
1353	1353	2
1354	1354	2
1355	1355	2
1356	1356	-2
1357	1357	2
1358	1358	2
1359	1359	2
1360	1360	-2
1361	1361	-2
1362	1362	2
1363	1363	-2
1364	1364	2
1365	1365	-2
1366	1366	2
1367	1367	-2
1368	1368	-2
1369	1369	-2
1370	1370	-2
1371	1371	2
1372	1372	-2
1373	1373	-2
1374	1374	-2
1375	1375	2
1376	1376	-2
1377	1377	2
1378	1378	-2
1379	1379	2
1380	1380	2
1381	1381	2
1382	1382	-2
1383	1383	2
1384	1384	-2
1385	1385	-2
1386	1386	2
1387	1387	2
1388	1388	-2
1389	1389	-2
1390	1390	2
1391	1391	-2
1392	1392	-2
1393	1393	-2
1394	1394	-2
1395	1395	-2
1396	1396	-2
1397	1397	2
1398	1398	-2
1399	1399	-2
1400	1400	-2
1401	1401	2
1402	1402	2
1403	1403	2
1404	1404	-2
1405	1405	-2
1406	1406	-2
1407	1407	2
1408	1408	2
1409	1409	-2
1410	1410	2
1411	1411	-2
1412	1412	2
1413	1413	2
1414	1414	-2
1415	1415	2
1416	1416	2
1417	1417	-2
1418	1418	-2
1419	1419	2
1420	1420	-2
1421	1421	2
1422	1422	-2
1423	1423	-2
1424	1424	-2
1425	1425	2
1426	1426	-2
1427	1427	2
1428	1428	-2
1429	1429	-2
1430	1430	-2
1431	1431	2
1432	1432	2
1433	1433	-2
1434	1434	2
1435	1435	2
1436	1436	2
1437	1437	2
1438	1438	-2
1439	1439	2
1440	1440	-2
1441	1441	2
1442	1442	-2
1443	1443	2
1444	1444	2
1445	1445	-2
1446	1446	-2
1447	1447	2
1448	1448	2
1449	1449	2
1450	1450	2
1451	1451	-2
1452	1452	2
1453	1453	-2
1454	1454	-2
1455	1455	-2
1456	1456	2
1457	1457	2
1458	1458	-2
1459	1459	2
1460	1460	2
1461	1461	2
1462	1462	-2
1463	1463	-2
1464	1464	2
1465	1465	-2
1466	1466	-2
1467	1467	-2
1468	1468	2
1469	1469	-2
1470	1470	-2
1471	1471	2
1472	1472	-2
1473	1473	2
1474	1474	2
1475	1475	2
1476	1476	-2
1477	1477	2
1478	1478	2
1479	1479	-2
1480	1480	-2
1481	1481	-2
1482	1482	2
1483	1483	-2
1484	1484	2
1485	1485	-2
1486	1486	-2
1487	1487	2
1488	1488	2
1489	1489	-2
1490	1490	2
1491	1491	-2
1492	1492	2
1493	1493	-2
1494	1494	-2
1495	1495	2
1496	1496	-2
1497	1497	-2
1498	1498	-2
1499	1499	2
1500	1500	2
1501	1501	2
1502	1502	-2
1503	1503	2
1504	1504	2
1505	1505	2
1506	1506	2
1507	1507	-2
1508	1508	-2
1509	1509	2
1510	1510	-2
1511	1511	-2
1512	1512	-2
1513	1513	-2
1514	1514	2
1515	1515	2
1516	1516	2
1517	1517	-2
1518	1518	-2
1519	1519	-2
1520	1520	-2
1521	1521	2
1522	1522	2
1523	1523	-2
1524	1524	-2
1525	1525	2
1526	1526	2
1527	1527	2
1528	1528	-2
1529	1529	-2
1530	1530	2
1531	1531	-2
1532	1532	2
1533	1533	2
1534	1534	2
1535	1535	2
1536	1536	2
1537	1537	2
1538	1538	2
1539	1539	-2
1540	1540	2
1541	1541	-2
1542	1542	2
1543	1543	-2
1544	1544	2
1545	1545	-2
1546	1546	2
1547	1547	2
1548	1548	-2
1549	1549	2
1550	1550	-2
1551	1551	-2
1552	1552	-2
1553	1553	2
1554	1554	2
1555	1555	2
1556	1556	2
1557	1557	-2
1558	1558	2
1559	1559	2
1560	1560	2
1561	1561	-2
1562	1562	2
1563	1563	-2
1564	1564	-2
1565	1565	2
1566	1566	-2
1567	1567	-2
1568	1568	-2
1569	1569	-2
1570	1570	2
1571	1571	-2
1572	1572	-2
1573	1573	-2
1574	1574	2
1575	1575	2
1576	1576	2
1577	1577	-2
1578	1578	-2
1579	1579	-2
1580	1580	-2
1581	1581	2
1582	1582	2
1583	1583	-2
1584	1584	-2
1585	1585	2
1586	1586	2
1587	1587	2
1588	1588	-2
1589	1589	-2
1590	1590	2
1591	1591	-2
1592	1592	2
1593	1593	2
1594	1594	-2
1595	1595	2
1596	1596	-2
1597	1597	2
1598	1598	-2
1599	1599	2
1600	1600	-2
1601	1601	2
1602	1602	2
1603	1603	2
1604	1604	2
1605	1605	2
1606	1606	2
1607	1607	-2
1608	1608	2
1609	1609	2
1610	1610	-2
1611	1611	2
1612	1612	2
1613	1613	2
1614	1614	2
1615	1615	-2
1616	1616	-2
1617	1617	2
1618	1618	-2
1619	1619	-2
1620	1620	-2
1621	1621	-2
1622	1622	-2
1623	1623	-2
1624	1624	2
1625	1625	-2
1626	1626	-2
1627	1627	-2
1628	1628	-2
1629	1629	-2
1630	1630	2
1631	1631	2
1632	1632	2
1633	1633	2
1634	1634	-2
1635	1635	2
1636	1636	-2
1637	1637	2
1638	1638	-2
1639	1639	2
1640	1640	2
1641	1641	2
1642	1642	-2
1643	1643	2
1644	1644	2
1645	1645	2
1646	1646	2
1647	1647	-2
1648	1648	-2
1649	1649	2
1650	1650	2
1651	1651	-2
1652	1652	-2
1653	1653	-2
1654	1654	2
1655	1655	2
1656	1656	2
1657	1657	-2
1658	1658	-2
1659	1659	2
1660	1660	2
1661	1661	-2
1662	1662	2
1663	1663	2
1664	1664	2
1665	1665	2
1666	1666	-2
1667	1667	-2
1668	1668	2
1669	1669	2
1670	1670	-2
1671	1671	2
1672	1672	-2
1673	1673	2
1674	1674	2
1675	1675	2
1676	1676	2
1677	1677	2
1678	1678	2
1679	1679	2
1680	1680	-2
1681	1681	2
1682	1682	2
1683	1683	-2
1684	1684	-2
1685	1685	-2
1686	1686	-2
1687	1687	-2
1688	1688	2
1689	1689	2
1690	1690	-2
1691	1691	-2
1692	1692	2
1693	1693	-2
1694	1694	2
1695	1695	-2
1696	1696	-2
1697	1697	2
1698	1698	2
1699	1699	-2
1700	1700	-2
1701	1701	-2
1702	1702	2
1703	1703	2
1704	1704	2
1705	1705	-2
1706	1706	2
1707	1707	2
1708	1708	-2
1709	1709	-2
1710	1710	2
1711	1711	2
1712	1712	-2
1713	1713	2
1714	1714	-2
1715	1715	-2
1716	1716	-2
1717	1717	2
1718	1718	-2
1719	1719	2
1720	1720	-2
1721	1721	-2
1722	1722	2
1723	1723	2
1724	1724	2
1725	1725	-2
1726	1726	-2
1727	1727	2
1728	1728	2
1729	1729	2
1730	1730	-2
1731	1731	-2
1732	1732	-2
1733	1733	2
1734	1734	-2
1735	1735	2
1736	1736	-2
1737	1737	2
1738	1738	-2
1739	1739	2
1740	1740	-2
1741	1741	-2
1742	1742	-2
1743	1743	2
1744	1744	2
1745	1745	2
1746	1746	2
1747	1747	-2
1748	1748	2
1749	1749	2
1750	1750	-2
1751	1751	-2
1752	1752	-2
1753	1753	-2
1754	1754	2
1755	1755	2
1756	1756	-2
1757	1757	2
1758	1758	-2
1759	1759	-2
1760	1760	-2
1761	1761	2
1762	1762	2
1763	1763	2
1764	1764	-2
1765	1765	-2
1766	1766	-2
1767	1767	-2
1768	1768	-2
1769	1769	2
1770	1770	-2
1771	1771	-2
1772	1772	-2
1773	1773	2
1774	1774	2
1775	1775	2
1776	1776	-2
1777	1777	2
1778	1778	2
1779	1779	2
1780	1780	2
1781	1781	-2
1782	1782	-2
1783	1783	2
1784	1784	-2
1785	1785	-2
1786	1786	2
1787	1787	-2
1788	1788	2
1789	1789	-2
1790	1790	2
1791	1791	-2
1792	1792	2
1793	1793	2
1794	1794	-2
1795	1795	-2
1796	1796	2
1797	1797	2
1798	1798	2
1799	1799	2
1800	1800	-2
1801	1801	2
1802	1802	-2
1803	1803	2
1804	1804	-2
1805	1805	-2
1806	1806	2
1807	1807	-2
1808	1808	-2
1809	1809	2
1810	1810	-2
1811	1811	2
1812	1812	-2
1813	1813	2
1814	1814	-2
1815	1815	2
1816	1816	2
1817	1817	-2
1818	1818	2
1819	1819	2
1820	1820	2
1821	1821	-2
1822	1822	2
1823	1823	2
1824	1824	2
1825	1825	2
1826	1826	-2
1827	1827	-2
1828	1828	2
1829	1829	2
1830	1830	-2
1831	1831	2
1832	1832	2
1833	1833	-2
1834	1834	2
1835	1835	-2
1836	1836	2
1837	1837	2
1838	1838	-2
1839	1839	-2
1840	1840	2
1841	1841	2
1842	1842	2
1843	1843	-2
1844	1844	2
1845	1845	-2
1846	1846	2
1847	1847	2
1848	1848	2
1849	1849	-2
1850	1850	2
1851	1851	-2
1852	1852	-2
1853	1853	-2
1854	1854	2
1855	1855	2
1856	1856	2
1857	1857	-2
1858	1858	-2
1859	1859	-2
1860	1860	-2
1861	1861	-2
1862	1862	2
1863	1863	2
1864	1864	2
1865	1865	-2
1866	1866	2
1867	1867	-2
1868	1868	2
1869	1869	-2
1870	1870	2
1871	1871	2
1872	1872	-2
1873	1873	-2
1874	1874	-2
1875	1875	2
1876	1876	-2
1877	1877	2
1878	1878	-2
1879	1879	-2
1880	1880	2
1881	1881	2
1882	1882	-2
1883	1883	-2
1884	1884	-2
1885	1885	2
1886	1886	-2
1887	1887	2
1888	1888	2
1889	1889	2
1890	1890	-2
1891	1891	-2
1892	1892	2
1893	1893	-2
1894	1894	-2
1895	1895	2
1896	1896	-2
1897	1897	-2
1898	1898	-2
1899	1899	2
1900	1900	-2
1901	1901	2
1902	1902	2
1903	1903	2
1904	1904	-2
1905	1905	2
1906	1906	-2
1907	1907	-2
1908	1908	2
1909	1909	-2
1910	1910	-2
1911	1911	2
1912	1912	2
1913	1913	2
1914	1914	-2
1915	1915	-2
1916	1916	2
1917	1917	2
1918	1918	-2
1919	1919	-2
1920	1920	2
1921	1921	2
1922	1922	2
1923	1923	-2
1924	1924	-2
1925	1925	2
1926	1926	2
1927	1927	-2
1928	1928	-2
1929	1929	-2
1930	1930	2
1931	1931	2
1932	1932	-2
1933	1933	2
1934	1934	-2
1935	1935	-2
1936	1936	-2
1937	1937	2
1938	1938	-2
1939	1939	2
1940	1940	2
1941	1941	-2
1942	1942	2
1943	1943	2
1944	1944	-2
1945	1945	2
1946	1946	2
1947	1947	2
1948	1948	2
1949	1949	2
1950	1950	2
1951	1951	2
1952	1952	2
1953	1953	2
1954	1954	-2
1955	1955	2
1956	1956	2
1957	1957	2
1958	1958	2
1959	1959	2
1960	1960	2
1961	1961	-2
1962	1962	-2
1963	1963	-2
1964	1964	2
1965	1965	2
1966	1966	-2
1967	1967	-2
1968	1968	2
1969	1969	-2
1970	1970	2
1971	1971	-2
1972	1972	-2
1973	1973	2
1974	1974	2
1975	1975	-2
1976	1976	2
1977	1977	2
1978	1978	-2
1979	1979	2
1980	1980	-2
1981	1981	-2
1982	1982	-2
1983	1983	2
1984	1984	2
1985	1985	-2
1986	1986	-2
1987	1987	2
1988	1988	2
1989	1989	-2
1990	1990	-2
1991	1991	2
1992	1992	2
1993	1993	2
1994	1994	-2
1995	1995	-2
1996	1996	2
1997	1997	-2
1998	1998	-2
1999	1999	-2
2000	2000	-2
2001	2001	-2
2002	2002	-2
2003	2003	-2
2004	2004	2
2005	2005	-2
2006	2006	-2
2007	2007	2
2008	2008	-2
2009	2009	-2
2010	2010	2
2011	2011	-2
2012	2012	2
2013	2013	2
2014	2014	2
2015	2015	2
2016	2016	-2
2017	2017	-2
2018	2018	-2
2019	2019	-2
2020	2020	-2
2021	2021	2
2022	2022	2
2023	2023	-2
2024	2024	2
2025	2025	-2
2026	2026	2
2027	2027	-2
2028	2028	2
2029	2029	-2
2030	2030	2
2031	2031	2
2032	2032	-2
2033	2033	2
2034	2034	2
2035	2035	2
2036	2036	-2
2037	2037	-2
2038	2038	-2
2039	2039	2
2040	2040	2
2041	2041	2
2042	2042	-2
2043	2043	2
2044	2044	2
2045	2045	2
2046	2046	-2
2047	2047	2
2048	2048	2
1	44	1
1	315	1
1	448	1
1	474	1
1	509	1
1	631	1
1	1377	2
1	1878	2
1	1959	-2
2	19	1
2	497	1
2	617	1
2	715	1
2	735	1
2	1017	1
2	1466	2
2	1786	-2
2	1962	-2
3	229	1
3	291	1
3	534	1
3	613	1
3	938	1
3	957	1
3	1111	-2
3	1115	-2
3	1927	2
4	58	1
4	102	1
4	157	1
4	471	1
4	522	1
4	936	1
4	1230	2
4	1353	2
4	1951	2
5	185	1
5	294	1
5	300	1
5	341	1
5	978	1
5	1019	1
5	1795	-2
5	1956	-2
5	2042	2
6	285	1
6	623	1
6	634	1
6	790	1
6	811	1
6	931	1
6	1040	-2
6	1450	-2
6	1523	2
7	172	1
7	247	1
7	248	1
7	256	1
7	488	1
7	767	1
7	1219	-2
7	1479	2
7	1734	-2
8	49	1
8	312	1
8	346	1
8	387	1
8	466	1
8	582	1
8	1373	-2
8	1712	-2
8	1930	2
9	136	1
9	158	1
9	258	1
9	387	1
9	412	1
9	564	1
9	1215	-2
9	1367	-2
9	1607	-2
10	105	1
10	263	1
10	274	1
10	516	1
10	626	1
10	750	1
10	1547	2
10	1730	-2
10	1893	2
11	134	1
11	243	1
11	302	1
11	325	1
11	410	1
11	528	1
11	1029	2
11	1196	2
11	1437	2
12	300	1
12	338	1
12	504	1
12	563	1
12	667	1
12	888	1
12	1238	-2
12	1543	2
12	1639	-2
13	119	1
13	130	1
13	299	1
13	425	1
13	493	1
13	509	1
13	1104	-2
13	1583	-2
13	1917	-2
14	128	1
14	188	1
14	385	1
14	593	1
14	937	1
14	1014	1
14	1801	2
14	1852	-2
14	2021	2
15	222	1
15	328	1
15	665	1
15	884	1
15	949	1
15	963	1
15	1549	2
15	1717	-2
15	1950	2
16	94	1
16	436	1
16	490	1
16	555	1
16	672	1
16	709	1
16	1224	2
16	1855	-2
16	1895	-2
17	79	1
17	293	1
17	440	1
17	452	1
17	598	1
17	608	1
17	1103	2
17	1665	-2
17	1833	2
18	25	1
18	250	1
18	582	1
18	621	1
18	867	1
18	917	1
18	1047	2
18	1254	2
18	1848	-2
19	255	1
19	419	1
19	467	1
19	617	1
19	727	1
19	1592	-2
19	1786	-2
19	1834	-2
20	174	1
20	298	1
20	371	1
20	407	1
20	611	1
20	988	1
20	1053	2
20	1329	-2
20	1402	2
21	23	1
21	585	1
21	638	1
21	678	1
21	935	1
21	956	1
21	1136	2
21	1772	2
21	1979	2
22	648	1
22	657	1
22	689	1
22	701	1
22	715	1
22	764	1
22	1186	-2
22	1375	2
22	1755	2
23	473	1
23	514	1
23	638	1
23	761	1
23	1020	1
23	1582	2
23	1976	2
23	1979	2
24	169	1
24	310	1
24	569	1
24	911	1
24	922	1
24	974	1
24	1152	2
24	1171	-2
24	1589	-2
25	250	1
25	318	1
25	609	1
25	800	1
25	825	1
25	1047	2
25	1067	-2
25	1677	-2
26	532	1
26	537	1
26	589	1
26	684	1
26	759	1
26	996	1
26	1483	2
26	1808	2
26	1915	-2
27	64	1
27	181	1
27	371	1
27	813	1
27	870	1
27	980	1
27	1338	-2
27	1453	-2
27	1630	-2
28	90	1
28	162	1
28	499	1
28	609	1
28	643	1
28	912	1
28	1233	-2
28	1741	-2
28	1759	-2
29	153	1
29	364	1
29	603	1
29	618	1
29	676	1
29	749	1
29	1352	-2
29	1876	2
29	1904	-2
30	477	1
30	479	1
30	633	1
30	846	1
30	872	1
30	874	1
30	1048	2
30	1175	-2
30	1262	-2
31	165	1
31	429	1
31	483	1
31	548	1
31	595	1
31	734	1
31	1309	2
31	1426	2
31	1481	2
32	129	1
32	295	1
32	322	1
32	345	1
32	380	1
32	541	1
32	1077	-2
32	1086	2
32	1382	2
33	445	1
33	511	1
33	528	1
33	641	1
33	852	1
33	930	1
33	1159	2
33	1299	-2
33	1935	2
34	93	1
34	317	1
34	733	1
34	782	1
34	811	1
34	1001	1
34	1176	2
34	1454	2
34	1771	-2
35	280	1
35	432	1
35	446	1
35	928	1
35	998	1
35	1023	1
35	1303	-2
35	1411	-2
35	1863	-2
36	47	1
36	160	1
36	189	1
36	261	1
36	418	1
36	832	1
36	1074	-2
36	1473	2
36	1942	-2
37	74	1
37	350	1
37	386	1
37	432	1
37	533	1
37	710	1
37	1432	-2
37	1609	-2
37	1704	2
38	161	1
38	196	1
38	614	1
38	778	1
38	845	1
38	933	1
38	1035	2
38	1655	2
38	1751	-2
39	107	1
39	154	1
39	396	1
39	659	1
39	684	1
39	980	1
39	1168	2
39	1222	-2
39	1969	2
40	44	1
40	59	1
40	78	1
40	239	1
40	501	1
40	509	1
40	1566	-2
40	1593	-2
40	1784	-2
41	101	1
41	330	1
41	354	1
41	538	1
41	836	1
41	1004	1
41	1424	-2
41	1544	-2
41	1881	-2
42	136	1
42	398	1
42	492	1
42	523	1
42	591	1
42	843	1
42	1516	2
42	1518	-2
42	1684	2
43	71	1
43	155	1
43	235	1
43	348	1
43	382	1
43	856	1
43	1467	-2
43	1468	-2
43	2018	2
44	402	1
44	501	1
44	586	1
44	631	1
44	1377	2
44	1566	-2
44	1973	-2
45	50	1
45	315	1
45	321	1
45	366	1
45	538	1
45	771	1
45	1131	2
45	1687	-2
45	1731	-2
46	330	1
46	362	1
46	399	1
46	507	1
46	556	1
46	724	1
46	1685	-2
46	1735	2
46	1838	2
47	159	1
47	249	1
47	418	1
47	502	1
47	531	1
47	1074	-2
47	1388	-2
47	1501	2
48	58	1
48	369	1
48	650	1
48	737	1
48	950	1
48	955	1
48	1557	-2
48	1657	-2
48	1929	-2
49	98	1
49	148	1
49	466	1
49	607	1
49	874	1
49	1601	-2
49	1667	2
49	1930	2
50	321	1
50	356	1
50	876	1
50	997	1
50	999	1
50	1636	2
50	1687	-2
50	1815	2
51	221	1
51	252	1
51	383	1
51	552	1
51	790	1
51	883	1
51	1550	2
51	1710	2
51	1723	-2
52	73	1
52	421	1
52	475	1
52	573	1
52	672	1
52	819	1
52	1422	2
52	1455	2
52	1631	-2
53	179	1
53	206	1
53	293	1
53	381	1
53	544	1
53	860	1
53	1046	2
53	1089	2
53	1791	2
54	65	1
54	251	1
54	654	1
54	712	1
54	776	1
54	968	1
54	1133	-2
54	1211	2
54	1980	2
55	104	1
55	106	1
55	224	1
55	291	1
55	686	1
55	710	1
55	1143	-2
55	1715	2
55	1836	2
56	81	1
56	180	1
56	395	1
56	546	1
56	603	1
56	718	1
56	1032	-2
56	1567	2
56	1798	2
57	77	1
57	531	1
57	532	1
57	560	1
57	871	1
57	982	1
57	1120	-2
57	1290	-2
57	1386	2
58	157	1
58	272	1
58	624	1
58	650	1
58	1255	2
58	1353	2
58	1929	-2
59	225	1
59	239	1
59	809	1
59	841	1
59	903	1
59	1416	-2
59	1784	-2
59	2045	-2
60	178	1
60	204	1
60	214	1
60	535	1
60	632	1
60	980	1
60	1436	2
60	1894	-2
60	1952	-2
61	63	1
61	113	1
61	212	1
61	366	1
61	536	1
61	557	1
61	1232	2
61	1341	-2
61	1946	2
62	320	1
62	418	1
62	421	1
62	882	1
62	898	1
62	949	1
62	1328	-2
62	1799	-2
62	1804	-2
63	113	1
63	303	1
63	559	1
63	666	1
63	685	1
63	1276	2
63	1341	-2
63	1447	2
64	116	1
64	207	1
64	577	1
64	638	1
64	980	1
64	1560	2
64	1630	-2
64	1857	-2
65	118	1
65	291	1
65	703	1
65	776	1
65	956	1
65	1076	2
65	1579	2
65	1980	2
66	240	1
66	484	1
66	496	1
66	558	1
66	606	1
66	706	1
66	1472	2
66	1546	-2
66	1812	2
67	168	1
67	182	1
67	208	1
67	400	1
67	522	1
67	667	1
67	1331	-2
67	1866	2
67	1867	2
68	477	1
68	595	1
68	702	1
68	795	1
68	808	1
68	883	1
68	1137	-2
68	1285	-2
68	1575	2
69	147	1
69	260	1
69	554	1
69	914	1
69	961	1
69	965	1
69	1041	2
69	1493	2
69	1767	2
70	89	1
70	521	1
70	583	1
70	781	1
70	950	1
70	1010	1
70	1108	2
70	1169	-2
70	1243	2
71	165	1
71	544	1
71	856	1
71	973	1
71	974	1
71	1201	-2
71	1468	-2
71	1910	2
72	133	1
72	145	1
72	211	1
72	331	1
72	899	1
72	915	1
72	1394	2
72	1945	2
72	1967	-2
73	330	1
73	421	1
73	541	1
73	672	1
73	748	1
73	1392	2
73	1422	2
73	1825	2
74	85	1
74	140	1
74	710	1
74	960	1
74	989	1
74	1432	-2
74	1448	2
74	1739	2
75	117	1
75	202	1
75	520	1
75	671	1
75	758	1
75	895	1
75	1506	2
75	1873	-2
75	1936	2
76	210	1
76	341	1
76	805	1
76	865	1
76	952	1
76	973	1
76	1160	2
76	1843	-2
76	1872	-2
77	372	1
77	541	1
77	549	1
77	560	1
77	605	1
77	1059	-2
77	1290	-2
77	1762	-2
78	158	1
78	415	1
78	458	1
78	509	1
78	619	1
78	1591	-2
78	1593	-2
78	1806	2
79	91	1
79	113	1
79	293	1
79	430	1
79	886	1
79	1202	-2
79	1298	2
79	1833	2
80	282	1
80	283	1
80	755	1
80	835	1
80	897	1
80	991	1
80	1555	2
80	1611	-2
80	2026	2
81	395	1
81	534	1
81	565	1
81	624	1
81	1021	1
81	1082	-2
81	1383	-2
81	1567	2
82	166	1
82	384	1
82	503	1
82	550	1
82	679	1
82	973	1
82	1446	2
82	1674	2
82	2029	-2
83	214	1
83	408	1
83	560	1
83	706	1
83	794	1
83	915	1
83	1185	2
83	1225	2
83	1928	-2
84	123	1
84	415	1
84	592	1
84	728	1
84	766	1
84	916	1
84	1433	-2
84	1874	-2
84	1996	-2
85	239	1
85	851	1
85	924	1
85	960	1
85	1009	1
85	1226	2
85	1356	-2
85	1448	2
86	170	1
86	238	1
86	286	1
86	450	1
86	503	1
86	814	1
86	1213	2
86	1511	2
86	1577	2
87	215	1
87	278	1
87	374	1
87	380	1
87	497	1
87	653	1
87	1502	2
87	1776	-2
87	1830	-2
88	131	1
88	141	1
88	142	1
88	200	1
88	337	1
88	527	1
88	1236	-2
88	1308	2
88	1425	-2
89	506	1
89	573	1
89	872	1
89	971	1
89	1010	1
89	1169	-2
89	1634	2
89	1713	-2
90	167	1
90	499	1
90	832	1
90	924	1
90	1020	1
90	1156	2
90	1759	-2
90	2007	-2
91	113	1
91	565	1
91	749	1
91	947	1
91	950	1
91	1062	2
91	1298	2
91	1585	-2
92	340	1
92	388	1
92	581	1
92	646	1
92	673	1
92	712	1
92	1036	-2
92	1507	2
92	1780	2
93	234	1
93	637	1
93	840	1
93	907	1
93	1001	1
93	1078	-2
93	1176	2
93	1345	-2
94	370	1
94	709	1
94	740	1
94	868	1
94	960	1
94	1155	2
94	1259	-2
94	1895	-2
95	270	1
95	513	1
95	850	1
95	852	1
95	858	1
95	859	1
95	1618	2
95	1659	2
95	1971	2
96	296	1
96	320	1
96	321	1
96	408	1
96	918	1
96	947	1
96	1270	2
96	1847	2
96	2027	-2
97	145	1
97	220	1
97	275	1
97	319	1
97	373	1
97	442	1
97	1306	2
97	1378	-2
97	1478	-2
98	148	1
98	720	1
98	748	1
98	770	1
98	831	1
98	1637	-2
98	1667	2
98	1747	-2
99	117	1
99	383	1
99	504	1
99	847	1
99	860	1
99	879	1
99	1325	2
99	1698	-2
99	1963	-2
100	110	1
100	132	1
100	413	1
100	661	1
100	768	1
100	833	1
100	1545	-2
100	1621	2
100	1968	2
101	516	1
101	517	1
101	631	1
101	729	1
101	1004	1
101	1038	-2
101	1316	2
101	1881	-2
102	746	1
102	774	1
102	791	1
102	936	1
102	945	1
102	1216	2
102	1230	2
102	1790	-2
103	185	1
103	193	1
103	607	1
103	653	1
103	736	1
103	860	1
103	1099	2
103	1261	-2
103	1584	2
104	120	1
104	193	1
104	710	1
104	802	1
104	932	1
104	1465	-2
104	1715	2
104	1728	-2
105	171	1
105	319	1
105	537	1
105	626	1
105	636	1
105	1359	2
105	1822	2
105	1893	2
106	271	1
106	291	1
106	329	1
106	602	1
106	605	1
106	1071	2
106	1143	-2
106	1405	-2
107	154	1
107	361	1
107	467	1
107	985	1
107	1017	1
107	1073	2
107	1168	2
107	1189	2
108	459	1
108	579	1
108	663	1
108	713	1
108	773	1
108	923	1
108	1742	2
108	1862	-2
108	1949	-2
109	231	1
109	308	1
109	423	1
109	721	1
109	801	1
109	1022	1
109	1221	2
109	1476	2
109	1733	2
110	132	1
110	329	1
110	435	1
110	481	1
110	485	1
110	1621	2
110	1661	2
110	1706	2
111	217	1
111	393	1
111	483	1
111	774	1
111	848	1
111	903	1
111	1565	2
111	1958	-2
111	2044	-2
112	138	1
112	412	1
112	793	1
112	889	1
112	937	1
112	961	1
112	1095	-2
112	1429	-2
112	1451	2
113	240	1
113	731	1
113	1298	2
113	1341	-2
113	1871	-2
114	223	1
114	433	1
114	554	1
114	670	1
114	874	1
114	894	1
114	1043	-2
114	1462	-2
114	1856	-2
115	181	1
115	219	1
115	287	1
115	378	1
115	550	1
115	897	1
115	1410	-2
115	1480	2
115	1485	2
116	427	1
116	577	1
116	829	1
116	945	1
116	991	1
116	1197	-2
116	1700	-2
116	1857	-2
117	150	1
117	335	1
117	671	1
117	879	1
117	1936	2
117	1963	-2
117	2036	-2
118	194	1
118	443	1
118	503	1
118	703	1
118	999	1
118	1318	-2
118	1579	2
118	1886	2
119	129	1
119	197	1
119	425	1
119	572	1
119	627	1
119	1242	-2
119	1471	2
119	1583	-2
120	152	1
120	371	1
120	392	1
120	463	1
120	802	1
120	1212	-2
120	1465	-2
120	1777	-2
121	342	1
121	416	1
121	532	1
121	675	1
121	741	1
121	827	1
121	1288	-2
121	1683	2
121	2030	-2
122	179	1
122	292	1
122	564	1
122	875	1
122	934	1
122	982	1
122	1183	2
122	1403	-2
122	2046	2
123	455	1
123	600	1
123	704	1
123	765	1
123	766	1
123	1401	-2
123	1996	-2
123	2019	-2
124	127	1
124	292	1
124	334	1
124	396	1
124	471	1
124	476	1
124	1121	-2
124	1150	-2
124	1573	2
125	168	1
125	231	1
125	274	1
125	444	1
125	761	1
125	787	1
125	1070	2
125	1327	-2
125	1522	-2
126	386	1
126	462	1
126	615	1
126	634	1
126	821	1
126	925	1
126	1116	-2
126	1417	-2
126	1654	2
127	465	1
127	471	1
127	714	1
127	826	1
127	935	1
127	1121	-2
127	1491	-2
127	1587	2
128	245	1
128	342	1
128	830	1
128	889	1
128	937	1
128	1598	-2
128	1801	2
128	1972	2
129	185	1
129	322	1
129	339	1
129	627	1
129	1077	-2
129	1242	-2
129	2013	-2
130	164	1
130	269	1
130	493	1
130	530	1
130	536	1
130	1104	-2
130	1779	-2
130	2047	-2
131	276	1
131	293	1
131	294	1
131	527	1
131	548	1
131	1308	2
131	1333	-2
131	1490	-2
132	248	1
132	373	1
132	378	1
132	1010	1
132	1293	2
132	1509	2
132	1621	2
133	391	1
133	470	1
133	531	1
133	656	1
133	899	1
133	1394	2
133	1839	-2
133	1921	-2
134	278	1
134	302	1
134	370	1
134	576	1
134	745	1
134	1196	2
134	1428	2
134	1430	2
135	491	1
135	690	1
135	701	1
135	852	1
135	906	1
135	963	1
135	1368	-2
135	1477	2
135	1588	2
136	345	1
136	387	1
136	526	1
136	591	1
136	1367	-2
136	1684	2
136	2016	-2
137	205	1
137	257	1
137	642	1
137	812	1
137	849	1
137	999	1
137	1280	-2
137	1569	2
137	2000	2
138	297	1
138	412	1
138	615	1
138	687	1
138	751	1
138	1429	-2
138	1504	-2
138	1633	-2
139	160	1
139	200	1
139	309	1
139	507	1
139	671	1
139	912	1
139	1532	2
139	1756	2
139	1944	2
140	186	1
140	301	1
140	342	1
140	904	1
140	989	1
140	1431	2
140	1515	-2
140	1739	2
141	157	1
141	297	1
141	337	1
141	349	1
141	933	1
141	1425	-2
141	1988	2
141	2003	2
142	200	1
142	372	1
142	524	1
142	785	1
142	853	1
142	1138	2
142	1236	-2
142	1399	2
143	674	1
143	695	1
143	740	1
143	765	1
143	823	1
143	885	1
143	1037	2
143	1435	-2
143	1727	2
144	334	1
144	434	1
144	752	1
144	771	1
144	833	1
144	930	1
144	1223	2
144	1643	-2
144	1708	-2
145	331	1
145	410	1
145	442	1
145	905	1
145	1378	-2
145	1934	-2
145	1945	2
146	257	1
146	311	1
146	561	1
146	744	1
146	861	1
146	896	1
146	1042	-2
146	1419	-2
146	1725	2
147	170	1
147	457	1
147	477	1
147	887	1
147	961	1
147	1596	2
147	1767	2
147	1888	-2
148	478	1
148	678	1
148	718	1
148	970	1
148	1632	-2
148	1667	2
148	1920	2
149	177	1
149	229	1
149	518	1
149	742	1
149	910	1
149	936	1
149	1745	-2
149	1793	-2
149	1870	-2
150	335	1
150	353	1
150	547	1
150	776	1
150	1013	1
150	1266	2
150	1348	-2
150	2036	-2
151	177	1
151	517	1
151	683	1
151	828	1
151	877	1
151	984	1
151	1335	2
151	1721	-2
151	1900	-2
152	153	1
152	371	1
152	463	1
152	682	1
152	749	1
152	1212	-2
152	1496	2
152	1645	-2
153	463	1
153	556	1
153	596	1
153	618	1
153	1496	2
153	1802	-2
153	1904	-2
154	385	1
154	450	1
154	487	1
154	529	1
154	1168	2
154	1638	2
154	1889	2
155	348	1
155	701	1
155	839	1
155	954	1
155	970	1
155	1842	2
155	1954	2
155	2018	2
156	220	1
156	428	1
156	578	1
156	613	1
156	656	1
156	775	1
156	1200	-2
156	1398	2
156	1729	-2
157	349	1
157	675	1
157	719	1
157	1260	2
157	1353	2
157	2003	2
158	397	1
158	415	1
158	564	1
158	971	1
158	1607	-2
158	1792	-2
158	1806	2
159	286	1
159	405	1
159	502	1
159	938	1
159	988	1
159	1501	2
159	1503	2
159	1548	-2
160	309	1
160	451	1
160	682	1
160	832	1
160	1119	2
160	1532	2
160	1942	-2
161	196	1
161	428	1
161	574	1
161	626	1
161	952	1
161	1035	2
161	1749	-2
161	1941	2
162	232	1
162	253	1
162	629	1
162	912	1
162	942	1
162	1102	-2
162	1106	-2
162	1741	-2
163	262	1
163	377	1
163	389	1
163	803	1
163	816	1
163	862	1
163	1144	2
163	1623	2
163	1902	-2
164	244	1
164	536	1
164	629	1
164	796	1
164	841	1
164	1366	-2
164	1779	-2
164	2041	2
165	362	1
165	595	1
165	838	1
165	974	1
165	1201	-2
165	1481	2
165	1595	-2
166	316	1
166	648	1
166	790	1
166	862	1
166	973	1
166	1884	2
166	1978	2
166	2029	-2
167	284	1
167	310	1
167	640	1
167	842	1
167	924	1
167	1156	2
167	1166	2
167	1188	2
168	208	1
168	305	1
168	420	1
168	444	1
168	1327	-2
168	1441	2
168	1866	2
169	188	1
169	211	1
169	213	1
169	593	1
169	911	1
169	1152	2
169	1357	2
169	1642	2
170	478	1
170	814	1
170	887	1
170	1020	1
170	1312	2
170	1577	2
170	1888	-2
171	311	1
171	457	1
171	537	1
171	578	1
171	954	1
171	1025	-2
171	1057	2
171	1359	2
172	240	1
172	256	1
172	598	1
172	844	1
172	1013	1
172	1734	-2
172	1774	2
172	1846	-2
173	239	1
173	246	1
173	556	1
173	599	1
173	617	1
173	983	1
173	1344	2
173	1414	2
173	1990	2
174	371	1
174	408	1
174	414	1
174	650	1
174	746	1
174	1105	-2
174	1329	-2
174	1610	2
175	176	1
175	322	1
175	405	1
175	438	1
175	444	1
175	798	1
175	1754	2
175	1844	2
175	1906	-2
176	438	1
176	456	1
176	581	1
176	794	1
176	848	1
176	1844	2
176	1914	2
176	1997	-2
177	434	1
177	517	1
177	766	1
177	936	1
177	1721	-2
177	1770	-2
177	1870	-2
178	394	1
178	620	1
178	632	1
178	635	1
178	866	1
178	1088	2
178	1436	2
178	1534	-2
179	206	1
179	292	1
179	496	1
179	783	1
179	1046	2
179	1114	-2
179	1403	-2
180	216	1
180	700	1
180	718	1
180	721	1
180	783	1
180	1032	-2
180	1190	-2
180	1932	-2
181	287	1
181	365	1
181	813	1
181	862	1
181	1334	2
181	1410	-2
181	1453	-2
182	400	1
182	649	1
182	661	1
182	796	1
182	878	1
182	1322	-2
182	1867	2
182	1981	-2
183	449	1
183	571	1
183	623	1
183	689	1
183	690	1
183	994	1
183	1125	-2
183	1608	2
183	1675	-2
184	366	1
184	547	1
184	596	1
184	690	1
184	763	1
184	768	1
184	1527	2
184	1811	-2
184	1977	-2
185	339	1
185	341	1
185	607	1
185	1584	2
185	2013	-2
185	2042	2
186	277	1
186	301	1
186	385	1
186	723	1
186	820	1
186	1431	2
186	1695	-2
186	1998	-2
187	416	1
187	454	1
187	469	1
187	489	1
187	917	1
187	933	1
187	1039	2
187	1499	-2
187	1907	-2
188	265	1
188	579	1
188	593	1
188	1014	1
188	1458	-2
188	1642	2
188	1852	-2
189	261	1
189	360	1
189	610	1
189	896	1
189	912	1
189	1407	-2
189	1473	2
189	1716	-2
190	223	1
190	266	1
190	278	1
190	336	1
190	357	1
190	470	1
190	1031	2
190	1145	2
190	1438	2
191	213	1
191	359	1
191	406	1
191	540	1
191	774	1
191	1000	1
191	1214	2
191	1492	-2
191	1530	-2
192	275	1
192	336	1
192	440	1
192	709	1
192	744	1
192	747	1
192	1101	-2
192	1470	-2
192	2004	-2
193	200	1
193	653	1
193	755	1
193	932	1
193	1099	2
193	1184	2
193	1728	-2
194	255	1
194	443	1
194	641	1
194	763	1
194	905	1
194	1879	-2
194	1886	2
194	1919	-2
195	304	1
195	676	1
195	740	1
195	766	1
195	823	1
195	939	1
195	1181	2
195	1423	-2
195	1965	2
196	474	1
196	528	1
196	687	1
196	953	1
196	1035	2
196	1220	-2
196	1719	2
197	222	1
197	397	1
197	572	1
197	831	1
197	893	1
197	1244	2
197	1267	-2
197	1471	2
198	333	1
198	711	1
198	802	1
198	853	1
198	938	1
198	986	1
198	1291	2
198	1626	2
198	1782	2
199	228	1
199	426	1
199	512	1
199	881	1
199	966	1
199	989	1
199	1110	-2
199	1173	-2
199	1204	2
200	507	1
200	755	1
200	1184	2
200	1236	-2
200	1756	2
201	364	1
201	851	1
201	913	1
201	921	1
201	952	1
201	961	1
201	1092	-2
201	1541	-2
201	1768	2
202	587	1
202	597	1
202	599	1
202	653	1
202	895	1
202	1415	-2
202	1653	-2
202	1873	-2
203	208	1
203	317	1
203	437	1
203	494	1
203	768	1
203	940	1
203	1163	2
203	1489	-2
203	1992	2
204	249	1
204	535	1
204	586	1
204	789	1
204	960	1
204	1272	-2
204	1952	-2
204	2023	-2
205	281	1
205	456	1
205	505	1
205	670	1
205	812	1
205	1569	2
205	1681	-2
205	1740	-2
206	234	1
206	828	1
206	868	1
206	895	1
206	1046	2
206	1326	-2
206	1765	2
207	638	1
207	773	1
207	875	1
207	879	1
207	895	1
207	1560	2
207	1673	2
207	1752	-2
208	372	1
208	542	1
208	940	1
208	1662	-2
208	1866	2
208	1992	2
209	337	1
209	426	1
209	625	1
209	751	1
209	760	1
209	911	1
209	1350	2
209	1531	-2
209	1837	2
210	324	1
210	865	1
210	997	1
210	1008	1
210	1018	1
210	1112	2
210	1160	2
210	1620	-2
211	213	1
211	305	1
211	915	1
211	1024	1
211	1357	2
211	1379	-2
211	1967	-2
212	536	1
212	618	1
212	622	1
212	823	1
212	983	1
212	1232	2
212	1281	-2
212	1580	2
213	540	1
213	638	1
213	880	1
213	1357	2
213	1492	-2
213	1635	-2
214	560	1
214	756	1
214	807	1
214	980	1
214	1369	-2
214	1894	-2
214	1928	-2
215	380	1
215	447	1
215	520	1
215	579	1
215	955	1
215	1124	2
215	1502	2
215	1960	-2
216	485	1
216	502	1
216	658	1
216	741	1
216	783	1
216	1420	-2
216	1932	-2
216	2001	2
217	339	1
217	483	1
217	636	1
217	686	1
217	857	1
217	1513	-2
217	1705	-2
217	1958	-2
218	318	1
218	352	1
218	486	1
218	612	1
218	718	1
218	939	1
218	1069	2
218	1647	2
218	1989	-2
219	272	1
219	680	1
219	719	1
219	804	1
219	897	1
219	1044	2
219	1393	2
219	1485	2
220	242	1
220	303	1
220	319	1
220	578	1
220	1478	-2
220	1729	-2
220	1750	2
221	252	1
221	425	1
221	592	1
221	714	1
221	898	1
221	1581	2
221	1641	-2
221	1723	-2
222	397	1
222	424	1
222	492	1
222	884	1
222	1264	-2
222	1267	-2
222	1950	2
223	336	1
223	553	1
223	738	1
223	894	1
223	1031	2
223	1462	-2
223	1703	2
224	395	1
224	614	1
224	626	1
224	686	1
224	923	1
224	1265	-2
224	1836	2
224	2038	-2
225	547	1
225	809	1
225	901	1
225	926	1
225	944	1
225	1081	-2
225	1487	-2
225	2045	-2
226	237	1
226	266	1
226	425	1
226	469	1
226	551	1
226	972	1
226	1228	2
226	1400	2
226	1597	2
227	313	1
227	340	1
227	637	1
227	859	1
227	904	1
227	990	1
227	1263	-2
227	1517	-2
227	1538	-2
228	426	1
228	498	1
228	708	1
228	995	1
228	1001	1
228	1204	2
228	1310	-2
228	1482	-2
229	264	1
229	518	1
229	534	1
229	625	1
229	1111	-2
229	1287	-2
229	1793	-2
230	313	1
230	403	1
230	404	1
230	428	1
230	716	1
230	795	1
230	1098	-2
230	1187	-2
230	1512	-2
231	308	1
231	570	1
231	761	1
231	965	1
231	1302	-2
231	1476	2
231	1522	-2
232	253	1
232	377	1
232	558	1
232	962	1
232	970	1
232	1106	-2
232	1669	2
232	1732	-2
233	268	1
233	273	1
233	566	1
233	758	1
233	838	1
233	1000	1
233	1362	-2
233	1760	2
233	1773	2
234	818	1
234	895	1
234	907	1
234	1017	1
234	1078	-2
234	1640	-2
234	1765	2
235	279	1
235	382	1
235	737	1
235	927	1
235	942	1
235	1066	-2
235	1467	-2
235	2020	2
236	285	1
236	530	1
236	577	1
236	651	1
236	716	1
236	730	1
236	1100	2
236	1686	-2
236	2039	2
237	289	1
237	368	1
237	409	1
237	507	1
237	551	1
237	1061	2
237	1228	2
237	1250	-2
238	324	1
238	450	1
238	679	1
238	770	1
238	883	1
238	1135	2
238	1217	-2
238	1511	2
239	556	1
239	851	1
239	1226	2
239	1414	2
239	1784	-2
240	558	1
240	598	1
240	731	1
240	1546	-2
240	1846	-2
240	1871	-2
241	495	1
241	508	1
241	604	1
241	693	1
241	736	1
241	762	1
241	1127	-2
241	1142	-2
241	1151	2
242	303	1
242	359	1
242	472	1
242	644	1
242	792	1
242	1340	-2
242	1750	2
242	1828	2
243	275	1
243	409	1
243	528	1
243	688	1
243	821	1
243	1029	2
243	1337	2
243	1769	2
244	511	1
244	629	1
244	711	1
244	876	1
244	886	1
244	1366	-2
244	1781	-2
244	1875	2
245	493	1
245	510	1
245	788	1
245	830	1
245	1012	1
245	1598	-2
245	1807	2
245	1994	2
246	539	1
246	599	1
246	747	1
246	786	1
246	822	1
246	1656	-2
246	1809	-2
246	1990	2
247	248	1
247	318	1
247	510	1
247	613	1
247	1008	1
247	1219	-2
247	1363	-2
247	1606	-2
248	265	1
248	373	1
248	705	1
248	1219	-2
248	1509	2
248	1616	-2
249	348	1
249	531	1
249	586	1
249	590	1
249	1272	-2
249	1388	-2
249	1554	-2
250	279	1
250	465	1
250	540	1
250	928	1
250	1047	2
250	1559	-2
250	1985	-2
251	390	1
251	530	1
251	752	1
251	817	1
251	968	1
251	1133	-2
251	1736	-2
251	1766	2
252	343	1
252	620	1
252	682	1
252	857	1
252	1049	2
252	1723	-2
252	2006	2
253	448	1
253	635	1
253	866	1
253	893	1
253	1028	2
253	1106	-2
253	1720	2
254	376	1
254	519	1
254	615	1
254	712	1
254	899	1
254	992	1
254	1278	2
254	1494	2
254	1778	2
255	419	1
255	527	1
255	760	1
255	763	1
255	1619	2
255	1834	-2
255	1879	-2
256	470	1
256	784	1
256	796	1
256	917	1
256	1602	-2
256	1670	2
256	1734	-2
257	311	1
257	642	1
257	677	1
257	805	1
257	1725	2
257	1832	-2
257	2000	2
258	412	1
258	566	1
258	755	1
258	926	1
258	965	1
258	1117	2
258	1215	-2
258	1650	-2
259	401	1
259	403	1
259	610	1
259	669	1
259	813	1
259	894	1
259	1208	-2
259	1376	-2
259	1711	-2
260	338	1
260	810	1
260	954	1
260	965	1
260	1022	1
260	1041	2
260	1080	-2
260	1726	2
261	351	1
261	571	1
261	742	1
261	977	1
261	1084	-2
261	1141	-2
261	1473	2
262	316	1
262	417	1
262	803	1
262	882	1
262	888	1
262	1349	2
262	1623	2
262	1796	2
263	274	1
263	375	1
263	393	1
263	500	1
263	927	1
263	1146	2
263	1730	-2
263	1898	-2
264	431	1
264	520	1
264	625	1
264	627	1
264	910	1
264	1287	-2
264	1469	2
264	1540	-2
265	490	1
265	579	1
265	637	1
265	705	1
265	1458	-2
265	1616	-2
265	1868	2
266	278	1
266	708	1
266	829	1
266	972	1
266	1091	-2
266	1145	2
266	1400	2
267	333	1
267	497	1
267	505	1
267	797	1
267	817	1
267	986	1
267	1148	-2
267	1279	2
267	1991	2
268	273	1
268	681	1
268	745	1
268	825	1
268	899	1
268	1343	2
268	1763	2
268	1773	2
269	486	1
269	530	1
269	606	1
269	697	1
269	900	1
269	1055	-2
269	1459	2
269	2047	-2
270	384	1
270	402	1
270	564	1
270	801	1
270	858	1
270	1452	-2
270	1905	2
270	1971	2
271	391	1
271	605	1
271	633	1
271	635	1
271	881	1
271	1071	2
271	1570	-2
271	2025	2
272	480	1
272	624	1
272	719	1
272	855	1
272	1255	2
272	1393	2
272	1880	-2
273	684	1
273	714	1
273	869	1
273	931	1
273	1209	-2
273	1286	2
273	1773	2
274	356	1
274	787	1
274	984	1
274	1070	2
274	1730	-2
274	2014	2
275	373	1
275	747	1
275	821	1
275	1306	2
275	1769	2
275	2004	-2
276	294	1
276	390	1
276	743	1
276	906	1
276	920	1
276	1333	-2
276	1336	2
276	1800	-2
277	284	1
277	631	1
277	746	1
277	820	1
277	966	1
277	1434	-2
277	1692	-2
277	1998	-2
278	653	1
278	745	1
278	1145	2
278	1428	2
278	1776	-2
279	540	1
279	700	1
279	928	1
279	942	1
279	1066	-2
279	1118	2
279	1559	-2
280	498	1
280	571	1
280	606	1
280	621	1
280	998	1
280	1107	2
280	1165	2
280	1863	-2
281	284	1
281	456	1
281	586	1
281	871	1
281	1023	1
281	1572	2
281	1740	-2
281	1993	2
282	283	1
282	753	1
282	783	1
282	837	1
282	887	1
282	1724	2
282	1916	2
282	2026	2
283	521	1
283	610	1
283	655	1
283	802	1
283	1237	-2
283	1899	2
283	2026	2
284	310	1
284	586	1
284	631	1
284	1188	2
284	1692	-2
284	1993	2
285	424	1
285	623	1
285	651	1
285	934	1
285	1040	-2
285	1953	-2
285	2039	2
286	503	1
286	660	1
286	677	1
286	988	1
286	1213	2
286	1460	-2
286	1503	2
287	567	1
287	800	1
287	871	1
287	909	1
287	1410	-2
287	1697	2
287	1948	2
288	323	1
288	337	1
288	445	1
288	576	1
288	664	1
288	941	1
288	1030	-2
288	1615	2
288	1926	-2
289	368	1
289	504	1
289	558	1
289	787	1
289	1014	1
289	1061	2
289	1198	-2
289	1351	-2
290	343	1
290	375	1
290	513	1
290	590	1
290	663	1
290	707	1
290	1054	2
290	1613	-2
290	1757	-2
291	938	1
291	956	1
291	1076	2
291	1143	-2
291	1927	2
292	352	1
292	396	1
292	628	1
292	1403	-2
292	1573	2
292	2008	-2
293	381	1
293	548	1
293	1089	2
293	1490	-2
293	1833	2
294	300	1
294	694	1
294	821	1
294	1296	-2
294	1333	-2
294	1795	-2
295	307	1
295	541	1
295	593	1
295	676	1
295	795	1
295	1177	2
295	1382	2
295	1975	-2
296	417	1
296	462	1
296	523	1
296	947	1
296	968	1
296	1164	2
296	1270	2
296	1508	-2
297	487	1
297	652	1
297	751	1
297	933	1
297	1625	2
297	1633	-2
297	1988	2
298	349	1
298	383	1
298	611	1
298	979	1
298	1009	1
298	1402	2
298	1500	-2
298	1785	-2
299	367	1
299	509	1
299	646	1
299	693	1
299	964	1
299	1060	2
299	1702	-2
299	1917	-2
300	703	1
300	806	1
300	888	1
300	1514	2
300	1639	-2
300	1795	-2
301	467	1
301	668	1
301	698	1
301	861	1
301	1364	2
301	1431	2
301	1966	2
302	343	1
302	404	1
302	562	1
302	910	1
302	1196	2
302	1826	-2
302	1939	-2
303	407	1
303	559	1
303	835	1
303	1276	2
303	1457	2
303	1750	2
304	354	1
304	461	1
304	569	1
304	696	1
304	766	1
304	1321	2
304	1423	-2
304	1840	2
305	420	1
305	946	1
305	963	1
305	1024	1
305	1218	2
305	1379	-2
305	1441	2
306	381	1
306	439	1
306	608	1
306	789	1
306	922	1
306	1005	1
306	1246	2
306	1576	-2
306	1668	-2
307	422	1
307	430	1
307	593	1
307	633	1
307	1021	1
307	1177	2
307	1241	2
307	1551	2
308	535	1
308	810	1
308	911	1
308	930	1
308	1413	2
308	1476	2
308	1797	2
309	365	1
309	468	1
309	853	1
309	920	1
309	1532	2
309	1743	-2
309	1818	-2
310	630	1
310	819	1
310	922	1
310	1171	-2
310	1188	2
310	1277	-2
311	323	1
311	510	1
311	578	1
311	1057	2
311	1192	-2
311	1725	2
312	321	1
312	460	1
312	582	1
312	612	1
312	822	1
312	1373	-2
312	1445	2
312	1456	2
313	588	1
313	716	1
313	859	1
313	1007	1
313	1098	-2
313	1538	-2
313	1869	2
314	535	1
314	781	1
314	819	1
314	863	1
314	867	1
314	962	1
314	1194	-2
314	1339	2
314	1957	-2
315	448	1
315	588	1
315	700	1
315	771	1
315	1731	-2
315	1794	-2
315	1878	2
316	476	1
316	862	1
316	888	1
316	1007	1
316	1536	2
316	1796	2
316	1978	2
317	508	1
317	768	1
317	811	1
317	1016	1
317	1157	2
317	1163	2
317	1771	-2
318	352	1
318	609	1
318	613	1
318	1606	-2
318	1647	2
318	1677	-2
319	369	1
319	636	1
319	780	1
319	1478	-2
319	1563	-2
319	1822	2
320	321	1
320	573	1
320	882	1
320	987	1
320	1594	-2
320	1799	-2
320	2027	-2
321	460	1
321	1445	2
321	1687	-2
321	2027	-2
322	405	1
322	630	1
322	919	1
322	1077	-2
322	1754	2
322	1775	-2
323	510	1
323	576	1
323	834	1
323	993	1
323	1192	-2
323	1615	2
323	1748	-2
324	350	1
324	732	1
324	883	1
324	997	1
324	1135	2
324	1620	-2
324	1814	-2
325	410	1
325	485	1
325	674	1
325	976	1
325	1015	1
325	1079	2
325	1199	-2
325	1437	2
326	353	1
326	376	1
326	413	1
326	421	1
326	452	1
326	793	1
326	1034	-2
326	1300	-2
326	1627	2
327	416	1
327	441	1
327	513	1
327	665	1
327	781	1
327	884	1
327	1033	2
327	1371	-2
327	1746	2
328	551	1
328	907	1
328	928	1
328	929	1
328	949	1
328	1045	-2
328	1245	2
328	1549	2
329	485	1
329	545	1
329	602	1
329	943	1
329	1405	-2
329	1661	2
329	1955	2
330	538	1
330	672	1
330	724	1
330	1392	2
330	1544	-2
330	1838	2
331	542	1
331	815	1
331	922	1
331	976	1
331	1427	-2
331	1676	-2
331	1945	2
332	422	1
332	444	1
332	515	1
332	522	1
332	577	1
332	969	1
332	1113	2
332	1129	-2
332	1787	-2
333	545	1
333	802	1
333	826	1
333	986	1
333	1174	-2
333	1279	2
333	1291	2
334	397	1
334	476	1
334	833	1
334	870	1
334	1150	-2
334	1223	2
334	1578	2
335	379	1
335	539	1
335	546	1
335	863	1
335	1360	2
335	1562	-2
335	2036	-2
336	395	1
336	744	1
336	1004	1
336	1031	2
336	1101	-2
336	1964	2
337	445	1
337	760	1
337	1030	-2
337	1350	2
337	1425	-2
338	449	1
338	459	1
338	504	1
338	1022	1
338	1543	2
338	1726	2
338	2034	2
339	678	1
339	686	1
339	722	1
339	1408	-2
339	1513	-2
339	2013	-2
340	356	1
340	388	1
340	644	1
340	990	1
340	1036	-2
340	1263	-2
340	1947	-2
341	344	1
341	733	1
341	973	1
341	1561	-2
341	1843	-2
341	2042	2
342	675	1
342	889	1
342	904	1
342	1288	-2
342	1515	-2
342	1972	2
343	620	1
343	707	1
343	910	1
343	1613	-2
343	1826	-2
343	2006	2
344	432	1
344	516	1
344	565	1
344	733	1
344	967	1
344	1170	2
344	1561	-2
344	1693	-2
345	380	1
345	526	1
345	544	1
345	612	1
345	1086	2
345	1851	-2
345	2016	-2
346	387	1
346	461	1
346	717	1
346	763	1
346	784	1
346	1026	-2
346	1094	2
346	1712	-2
347	420	1
347	436	1
347	609	1
347	758	1
347	812	1
347	1023	1
347	1275	2
347	1486	-2
347	1574	-2
348	458	1
348	590	1
348	1008	1
348	1554	-2
348	1903	2
348	2018	2
349	459	1
349	483	1
349	1009	1
349	1497	2
349	1785	-2
349	2003	2
350	386	1
350	584	1
350	732	1
350	787	1
350	1063	2
350	1609	-2
350	1814	-2
351	594	1
351	696	1
351	908	1
351	941	1
351	977	1
351	1141	-2
351	1406	2
351	1505	-2
352	539	1
352	628	1
352	825	1
352	1178	-2
352	1647	2
352	2008	-2
353	376	1
353	547	1
353	869	1
353	969	1
353	1348	-2
353	1627	2
353	1909	-2
354	696	1
354	828	1
354	836	1
354	1015	1
354	1424	-2
354	1840	2
354	1913	-2
355	681	1
355	739	1
355	748	1
355	773	1
355	986	1
355	993	1
355	1207	-2
355	1314	2
355	1520	2
356	644	1
356	984	1
356	997	1
356	1815	2
356	1947	-2
356	2014	2
357	470	1
357	628	1
357	762	1
357	898	1
357	1010	1
357	1072	2
357	1083	-2
357	1438	2
358	390	1
358	496	1
358	666	1
358	673	1
358	734	1
358	777	1
358	1346	-2
358	1396	-2
358	1865	2
359	472	1
359	568	1
359	583	1
359	774	1
359	1475	-2
359	1530	-2
359	1828	2
360	480	1
360	681	1
360	733	1
360	886	1
360	896	1
360	1068	2
360	1407	-2
360	1938	-2
361	441	1
361	467	1
361	693	1
361	782	1
361	791	1
361	1073	2
361	1090	-2
361	1093	2
362	399	1
362	717	1
362	785	1
362	838	1
362	1252	2
362	1595	-2
362	1735	2
363	404	1
363	545	1
363	777	1
363	814	1
363	887	1
363	1003	1
363	1269	-2
363	1707	-2
363	1753	-2
364	543	1
364	749	1
364	757	1
364	961	1
364	1768	2
364	1876	2
364	2012	2
365	439	1
365	468	1
365	862	1
365	998	1
365	1149	2
365	1334	2
365	1743	-2
366	538	1
366	557	1
366	768	1
366	1131	2
366	1811	-2
366	1946	2
367	388	1
367	398	1
367	590	1
367	794	1
367	964	1
367	1060	2
367	1461	2
367	1552	2
368	478	1
368	707	1
368	975	1
368	979	1
368	1061	2
368	1282	2
368	1983	-2
369	561	1
369	737	1
369	780	1
369	831	1
369	1132	2
369	1557	-2
369	1563	-2
370	431	1
370	576	1
370	616	1
370	960	1
370	1134	-2
370	1259	-2
370	1430	2
371	870	1
371	1212	-2
371	1329	-2
371	1338	-2
372	542	1
372	549	1
372	853	1
372	1059	-2
372	1138	2
372	1662	-2
373	415	1
373	809	1
373	1306	2
373	1509	2
373	1999	-2
374	434	1
374	464	1
374	497	1
374	697	1
374	992	1
374	1058	-2
374	1449	-2
374	1830	-2
375	500	1
375	590	1
375	710	1
375	804	1
375	1054	2
375	1146	2
375	1292	-2
376	411	1
376	712	1
376	995	1
376	1257	-2
376	1278	2
376	1627	2
377	389	1
377	558	1
377	660	1
377	735	1
377	1144	2
377	1409	-2
377	1732	-2
378	550	1
378	580	1
378	632	1
378	1010	1
378	1247	-2
378	1293	2
378	1480	2
379	539	1
379	600	1
379	780	1
379	804	1
379	1011	1
379	1360	2
379	1672	2
379	1987	2
380	555	1
380	657	1
380	1086	2
380	1210	-2
380	1502	2
381	439	1
381	585	1
381	816	1
381	1089	2
381	1668	-2
381	1788	2
382	448	1
382	754	1
382	932	1
382	940	1
382	1161	-2
382	1442	2
382	1467	-2
383	790	1
383	860	1
383	979	1
383	1500	-2
383	1550	2
383	1698	-2
384	550	1
384	564	1
384	801	1
384	951	1
384	1652	2
384	1674	2
384	1905	2
385	487	1
385	593	1
385	723	1
385	1638	2
385	1695	-2
385	2021	2
386	423	1
386	651	1
386	821	1
386	1027	2
386	1609	-2
386	1654	2
387	689	1
387	880	1
387	1253	2
387	1367	-2
387	1712	-2
388	398	1
388	534	1
388	632	1
388	1036	-2
388	1552	2
388	1624	-2
389	623	1
389	737	1
389	745	1
389	951	1
389	1144	2
389	1558	2
389	2035	-2
390	530	1
390	734	1
390	743	1
390	1396	-2
390	1766	2
390	1800	-2
391	458	1
391	531	1
391	633	1
391	695	1
391	1570	-2
391	1921	-2
391	2031	2
392	463	1
392	674	1
392	691	1
392	958	1
392	978	1
392	1052	-2
392	1153	2
392	1777	-2
393	468	1
393	491	1
393	848	1
393	927	1
393	1380	-2
393	1565	2
393	1898	-2
394	557	1
394	603	1
394	619	1
394	866	1
394	876	1
394	1311	2
394	1534	-2
394	2011	2
395	614	1
395	1004	1
395	1265	-2
395	1567	2
395	1964	2
396	431	1
396	490	1
396	659	1
396	1524	2
396	1573	2
396	1969	2
397	870	1
397	971	1
397	1267	-2
397	1578	2
397	1792	-2
398	709	1
398	756	1
398	843	1
398	1518	-2
398	1552	2
398	1646	2
399	419	1
399	519	1
399	524	1
399	627	1
399	1381	-2
399	1735	2
399	2048	2
400	443	1
400	554	1
400	629	1
400	877	1
400	1521	-2
400	1867	2
400	1883	-2
401	464	1
401	594	1
401	598	1
401	610	1
401	994	1
401	1075	-2
401	1208	-2
401	2040	-2
402	586	1
402	801	1
402	891	1
402	902	1
402	1452	-2
402	1810	2
402	1973	-2
403	685	1
403	795	1
403	890	1
403	894	1
403	1187	-2
403	1711	-2
403	1933	-2
404	428	1
404	562	1
404	1003	1
404	1269	-2
404	1512	-2
404	1939	-2
405	473	1
405	938	1
405	1007	1
405	1548	-2
405	1658	2
405	1754	2
406	409	1
406	429	1
406	438	1
406	475	1
406	1000	1
406	1205	-2
406	1214	2
406	1284	2
407	754	1
407	835	1
407	872	1
407	988	1
407	1053	2
407	1372	2
407	1457	2
408	414	1
408	915	1
408	918	1
408	1185	2
408	1610	2
408	1847	2
409	438	1
409	507	1
409	688	1
409	1205	-2
409	1250	-2
409	1337	2
410	780	1
410	905	1
410	918	1
410	1085	-2
410	1437	2
410	1934	-2
411	608	1
411	662	1
411	864	1
411	995	1
411	1018	1
411	1203	-2
411	1257	-2
411	1688	2
412	529	1
412	572	1
412	1215	-2
412	1429	-2
412	1498	-2
413	452	1
413	575	1
413	661	1
413	705	1
413	1034	-2
413	1849	-2
413	1968	2
414	595	1
414	675	1
414	826	1
414	854	1
414	1096	2
414	1610	2
414	1691	2
415	809	1
415	916	1
415	1433	-2
415	1806	2
415	1999	-2
416	489	1
416	513	1
416	827	1
416	1371	-2
416	1499	-2
416	2030	-2
417	462	1
417	588	1
417	788	1
417	882	1
417	1349	2
417	1508	-2
417	1586	-2
418	720	1
418	884	1
418	898	1
418	1074	-2
418	1328	-2
418	1974	2
419	488	1
419	519	1
419	964	1
419	1834	-2
419	1961	2
419	2048	2
420	436	1
420	858	1
420	913	1
420	1441	2
420	1486	-2
420	1651	-2
421	793	1
421	949	1
421	1300	-2
421	1422	2
421	1804	-2
422	444	1
422	633	1
422	734	1
422	919	1
422	1129	-2
422	1551	2
422	2033	-2
423	568	1
423	651	1
423	721	1
423	738	1
423	1027	2
423	1365	-2
423	1733	2
424	492	1
424	508	1
424	698	1
424	934	1
424	1264	-2
424	1273	2
424	1953	-2
425	469	1
425	592	1
425	1583	-2
425	1597	2
425	1641	-2
426	447	1
426	715	1
426	751	1
426	1204	2
426	1537	-2
426	1837	2
427	738	1
427	797	1
427	842	1
427	919	1
427	945	1
427	1320	-2
427	1528	2
427	1700	-2
428	775	1
428	952	1
428	1398	2
428	1512	-2
428	1941	2
429	475	1
429	548	1
429	743	1
429	900	1
429	1284	2
429	1426	2
429	1679	2
430	589	1
430	662	1
430	886	1
430	1021	1
430	1128	-2
430	1202	-2
430	1241	2
431	490	1
431	520	1
431	616	1
431	1134	-2
431	1469	2
431	1524	2
432	516	1
432	533	1
432	928	1
432	1170	2
432	1303	-2
432	1704	2
433	554	1
433	652	1
433	722	1
433	757	1
433	892	1
433	1043	-2
433	1970	-2
433	2010	-2
434	697	1
434	766	1
434	771	1
434	1058	-2
434	1643	-2
434	1770	-2
435	481	1
435	546	1
435	764	1
435	767	1
435	914	1
435	1231	-2
435	1295	-2
435	1706	2
436	500	1
436	643	1
436	672	1
436	1224	2
436	1486	-2
436	1803	-2
437	479	1
437	494	1
437	501	1
437	553	1
437	753	1
437	1154	-2
437	1489	-2
437	1789	2
438	655	1
438	754	1
438	1205	-2
438	1421	2
438	1844	2
439	616	1
439	782	1
439	998	1
439	1149	2
439	1193	-2
439	1668	-2
440	452	1
440	709	1
440	908	1
440	916	1
440	1103	2
440	1227	-2
440	1470	-2
441	526	1
441	665	1
441	791	1
441	1002	1
441	1033	2
441	1093	2
441	1666	2
442	533	1
442	589	1
442	620	1
442	742	1
442	1051	-2
442	1172	2
442	1378	-2
443	834	1
443	877	1
443	1016	1
443	1521	-2
443	1820	2
443	1886	2
444	798	1
444	1129	-2
444	1327	-2
444	1906	-2
445	511	1
445	835	1
445	942	1
445	1030	-2
445	1299	-2
445	1890	2
446	481	1
446	789	1
446	882	1
446	900	1
446	1023	1
446	1317	-2
446	1411	-2
446	1488	-2
447	520	1
447	715	1
447	797	1
447	849	1
447	1050	-2
447	1537	-2
447	1960	-2
448	635	1
448	932	1
448	1161	-2
448	1720	2
448	1878	2
449	459	1
449	571	1
449	739	1
449	873	1
449	1533	2
449	1675	-2
449	2034	2
450	529	1
450	691	1
450	981	1
450	1511	2
450	1829	-2
450	1889	2
451	480	1
451	682	1
451	698	1
451	908	1
451	1019	1
451	1119	2
451	1823	-2
451	1845	-2
452	663	1
452	925	1
452	1034	-2
452	1103	2
452	1896	-2
453	616	1
453	658	1
453	719	1
453	761	1
453	824	1
453	856	1
453	1315	2
453	1374	-2
453	1861	-2
454	469	1
454	665	1
454	667	1
454	671	1
454	917	1
454	1324	-2
454	1526	-2
454	1907	-2
455	473	1
455	640	1
455	692	1
455	765	1
455	817	1
455	1982	2
455	2019	-2
455	2032	-2
456	581	1
456	694	1
456	855	1
456	1738	2
456	1740	-2
456	1997	-2
457	474	1
457	477	1
457	791	1
457	954	1
457	1025	-2
457	1596	2
457	2028	2
458	619	1
458	695	1
458	1008	1
458	1591	-2
458	1903	2
458	2031	2
459	483	1
459	579	1
459	1497	2
459	1742	2
459	2034	2
460	481	1
460	824	1
460	841	1
460	905	1
460	1179	-2
460	1330	-2
460	1445	2
461	482	1
461	569	1
461	729	1
461	784	1
461	1026	-2
461	1321	2
461	1484	2
462	720	1
462	807	1
462	925	1
462	1417	-2
462	1508	-2
462	1912	-2
463	611	1
463	873	1
463	1496	2
463	1777	-2
463	1892	-2
464	472	1
464	661	1
464	992	1
464	994	1
464	1384	-2
464	1449	-2
464	2040	-2
465	540	1
465	811	1
465	824	1
465	935	1
465	1491	-2
465	1510	-2
465	1985	-2
466	662	1
466	716	1
466	830	1
466	901	1
466	1495	2
466	1930	2
466	1943	-2
467	727	1
467	861	1
467	1073	2
467	1364	2
467	1592	-2
468	491	1
468	494	1
468	1005	1
468	1380	-2
468	1743	-2
468	1835	-2
469	665	1
469	933	1
469	1039	2
469	1324	-2
469	1597	2
470	656	1
470	796	1
470	1438	2
470	1602	-2
470	1839	-2
471	522	1
471	705	1
471	838	1
471	1121	-2
471	1158	-2
471	1951	2
472	574	1
472	587	1
472	661	1
472	1065	-2
472	1384	-2
472	1828	2
473	514	1
473	692	1
473	1007	1
473	1582	2
473	1658	2
473	2032	-2
474	509	1
474	687	1
474	791	1
474	1719	2
474	1959	-2
474	2028	2
475	645	1
475	819	1
475	894	1
475	1234	2
475	1284	2
475	1631	-2
476	685	1
476	992	1
476	1007	1
476	1150	-2
476	1536	2
476	1783	-2
477	702	1
477	872	1
477	1048	2
477	1575	2
477	1596	2
478	718	1
478	975	1
478	1020	1
478	1282	2
478	1312	2
478	1920	2
479	501	1
479	806	1
479	846	1
479	916	1
479	1154	-2
479	1262	-2
479	1271	-2
480	733	1
480	855	1
480	908	1
480	1068	2
480	1823	-2
480	1880	-2
481	841	1
481	900	1
481	1179	-2
481	1317	-2
481	1706	2
482	521	1
482	660	1
482	729	1
482	735	1
482	798	1
482	1361	2
482	1484	2
482	1925	-2
483	734	1
483	1309	2
483	1497	2
483	1958	-2
484	515	1
484	525	1
484	695	1
484	706	1
484	865	1
484	1472	2
484	1940	2
484	2005	2
485	741	1
485	976	1
485	1079	2
485	1420	-2
485	1661	2
486	612	1
486	704	1
486	799	1
486	900	1
486	1069	2
486	1443	-2
486	1459	2
487	575	1
487	591	1
487	652	1
487	1248	-2
487	1625	2
487	1638	2
488	767	1
488	836	1
488	964	1
488	1022	1
488	1249	-2
488	1479	2
488	1961	2
489	597	1
489	722	1
489	844	1
489	885	1
489	1499	-2
489	1824	2
489	1850	2
490	555	1
490	637	1
490	1524	2
490	1855	-2
490	1868	2
491	499	1
491	514	1
491	852	1
491	1355	2
491	1380	-2
491	1588	2
492	523	1
492	645	1
492	699	1
492	1264	-2
492	1516	2
492	1821	-2
493	510	1
493	820	1
493	1019	1
493	1097	2
493	1104	-2
493	1994	2
494	495	1
494	944	1
494	1005	1
494	1489	-2
494	1835	-2
494	1995	-2
495	498	1
495	664	1
495	693	1
495	944	1
495	1142	-2
495	1995	-2
495	2043	2
496	606	1
496	777	1
496	783	1
496	1114	-2
496	1812	2
496	1865	2
497	505	1
497	1017	1
497	1148	-2
497	1466	2
497	1830	-2
498	621	1
498	664	1
498	995	1
498	1107	2
498	1310	-2
498	2043	2
499	514	1
499	524	1
499	650	1
499	1355	2
499	1463	-2
499	1759	-2
500	643	1
500	750	1
500	958	1
500	1146	2
500	1803	-2
500	1853	2
501	630	1
501	727	1
501	1154	-2
501	1566	-2
501	1931	2
502	560	1
502	658	1
502	744	1
502	1501	2
502	1648	2
502	2001	2
503	679	1
503	999	1
503	1213	2
503	1318	-2
503	1446	2
504	847	1
504	1014	1
504	1198	-2
504	1325	2
504	1543	2
505	585	1
505	670	1
505	967	1
505	1148	-2
505	1681	-2
505	1891	-2
506	569	1
506	643	1
506	769	1
506	971	1
506	990	1
506	1305	2
506	1713	-2
506	1827	-2
507	556	1
507	1250	-2
507	1685	-2
507	1756	2
508	604	1
508	698	1
508	1016	1
508	1151	2
508	1157	2
508	1273	2
509	1593	-2
509	1917	-2
509	1959	-2
510	1008	1
510	1192	-2
510	1363	-2
510	1994	2
511	601	1
511	886	1
511	939	1
511	1299	-2
511	1781	-2
511	2037	2
512	624	1
512	706	1
512	881	1
512	946	1
512	1021	1
512	1110	-2
512	1389	2
512	1764	2
513	663	1
513	859	1
513	1371	-2
513	1659	2
513	1757	-2
514	640	1
514	903	1
514	1355	2
514	1582	2
514	1603	2
515	525	1
515	561	1
515	577	1
515	854	1
515	1113	2
515	1571	2
515	2005	2
516	729	1
516	750	1
516	1038	-2
516	1170	2
516	1547	2
517	631	1
517	732	1
517	813	1
517	1240	2
517	1316	2
517	1721	-2
518	728	1
518	839	1
518	854	1
518	920	1
518	1294	-2
518	1793	-2
518	2017	-2
519	692	1
519	728	1
519	992	1
519	1778	2
519	1858	-2
519	2048	2
520	758	1
520	1469	2
520	1506	2
520	1960	-2
521	781	1
521	798	1
521	802	1
521	1108	2
521	1899	2
521	1925	-2
522	667	1
522	969	1
522	1331	-2
522	1787	-2
522	1951	2
523	648	1
523	968	1
523	1009	1
523	1164	2
523	1516	2
523	1744	2
524	627	1
524	650	1
524	785	1
524	1381	-2
524	1399	2
524	1463	-2
525	584	1
525	668	1
525	845	1
525	893	1
525	1860	-2
525	1877	-2
525	2005	2
526	542	1
526	570	1
526	1002	1
526	1206	2
526	1666	2
526	2016	-2
527	551	1
527	760	1
527	955	1
527	1308	2
527	1354	2
527	1619	2
528	641	1
528	953	1
528	1029	2
528	1159	2
528	1220	-2
529	572	1
529	725	1
529	827	1
529	1313	-2
529	1498	-2
529	1889	2
530	716	1
530	1686	-2
530	1766	2
530	2047	-2
531	982	1
531	1120	-2
531	1388	-2
531	1921	-2
532	684	1
532	741	1
532	871	1
532	1386	2
532	1683	2
532	1808	2
533	552	1
533	620	1
533	861	1
533	1172	2
533	1556	-2
533	1704	2
534	624	1
534	632	1
534	1111	-2
534	1383	-2
534	1624	-2
535	911	1
535	962	1
535	1339	2
535	1413	2
535	1952	-2
536	679	1
536	770	1
536	1232	2
536	1347	2
536	1779	-2
537	721	1
537	759	1
537	842	1
537	1359	2
537	1718	-2
537	1915	-2
538	846	1
538	1018	1
538	1131	2
538	1535	2
538	1544	-2
539	786	1
539	825	1
539	1178	-2
539	1360	2
539	1809	-2
540	700	1
540	1118	2
540	1492	-2
540	1985	-2
541	605	1
541	748	1
541	1382	2
541	1762	-2
541	1825	2
542	570	1
542	922	1
542	1206	2
542	1427	-2
542	1662	-2
543	713	1
543	757	1
543	818	1
543	820	1
543	892	1
543	1087	2
543	1714	2
543	2012	2
544	612	1
544	860	1
544	973	1
544	1791	2
544	1851	-2
544	1910	2
545	814	1
545	826	1
545	943	1
545	1174	-2
545	1707	-2
545	1955	2
546	603	1
546	863	1
546	914	1
546	1295	-2
546	1562	-2
546	1798	2
547	596	1
547	944	1
547	1348	-2
547	1487	-2
547	1977	-2
548	775	1
548	810	1
548	1426	2
548	1440	2
548	1490	-2
549	694	1
549	697	1
549	840	1
549	866	1
549	1059	-2
549	1600	-2
549	1901	-2
550	847	1
550	969	1
550	1480	2
550	1674	2
550	1922	2
551	929	1
551	955	1
551	1045	-2
551	1228	2
551	1354	2
552	553	1
552	843	1
552	861	1
552	883	1
552	1474	-2
552	1556	-2
552	1710	2
553	738	1
553	753	1
553	843	1
553	1474	-2
553	1703	2
553	1789	2
554	629	1
554	914	1
554	1043	-2
554	1493	2
554	1883	-2
555	657	1
555	959	1
555	972	1
555	1210	-2
555	1649	2
555	1855	-2
556	596	1
556	1414	2
556	1685	-2
556	1802	-2
557	603	1
557	605	1
557	743	1
557	1182	2
557	1311	2
557	1946	2
558	787	1
558	1351	-2
558	1546	-2
558	1732	-2
559	581	1
559	764	1
559	827	1
559	875	1
559	1274	-2
559	1276	2
559	1882	2
560	744	1
560	1290	-2
560	1648	2
560	1928	-2
561	744	1
561	831	1
561	854	1
561	1132	2
561	1419	-2
561	1571	2
562	704	1
562	725	1
562	779	1
562	957	1
562	1147	2
562	1439	2
562	1939	-2
563	667	1
563	683	1
563	792	1
563	902	1
563	1015	1
563	1238	-2
563	1924	2
563	2009	2
564	875	1
564	1607	-2
564	1905	2
564	2046	2
565	749	1
565	967	1
565	1021	1
565	1062	2
565	1082	-2
565	1693	-2
566	647	1
566	652	1
566	758	1
566	965	1
566	1195	-2
566	1650	-2
566	1760	2
567	580	1
567	596	1
567	726	1
567	799	1
567	871	1
567	1191	-2
567	1387	-2
567	1948	2
568	583	1
568	702	1
568	738	1
568	779	1
568	1365	-2
568	1475	-2
568	1689	-2
569	769	1
569	974	1
569	1321	2
569	1589	-2
569	1827	-2
570	814	1
570	904	1
570	965	1
570	1206	2
570	1302	-2
570	1614	2
571	606	1
571	742	1
571	1084	-2
571	1165	2
571	1675	-2
572	642	1
572	647	1
572	1471	2
572	1498	-2
572	1854	-2
573	672	1
573	872	1
573	987	1
573	1455	2
573	1594	-2
573	1634	2
574	587	1
574	626	1
574	843	1
574	856	1
574	1065	-2
574	1749	-2
574	1918	-2
575	591	1
575	699	1
575	705	1
575	962	1
575	1248	-2
575	1444	-2
575	1849	-2
576	726	1
576	816	1
576	1342	-2
576	1430	2
576	1615	2
577	730	1
577	1100	2
577	1113	2
577	1857	-2
578	647	1
578	703	1
578	1057	2
578	1729	-2
578	1897	2
579	955	1
579	1124	2
579	1458	-2
579	1742	2
580	632	1
580	644	1
580	799	1
580	934	1
580	1191	-2
580	1247	-2
580	1525	2
581	646	1
581	875	1
581	1274	-2
581	1507	2
581	1997	-2
582	812	1
582	917	1
582	948	1
582	1254	2
582	1373	-2
582	1831	2
583	881	1
583	885	1
583	950	1
583	1243	2
583	1475	-2
583	1568	2
584	664	1
584	787	1
584	836	1
584	893	1
584	1063	2
584	1109	-2
584	1860	-2
585	816	1
585	956	1
585	967	1
585	1772	2
585	1788	2
585	1891	-2
586	1272	-2
586	1973	-2
586	1993	2
587	599	1
587	762	1
587	891	1
587	1065	-2
587	1239	-2
587	1653	-2
588	700	1
588	788	1
588	1007	1
588	1586	-2
588	1794	-2
588	1869	2
589	662	1
589	742	1
589	996	1
589	1051	-2
589	1128	-2
589	1483	2
590	794	1
590	1054	2
590	1461	2
590	1554	-2
591	792	1
591	951	1
591	1248	-2
591	1564	-2
591	1684	2
592	651	1
592	713	1
592	728	1
592	1391	2
592	1641	-2
592	1874	-2
593	1177	2
593	1642	2
593	2021	2
594	598	1
594	765	1
594	941	1
594	989	1
594	1075	-2
594	1123	2
594	1406	2
595	808	1
595	854	1
595	1096	2
595	1285	-2
595	1481	2
596	726	1
596	1387	-2
596	1802	-2
596	1977	-2
597	614	1
597	653	1
597	818	1
597	885	1
597	1397	2
597	1415	-2
597	1850	2
598	608	1
598	1075	-2
598	1665	-2
598	1846	-2
599	621	1
599	925	1
599	1385	2
599	1653	-2
599	1990	2
600	704	1
600	780	1
600	865	1
600	948	1
600	1401	-2
600	1986	-2
600	1987	2
601	634	1
601	784	1
601	939	1
601	943	1
601	1024	1
601	1395	2
601	1553	2
601	2037	2
602	657	1
602	926	1
602	982	1
602	1006	1
602	1140	2
602	1283	2
602	1405	-2
603	676	1
603	1311	2
603	1352	-2
603	1798	2
604	645	1
604	847	1
604	953	1
604	985	1
604	1151	2
604	1663	-2
604	2015	-2
605	743	1
605	1071	2
605	1182	2
605	1762	-2
606	697	1
606	1055	-2
606	1165	2
606	1812	2
607	707	1
607	747	1
607	874	1
607	1412	-2
607	1584	2
607	1601	-2
608	789	1
608	1018	1
608	1203	-2
608	1246	2
608	1665	-2
609	643	1
609	1023	1
609	1233	-2
609	1275	2
609	1677	-2
610	655	1
610	912	1
610	1208	-2
610	1237	-2
610	1716	-2
611	642	1
611	708	1
611	873	1
611	1402	2
611	1604	2
611	1892	-2
612	822	1
612	1069	2
612	1456	2
612	1851	-2
613	656	1
613	957	1
613	1115	-2
613	1200	-2
613	1606	-2
614	778	1
614	818	1
614	1265	-2
614	1397	2
614	1751	-2
615	634	1
615	687	1
615	899	1
615	1116	-2
615	1494	2
615	1504	-2
616	658	1
616	782	1
616	1134	-2
616	1193	-2
616	1315	2
617	723	1
617	892	1
617	983	1
617	1344	2
617	1786	-2
617	1937	2
618	622	1
618	857	1
618	956	1
618	1139	-2
618	1281	-2
618	1904	-2
619	622	1
619	876	1
619	924	1
619	1591	-2
619	1984	2
619	2011	2
620	635	1
620	1088	2
620	1172	2
620	2006	2
621	867	1
621	925	1
621	1107	2
621	1385	2
621	1848	-2
622	800	1
622	924	1
622	940	1
622	1281	-2
622	1664	-2
622	1984	2
623	737	1
623	994	1
623	1040	-2
623	1608	2
623	2035	-2
624	1021	1
624	1255	2
624	1383	-2
624	1764	2
625	727	1
625	911	1
625	966	1
625	1287	-2
625	1297	2
625	1531	-2
626	923	1
626	1749	-2
626	1893	2
626	2038	-2
627	910	1
627	1242	-2
627	1381	-2
627	1540	-2
628	898	1
628	909	1
628	918	1
628	1083	-2
628	1737	2
628	2008	-2
629	942	1
629	1102	-2
629	1366	-2
629	1883	-2
630	727	1
630	819	1
630	919	1
630	1277	-2
630	1775	-2
630	1931	2
631	1316	2
631	1377	2
631	1692	-2
632	1247	-2
632	1436	2
632	1624	-2
633	874	1
633	1175	-2
633	1551	2
633	1570	-2
634	931	1
634	1024	1
634	1116	-2
634	1450	-2
634	1553	2
635	881	1
635	1088	2
635	1720	2
635	2025	2
636	837	1
636	857	1
636	981	1
636	1705	-2
636	1819	-2
636	1822	2
637	840	1
637	904	1
637	1345	-2
637	1517	-2
637	1868	2
638	880	1
638	1560	2
638	1635	-2
638	1979	2
639	688	1
639	724	1
639	879	1
639	921	1
639	979	1
639	998	1
639	1256	-2
639	1268	2
639	1590	2
640	817	1
640	842	1
640	903	1
640	1166	2
640	1603	2
640	1982	2
641	839	1
641	905	1
641	990	1
641	1159	2
641	1229	2
641	1919	-2
642	647	1
642	708	1
642	1604	2
642	1854	-2
642	2000	2
643	990	1
643	1233	-2
643	1305	2
643	1803	-2
644	792	1
644	934	1
644	1340	-2
644	1525	2
644	1947	-2
645	699	1
645	894	1
645	985	1
645	1234	2
645	1663	-2
645	1821	-2
646	658	1
646	693	1
646	837	1
646	1507	2
646	1678	2
646	1702	-2
647	652	1
647	703	1
647	1195	-2
647	1854	-2
647	1897	2
648	657	1
648	790	1
648	1009	1
648	1186	-2
648	1744	2
648	1884	2
649	661	1
649	668	1
649	686	1
649	731	1
649	972	1
649	1612	2
649	1699	-2
649	1981	-2
650	746	1
650	1105	-2
650	1463	-2
650	1929	-2
651	713	1
651	1027	2
651	1391	2
651	2039	2
652	757	1
652	1195	-2
652	1625	2
652	2010	-2
653	1099	2
653	1415	-2
653	1776	-2
654	659	1
654	683	1
654	712	1
654	725	1
654	971	1
654	1211	2
654	1816	-2
654	1911	-2
655	754	1
655	869	1
655	975	1
655	1237	-2
655	1421	2
655	1805	-2
656	673	1
656	834	1
656	1200	-2
656	1680	-2
656	1839	-2
657	926	1
657	1140	2
657	1186	-2
657	1210	-2
658	837	1
658	1315	2
658	1678	2
658	2001	2
659	959	1
659	971	1
659	1002	1
659	1660	2
659	1911	-2
659	1969	2
660	677	1
660	735	2
660	1361	2
660	1409	-2
660	1460	-2
661	1384	-2
661	1968	2
661	1981	-2
662	716	1
662	864	1
662	1128	-2
662	1688	2
662	1943	-2
663	713	1
663	925	1
663	1757	-2
663	1896	-2
663	1949	-2
664	836	1
664	941	1
664	1109	-2
664	1926	-2
664	2043	2
665	963	1
665	1033	2
665	1324	-2
665	1717	-2
666	673	1
666	685	1
666	996	1
666	1012	1
666	1346	-2
666	1447	2
666	1908	-2
667	671	1
667	1238	-2
667	1331	-2
667	1526	-2
668	686	1
668	698	1
668	845	1
668	1612	2
668	1877	-2
668	1966	2
669	769	1
669	798	1
669	813	1
669	943	1
669	974	1
669	1376	-2
669	1404	2
669	1617	-2
670	752	1
670	760	1
670	874	1
670	1056	2
670	1681	-2
670	1856	-2
671	912	1
671	1526	-2
671	1936	2
671	1944	2
672	1224	2
672	1392	2
672	1455	2
673	712	1
673	834	1
673	1346	-2
673	1680	-2
673	1780	2
674	740	1
674	958	1
674	1015	1
674	1052	-2
674	1199	-2
674	1727	2
675	719	1
675	826	1
675	1260	2
675	1288	-2
675	1691	2
676	740	1
676	795	1
676	1352	-2
676	1965	2
676	1975	-2
677	805	1
677	845	1
677	855	1
677	1418	2
677	1460	-2
677	1832	-2
678	722	1
678	935	1
678	970	1
678	1136	2
678	1408	-2
678	1632	-2
679	770	2
679	1217	-2
679	1347	2
679	1446	2
680	739	1
680	804	1
680	806	1
680	880	1
680	958	1
680	1044	2
680	1332	2
680	1370	-2
681	773	1
681	886	1
681	899	1
681	1207	-2
681	1763	2
681	1938	-2
682	749	1
682	857	1
682	1049	2
682	1119	2
682	1645	-2
683	725	1
683	828	1
683	902	1
683	1816	-2
683	1900	-2
683	1924	2
684	931	1
684	980	1
684	1222	-2
684	1286	2
684	1808	2
685	890	1
685	992	1
685	1447	2
685	1783	-2
685	1933	-2
686	1513	-2
686	1612	2
686	1836	2
687	803	1
687	913	1
687	1504	-2
687	1690	-2
687	1719	2
688	776	1
688	921	1
688	985	1
688	1268	2
688	1337	2
688	1605	2
689	690	1
689	764	1
689	880	1
689	1125	-2
689	1253	2
689	1755	2
690	763	1
690	963	1
690	1125	-2
690	1368	-2
690	1527	2
691	944	1
691	978	1
691	981	1
691	1013	1
691	1153	2
691	1829	-2
691	1841	2
692	724	1
692	728	1
692	914	1
692	1539	2
692	1858	-2
692	2032	-2
693	782	1
693	1090	-2
693	1142	-2
693	1702	-2
694	821	1
694	840	1
694	855	1
694	1296	-2
694	1600	-2
694	1738	2
695	765	1
695	865	1
695	1435	-2
695	1940	2
695	2031	2
696	778	1
696	908	1
696	949	1
696	1505	-2
696	1542	2
696	1840	2
697	866	1
697	1055	-2
697	1058	-2
697	1901	-2
698	1019	1
698	1273	2
698	1845	-2
698	1966	2
699	750	1
699	822	1
699	962	1
699	1126	-2
699	1444	-2
699	1821	-2
700	721	1
700	1118	2
700	1190	-2
700	1794	-2
701	715	1
701	839	1
701	906	1
701	1375	2
701	1477	2
701	1842	2
702	779	1
702	931	1
702	932	1
702	1575	2
702	1689	-2
702	1722	2
703	806	1
703	1514	2
703	1579	2
703	1897	2
704	799	1
704	957	1
704	1147	2
704	1401	-2
704	1443	-2
705	838	1
705	1158	-2
705	1616	-2
705	1849	-2
706	794	1
706	946	1
706	1225	2
706	1389	2
706	1472	2
707	747	1
707	979	1
707	1412	-2
707	1613	-2
707	1983	-2
708	829	1
708	1001	1
708	1091	-2
708	1482	-2
708	1604	2
709	756	1
709	1470	-2
709	1646	2
709	1895	-2
710	804	1
710	1292	-2
710	1432	-2
710	1715	2
711	769	1
711	844	1
711	876	1
711	938	1
711	1628	-2
711	1782	2
711	1875	2
712	1211	2
712	1278	2
712	1780	2
713	818	1
713	1391	2
713	1714	2
713	1949	-2
714	826	1
714	869	1
714	898	1
714	1209	-2
714	1581	2
714	1587	2
715	735	1
715	1375	2
715	1537	-2
715	1962	-2
716	1098	-2
716	1686	-2
716	1943	-2
717	763	1
717	771	1
717	785	1
717	1005	1
717	1094	2
717	1252	2
717	1694	2
718	939	1
718	1032	-2
718	1920	2
718	1989	-2
719	856	1
719	1260	2
719	1393	2
719	1861	-2
720	748	1
720	807	1
720	884	1
720	1747	-2
720	1912	-2
720	1974	2
721	842	1
721	1190	-2
721	1718	-2
721	1733	2
722	844	1
722	892	1
722	1408	-2
722	1824	2
722	1970	-2
723	803	1
723	892	1
723	1011	1
723	1695	-2
723	1696	-2
723	1937	2
724	914	1
724	998	1
724	1256	-2
724	1539	2
724	1838	2
725	779	1
725	827	1
725	1313	-2
725	1439	2
725	1816	-2
726	778	1
726	816	1
726	945	1
726	1304	2
726	1342	-2
726	1387	-2
727	966	1
727	1297	2
727	1592	-2
727	1931	2
728	839	1
728	1858	-2
728	1874	-2
728	2017	-2
729	772	1
729	864	1
729	1038	-2
729	1484	2
729	1761	2
730	759	1
730	786	1
730	850	1
730	1002	1
730	1100	2
730	1162	2
730	1235	-2
731	793	1
731	972	1
731	976	1
731	1644	-2
731	1699	-2
731	1871	-2
732	772	1
732	813	1
732	907	1
732	1180	-2
732	1240	2
732	1814	-2
733	782	1
733	1068	2
733	1454	2
733	1561	-2
734	919	1
734	1309	2
734	1396	-2
734	2033	-2
735	1361	2
735	1409	-2
735	1962	-2
736	762	1
736	860	1
736	863	1
736	873	1
736	1127	-2
736	1261	-2
736	1701	2
737	927	1
737	1557	-2
737	2020	2
737	2035	-2
738	842	1
738	1320	-2
738	1365	-2
738	1703	2
739	806	1
739	873	1
739	993	1
739	1314	2
739	1332	2
739	1533	2
740	868	1
740	1155	2
740	1727	2
740	1965	2
741	808	1
741	1001	1
741	1420	-2
741	1622	-2
741	1683	2
742	910	1
742	1051	-2
742	1084	-2
742	1745	-2
743	900	1
743	1182	2
743	1679	2
743	1800	-2
744	1101	-2
744	1419	-2
744	1648	2
745	825	1
745	951	1
745	1343	2
745	1428	2
745	1558	2
746	774	1
746	966	1
746	1105	-2
746	1434	-2
746	1790	-2
747	822	1
747	1412	-2
747	1656	-2
747	2004	-2
748	986	1
748	1520	2
748	1747	-2
748	1825	2
749	1062	2
749	1645	-2
749	1876	2
750	822	1
750	958	1
750	1126	-2
750	1547	2
750	1853	2
751	786	1
751	947	1
751	1633	-2
751	1709	2
751	1837	2
752	760	1
752	817	1
752	930	1
752	1056	2
752	1708	-2
752	1736	-2
753	807	1
753	837	1
753	946	1
753	1301	2
753	1789	2
753	1916	2
754	872	1
754	940	1
754	1372	2
754	1421	2
754	1442	2
755	926	1
755	991	1
755	1117	2
755	1184	2
755	1555	2
756	807	1
756	888	1
756	983	1
756	1289	-2
756	1369	-2
756	1646	2
757	878	1
757	936	1
757	1464	2
757	2010	-2
757	2012	2
758	812	1
758	1506	2
758	1574	-2
758	1760	2
759	785	1
759	975	1
759	1002	1
759	1162	2
759	1682	-2
759	1915	-2
760	1056	2
760	1350	2
760	1619	2
761	824	1
761	1020	1
761	1374	-2
761	1522	-2
761	1976	2
762	891	1
762	1010	1
762	1072	2
762	1127	-2
762	1239	-2
763	1094	2
763	1527	2
763	1879	-2
764	767	1
764	827	1
764	1231	-2
764	1755	2
764	1882	2
765	989	1
765	1123	2
765	1435	-2
765	2019	-2
766	1423	-2
766	1770	-2
766	1996	-2
767	890	1
767	981	1
767	1231	-2
767	1479	2
767	1923	-2
768	833	1
768	1163	2
768	1545	-2
768	1811	-2
769	844	1
769	974	1
769	1404	2
769	1628	-2
769	1827	-2
770	831	1
770	1217	-2
770	1347	2
770	1637	-2
771	1005	1
771	1643	-2
771	1694	2
771	1731	-2
772	805	1
772	851	1
772	864	1
772	907	1
772	1180	-2
772	1258	-2
772	1761	2
773	879	1
773	923	1
773	1207	-2
773	1673	2
773	1862	-2
774	903	1
774	1530	-2
774	1790	-2
774	2044	-2
775	810	1
775	830	1
775	1003	1
775	1398	2
775	1440	2
775	1887	-2
776	985	1
776	1013	1
776	1266	2
776	1605	2
776	1980	2
777	808	1
777	887	1
777	1024	1
777	1753	-2
777	1865	2
777	2022	2
778	945	1
778	949	1
778	1304	2
778	1542	2
778	1751	-2
779	935	1
779	964	1
779	1251	-2
779	1439	2
779	1689	-2
780	918	1
780	1085	-2
780	1563	-2
780	1987	2
781	819	1
781	884	1
781	1108	2
781	1194	-2
781	1746	2
782	1090	-2
782	1193	-2
782	1454	2
783	887	1
783	1114	-2
783	1724	2
783	1932	-2
784	917	1
784	943	1
784	1026	-2
784	1395	2
784	1670	2
785	975	1
785	1252	2
785	1399	2
785	1682	-2
786	850	1
786	947	1
786	1235	-2
786	1709	2
786	1809	-2
787	1063	2
787	1070	2
787	1351	-2
788	906	1
788	977	1
788	1012	1
788	1064	-2
788	1586	-2
788	1807	2
789	882	1
789	960	1
789	1246	2
789	1488	-2
789	2023	-2
790	811	1
790	1523	2
790	1550	2
790	1884	2
791	945	1
791	1093	2
791	1216	2
791	2028	2
792	951	1
792	1015	1
792	1340	-2
792	1564	-2
792	2009	2
793	937	1
793	976	1
793	1300	-2
793	1451	2
793	1644	-2
794	848	1
794	1225	2
794	1461	2
794	1914	2
795	883	1
795	1137	-2
795	1187	-2
795	1975	-2
796	841	1
796	878	1
796	1322	-2
796	1602	-2
796	2041	2
797	817	1
797	849	1
797	919	1
797	1050	-2
797	1528	2
797	1991	2
798	943	1
798	1617	-2
798	1906	-2
798	1925	-2
799	890	1
799	929	1
799	1191	-2
799	1443	-2
799	2024	2
800	825	1
800	909	1
800	940	1
800	1067	-2
800	1664	-2
800	1697	2
801	951	1
801	1022	1
801	1221	2
801	1452	-2
801	1652	2
802	1291	2
802	1465	-2
802	1899	2
803	913	1
803	1011	1
803	1623	2
803	1690	-2
803	1696	-2
804	1011	1
804	1044	2
804	1292	-2
804	1672	2
805	851	1
805	952	1
805	1258	-2
805	1832	-2
805	1872	-2
806	916	1
806	1271	-2
806	1332	2
806	1514	2
807	946	1
807	1301	2
807	1369	-2
807	1912	-2
808	1001	1
808	1024	1
808	1285	-2
808	1622	-2
808	2022	2
809	840	1
809	1000	1
809	1307	-2
809	1999	-2
809	2045	-2
810	930	1
810	954	1
810	1080	-2
810	1440	2
810	1797	2
811	824	1
811	1510	-2
811	1523	2
811	1771	-2
812	948	1
812	1569	2
812	1574	-2
812	1831	2
813	1240	2
813	1376	-2
813	1453	-2
814	904	1
814	1577	2
814	1614	2
814	1707	-2
815	859	1
815	967	1
815	976	1
815	988	1
815	993	1
815	1323	-2
815	1519	-2
815	1676	-2
816	862	1
816	1342	-2
816	1788	2
816	1902	-2
817	1736	-2
817	1982	2
817	1991	2
818	1017	1
818	1397	2
818	1640	-2
818	1714	2
819	1194	-2
819	1277	-2
819	1631	-2
820	892	1
820	1019	1
820	1087	2
820	1097	2
820	1998	-2
821	1296	-2
821	1654	2
821	1769	2
822	1126	-2
822	1456	2
822	1656	-2
823	885	1
823	939	1
823	983	1
823	1037	2
823	1181	2
823	1580	2
824	905	1
824	1330	-2
824	1374	-2
824	1510	-2
825	1067	-2
825	1178	-2
825	1343	2
826	1174	-2
826	1587	2
826	1691	2
827	1313	-2
827	1882	2
827	2030	-2
828	868	1
828	1015	1
828	1326	-2
828	1900	-2
828	1913	-2
829	937	1
829	991	1
829	1016	1
829	1091	-2
829	1197	-2
829	1864	2
830	901	1
830	1003	1
830	1495	2
830	1598	-2
830	1887	-2
831	893	1
831	1132	2
831	1244	2
831	1637	-2
832	848	1
832	941	1
832	1020	1
832	1817	-2
832	1942	-2
832	2007	-2
833	896	1
833	1006	1
833	1223	2
833	1545	-2
833	1859	2
834	993	1
834	1016	1
834	1680	-2
834	1748	-2
834	1820	2
835	897	1
835	942	1
835	1457	2
835	1611	-2
835	1890	2
836	1022	1
836	1109	-2
836	1249	-2
836	1424	-2
837	981	1
837	1678	2
837	1819	-2
837	1916	2
838	1000	1
838	1158	-2
838	1362	-2
838	1595	-2
839	990	1
839	1229	2
839	1842	2
839	2017	-2
840	1000	1
840	1307	-2
840	1345	-2
840	1600	-2
841	903	1
841	1179	-2
841	1416	-2
841	2041	2
842	1166	2
842	1320	-2
842	1718	-2
843	856	1
843	1474	-2
843	1518	-2
843	1918	-2
844	1013	1
844	1628	-2
844	1774	2
844	1824	2
845	855	1
845	933	1
845	1418	2
845	1655	2
845	1877	-2
846	909	1
846	1012	1
846	1018	1
846	1262	-2
846	1390	2
846	1535	2
847	953	1
847	969	1
847	1325	2
847	1922	2
847	2015	-2
848	941	1
848	1565	2
848	1817	-2
848	1914	2
849	867	1
849	953	1
849	999	1
849	1050	-2
849	1280	-2
849	1885	-2
850	852	1
850	929	1
850	1014	1
850	1235	-2
850	1618	2
850	1629	2
851	921	1
851	1092	-2
851	1226	2
851	1258	-2
852	930	1
852	1588	2
852	1618	2
852	1935	2
853	920	1
853	986	1
853	1138	2
853	1626	2
853	1818	-2
854	920	1
854	1096	2
854	1294	-2
854	1571	2
855	1418	2
855	1738	2
855	1880	-2
856	1468	-2
856	1861	-2
856	1918	-2
857	956	1
857	1049	2
857	1139	-2
857	1705	-2
858	913	1
858	997	1
858	1004	1
858	1599	-2
858	1651	-2
858	1971	2
859	988	1
859	1323	-2
859	1538	-2
859	1659	2
860	1261	-2
860	1698	-2
860	1791	2
861	896	1
861	1042	-2
861	1364	2
861	1556	-2
862	1334	2
862	1902	-2
862	1978	2
863	867	1
863	873	1
863	1562	-2
863	1701	2
863	1957	-2
864	959	1
864	968	1
864	1688	2
864	1758	2
864	1761	2
865	948	1
865	1160	2
865	1940	2
865	1986	-2
866	893	1
866	1028	2
866	1534	-2
866	1901	-2
867	953	1
867	1848	-2
867	1885	-2
867	1957	-2
868	984	1
868	995	1
868	1155	2
868	1326	-2
868	1529	-2
869	969	1
869	975	1
869	1209	-2
869	1805	-2
869	1909	-2
870	915	1
870	987	1
870	1130	2
870	1338	-2
870	1578	2
871	1023	1
871	1386	2
871	1572	2
871	1948	2
872	1048	2
872	1372	2
872	1634	2
873	1533	2
873	1701	2
873	1892	-2
874	1175	-2
874	1601	-2
874	1856	-2
875	895	1
875	1274	-2
875	1752	-2
875	2046	2
876	999	1
876	1636	2
876	1875	2
876	2011	2
877	921	1
877	977	1
877	984	1
877	1335	2
877	1358	2
877	1521	-2
878	936	1
878	957	1
878	1003	1
878	1122	-2
878	1322	-2
878	1464	2
879	979	1
879	1590	2
879	1673	2
879	1963	-2
880	958	1
880	1253	2
880	1370	-2
880	1635	-2
881	885	1
881	1110	-2
881	1568	2
881	2025	2
882	1349	2
882	1488	-2
882	1799	-2
883	1135	2
883	1137	-2
883	1710	2
884	1746	2
884	1950	2
884	1974	2
885	1037	2
885	1568	2
885	1850	2
886	1202	-2
886	1781	-2
886	1938	-2
887	1724	2
887	1753	-2
887	1888	-2
888	983	1
888	1289	-2
888	1639	-2
888	1796	2
889	891	1
889	901	1
889	961	1
889	1095	-2
889	1972	2
889	2002	-2
890	929	1
890	981	1
890	1923	-2
890	1933	-2
890	2024	2
891	901	1
891	902	1
891	1239	-2
891	1810	2
891	2002	-2
892	1087	2
892	1937	2
892	1970	-2
893	1028	2
893	1244	2
893	1860	-2
894	1234	2
894	1462	-2
894	1711	-2
895	1752	-2
895	1765	2
895	1873	-2
896	1006	1
896	1042	-2
896	1407	-2
896	1859	2
897	902	1
897	923	1
897	1167	-2
897	1485	2
897	1611	-2
898	1083	-2
898	1328	-2
898	1581	2
899	1394	2
899	1494	2
899	1763	2
900	1317	-2
900	1459	2
900	1679	2
901	926	1
901	1081	-2
901	1495	2
901	2002	-2
902	923	1
902	1167	-2
902	1810	2
902	1924	2
903	1416	-2
903	1603	2
903	2044	-2
904	1515	-2
904	1517	-2
904	1614	2
905	1330	-2
905	1919	-2
905	1934	-2
906	920	1
906	977	1
906	1064	-2
906	1336	2
906	1477	2
907	928	1
907	1078	-2
907	1180	-2
907	1245	2
908	916	1
908	1227	-2
908	1505	-2
908	1823	-2
909	918	1
909	1012	1
909	1390	2
909	1697	2
909	1737	2
910	1540	-2
910	1745	-2
910	1826	-2
911	1152	2
911	1413	2
911	1531	-2
912	1716	-2
912	1741	-2
912	1944	2
913	952	1
913	1541	-2
913	1651	-2
913	1690	-2
914	1295	-2
914	1493	2
914	1539	2
915	987	1
915	1130	2
915	1185	2
915	1967	-2
916	1227	-2
916	1271	-2
916	1433	-2
917	1254	2
917	1670	2
917	1907	-2
918	1085	-2
918	1737	2
918	1847	2
919	1528	2
919	1775	-2
919	2033	-2
920	1294	-2
920	1336	2
920	1818	-2
921	977	1
921	1092	-2
921	1268	2
921	1358	2
922	1005	1
922	1171	-2
922	1427	-2
922	1576	-2
923	1167	-2
923	1862	-2
923	2038	-2
924	1009	1
924	1156	2
924	1356	-2
924	1984	2
925	1385	2
925	1417	-2
925	1896	-2
926	1081	-2
926	1117	2
926	1140	2
927	978	1
927	991	1
927	1813	2
927	1898	-2
927	2020	2
928	1245	2
928	1303	-2
928	1559	-2
929	1014	1
929	1045	-2
929	1629	2
929	2024	2
930	1708	-2
930	1797	2
930	1935	2
931	932	1
931	1286	2
931	1450	-2
931	1722	2
932	1161	-2
932	1722	2
932	1728	-2
933	1039	2
933	1655	2
933	1988	2
934	982	1
934	1183	2
934	1525	2
934	1953	-2
935	964	1
935	1136	2
935	1251	-2
935	1491	-2
936	1230	2
936	1464	2
936	1870	-2
937	1016	1
937	1451	2
937	1801	2
937	1864	2
938	1548	-2
938	1782	2
938	1927	2
939	1181	2
939	1989	-2
939	2037	2
940	1442	2
940	1664	-2
940	1992	2
941	1406	2
941	1817	-2
941	1926	-2
942	1066	-2
942	1102	-2
942	1890	2
943	1395	2
943	1617	-2
943	1955	2
944	1013	1
944	1487	-2
944	1841	2
944	1995	-2
945	1216	2
945	1304	2
945	1700	-2
946	963	1
946	1218	2
946	1301	2
946	1389	2
947	950	1
947	1270	2
947	1585	-2
947	1709	2
948	987	1
948	994	1
948	1671	-2
948	1831	2
948	1986	-2
949	1542	2
949	1549	2
949	1804	-2
950	955	1
950	1243	2
950	1585	-2
950	1657	-2
951	1558	2
951	1564	-2
951	1652	2
952	1541	-2
952	1872	-2
952	1941	2
953	1220	-2
953	1885	-2
953	2015	-2
954	970	1
954	1025	-2
954	1080	-2
954	1954	2
955	1124	2
955	1354	2
955	1657	-2
956	1076	2
956	1139	-2
956	1772	2
957	1003	1
957	1115	-2
957	1122	-2
957	1147	2
958	1052	-2
958	1370	-2
958	1853	2
959	968	1
959	972	1
959	1002	1
959	1649	2
959	1660	2
959	1758	2
960	1259	-2
960	1448	2
960	2023	-2
961	1095	-2
961	1767	2
961	1768	2
962	970	1
962	1339	2
962	1444	-2
962	1669	2
963	1218	2
963	1368	-2
963	1717	-2
964	1060	2
964	1251	-2
964	1961	2
965	1041	2
965	1302	-2
965	1650	-2
966	989	1
966	1173	-2
966	1297	2
966	1434	-2
967	993	1
967	1519	-2
967	1693	-2
967	1891	-2
968	1133	-2
968	1164	2
968	1758	2
969	1787	-2
969	1909	-2
969	1922	2
970	1632	-2
970	1669	2
970	1954	2
971	1713	-2
971	1792	-2
971	1911	-2
972	1400	2
972	1649	2
972	1699	-2
973	1843	-2
973	1910	2
973	2029	-2
974	1201	-2
974	1404	2
974	1589	-2
975	1282	2
975	1682	-2
975	1805	-2
976	1079	2
976	1644	-2
976	1676	-2
977	1064	-2
977	1141	-2
977	1358	2
978	991	1
978	1019	1
978	1153	2
978	1813	2
978	1956	-2
979	1500	-2
979	1590	2
979	1983	-2
980	1222	-2
980	1630	-2
980	1894	-2
981	1819	-2
981	1829	-2
981	1923	-2
982	1006	1
982	1120	-2
982	1183	2
982	1283	2
983	1289	-2
983	1344	2
983	1580	2
984	995	1
984	1335	2
984	1529	-2
984	2014	2
985	1017	1
985	1189	2
985	1605	2
985	1663	-2
986	1279	2
986	1520	2
986	1626	2
987	994	1
987	1130	2
987	1594	-2
987	1671	-2
988	1053	2
988	1323	-2
988	1503	2
989	1123	2
989	1173	-2
989	1739	2
990	1229	2
990	1263	-2
990	1305	2
991	1197	-2
991	1555	2
991	1813	2
992	1449	-2
992	1778	2
992	1783	-2
993	1314	2
993	1519	-2
993	1748	-2
994	1608	2
994	1671	-2
994	2040	-2
995	1257	-2
995	1310	-2
995	1529	-2
996	1006	1
996	1011	1
996	1012	1
996	1319	2
996	1483	2
996	1908	-2
997	1004	1
997	1599	-2
997	1620	-2
997	1815	2
998	1149	2
998	1256	-2
998	1863	-2
999	1280	-2
999	1318	-2
999	1636	2
1000	1214	2
1000	1307	-2
1000	1362	-2
1001	1176	2
1001	1482	-2
1001	1622	-2
1002	1162	2
1002	1660	2
1002	1666	2
1003	1122	-2
1003	1269	-2
1003	1887	-2
1004	1599	-2
1004	1881	-2
1004	1964	2
1005	1576	-2
1005	1694	2
1005	1835	-2
1006	1011	1
1006	1283	2
1006	1319	2
1006	1859	2
1007	1536	2
1007	1658	2
1007	1869	2
1008	1018	1
1008	1112	2
1008	1363	-2
1008	1903	2
1009	1356	-2
1009	1744	2
1009	1785	-2
1010	1072	2
1010	1169	-2
1010	1293	2
1011	1319	2
1011	1672	2
1011	1696	-2
1012	1390	2
1012	1807	2
1012	1908	-2
1013	1266	2
1013	1774	2
1013	1841	2
1014	1198	-2
1014	1629	2
1014	1852	-2
1015	1199	-2
1015	1913	-2
1015	2009	2
1016	1157	2
1016	1820	2
1016	1864	2
1017	1189	2
1017	1466	2
1017	1640	-2
1018	1112	2
1018	1203	-2
1018	1535	2
1019	1097	2
1019	1845	-2
1019	1956	-2
1020	1312	2
1020	1976	2
1020	2007	-2
1021	1082	-2
1021	1241	2
1021	1764	2
1022	1221	2
1022	1249	-2
1022	1726	2
1023	1275	2
1023	1411	-2
1023	1572	2
1024	1379	-2
1024	1553	2
1024	2022	2
