1	1	1
2	2	1
3	3	3
4	4	-1
5	5	1
6	6	1
7	7	-3
8	8	-1
9	9	1
10	10	1
11	11	-1
12	12	-1
13	13	1
14	14	-1
15	15	1
16	16	1
17	17	1
18	18	-3
19	19	-1
20	20	3
21	21	-1
22	22	-1
23	23	-1
24	24	3
25	25	-1
26	26	-1
27	27	1
28	28	3
29	29	-1
30	30	-1
31	31	3
32	32	3
33	33	-1
34	34	-3
35	35	1
36	36	1
37	37	1
38	38	1
39	39	-1
40	40	-1
41	41	3
42	42	-1
43	43	1
44	44	-1
45	45	1
46	46	1
47	47	-1
48	48	-1
49	49	3
50	50	1
51	51	3
52	52	-1
53	53	-1
54	54	1
55	55	-1
56	56	-3
57	57	-1
58	58	3
59	59	-1
60	60	1
61	61	1
62	62	-1
63	63	3
64	64	-1
65	65	3
66	66	-3
67	67	-3
68	68	1
69	69	-1
70	70	-1
71	71	-1
72	72	1
73	73	1
74	74	-1
75	75	-1
76	76	3
77	77	-1
78	78	-3
79	79	1
80	80	1
81	81	1
82	82	-1
83	83	-1
84	84	1
85	85	3
86	86	-1
87	87	-1
88	88	-1
89	89	2
90	90	-2
91	91	-2
92	92	-2
93	93	-2
94	94	-2
95	95	2
96	96	-2
97	97	-2
98	98	-2
99	99	-2
100	100	-2
101	101	2
102	102	2
103	103	-2
104	104	-2
105	105	2
106	106	2
107	107	2
108	108	-2
109	109	2
110	110	-2
111	111	-2
112	112	-2
113	113	2
114	114	-2
115	115	-2
116	116	2
117	117	-2
118	118	-2
119	119	-2
120	120	2
121	121	-2
122	122	2
123	123	-2
124	124	-2
125	125	-2
126	126	-2
127	127	-2
128	128	2
129	129	2
130	130	-2
131	131	2
132	132	-2
133	133	-2
134	134	-2
135	135	-2
136	136	-2
137	137	2
138	138	2
139	139	2
140	140	-2
141	141	-2
142	142	2
143	143	-2
144	144	-2
145	145	-2
146	146	2
147	147	2
148	148	-2
149	149	2
150	150	-2
151	151	2
152	152	-2
153	153	-2
154	154	2
155	155	2
156	156	2
157	157	-2
158	158	2
159	159	-2
160	160	2
161	161	2
162	162	-2
163	163	-2
164	164	-2
165	165	2
166	166	2
167	167	2
168	168	2
169	169	-2
170	170	2
171	171	-2
172	172	-2
173	173	-2
174	174	2
175	175	2
176	176	2
1	15	1
1	21	1
1	59	1
1	66	1
1	85	1
1	86	1
1	115	-2
1	118	2
1	165	2
2	6	2
2	18	1
2	47	1
2	54	1
2	87	1
2	117	-2
2	131	2
2	139	-2
3	31	1
3	38	1
3	49	1
3	51	1
3	69	1
3	84	1
3	109	2
3	134	-2
3	146	2
4	25	1
4	34	1
4	50	1
4	67	1
4	68	1
4	82	1
4	113	2
4	132	2
4	174	-2
5	28	1
5	39	1
5	40	1
5	61	1
5	64	1
5	76	1
5	96	-2
5	100	2
5	105	2
6	54	1
6	78	1
6	82	1
6	87	1
6	103	2
6	117	-2
6	131	2
7	18	1
7	34	1
7	39	1
7	59	1
7	71	1
7	88	1
7	127	2
7	130	2
7	176	-2
8	20	1
8	74	1
8	77	1
8	78	1
8	83	1
8	86	1
8	101	-2
8	107	2
8	168	-2
9	13	1
9	24	1
9	42	1
9	46	1
9	50	1
9	88	1
9	94	-2
9	126	-2
9	159	2
10	17	2
10	35	1
10	47	1
10	80	1
10	81	1
10	111	-2
10	140	-2
10	141	2
11	14	2
11	15	1
11	30	1
11	36	1
11	81	1
11	112	-2
11	144	2
11	164	2
12	18	1
12	39	1
12	52	1
12	66	1
12	67	1
12	74	1
12	120	-2
12	128	2
12	155	-2
13	16	1
13	37	1
13	48	1
13	58	1
13	88	1
13	114	-2
13	158	2
13	159	2
14	15	1
14	25	1
14	30	1
14	36	1
14	112	-2
14	121	2
14	144	2
15	21	1
15	51	1
15	85	1
15	144	2
15	152	-2
15	165	2
16	26	1
16	41	1
16	58	1
16	70	1
16	80	1
16	147	2
16	158	2
16	166	-2
17	37	1
17	47	1
17	63	1
17	80	1
17	111	-2
17	141	2
17	157	-2
18	47	1
18	67	1
18	88	1
18	120	-2
18	130	2
18	139	-2
19	22	1
19	23	1
19	31	1
19	42	1
19	53	1
19	88	1
19	99	2
19	106	-2
19	136	-2
20	29	1
20	55	1
20	82	1
20	84	1
20	86	1
20	107	2
20	153	-2
20	172	-2
21	29	1
21	48	1
21	67	1
21	83	1
21	91	2
21	92	2
21	165	2
22	23	1
22	33	1
22	44	1
22	53	1
22	58	1
22	99	2
22	123	-2
22	129	-2
23	49	1
23	75	1
23	76	1
23	86	1
23	98	2
23	99	2
23	116	2
24	31	1
24	46	1
24	60	2
24	70	1
24	94	-2
24	133	-2
24	137	2
25	27	1
25	30	1
25	55	1
25	68	1
25	113	2
25	121	2
25	145	2
26	57	1
26	61	1
26	70	1
26	72	1
26	76	1
26	138	2
26	156	-2
26	166	-2
27	32	1
27	36	1
27	45	1
27	55	1
27	71	1
27	93	-2
27	143	-2
27	145	2
28	40	1
28	45	1
28	63	1
28	64	1
28	80	1
28	105	2
28	108	-2
28	119	-2
29	33	1
29	62	1
29	82	1
29	83	1
29	92	2
29	110	2
29	172	-2
30	51	1
30	75	1
30	81	1
30	121	2
30	164	2
30	169	-2
31	38	1
31	60	1
31	88	1
31	133	-2
31	134	-2
31	136	-2
32	41	1
32	45	1
32	46	1
32	54	1
32	65	1
32	95	2
32	143	-2
32	175	2
33	53	1
33	62	1
33	65	1
33	81	1
33	110	2
33	129	-2
33	163	-2
34	48	1
34	50	1
34	59	1
34	75	1
34	127	2
34	142	-2
34	174	-2
35	37	1
35	72	1
35	78	1
35	79	1
35	81	1
35	135	2
35	140	-2
35	154	2
36	64	1
36	69	1
36	71	1
36	93	-2
36	112	-2
36	125	2
37	48	1
37	63	1
37	78	1
37	114	-2
37	135	2
37	157	-2
38	43	1
38	56	1
38	62	1
38	69	1
38	89	2
38	134	-2
38	150	2
39	66	1
39	71	1
39	76	1
39	96	-2
39	155	-2
39	176	-2
40	47	1
40	56	1
40	57	1
40	84	1
40	90	2
40	105	2
40	162	2
41	65	1
41	73	1
41	80	1
41	83	1
41	104	-2
41	147	2
41	175	2
42	46	1
42	50	1
42	53	1
42	55	1
42	97	2
42	106	-2
42	126	-2
43	53	1
43	54	1
43	62	1
43	77	2
43	89	2
43	149	-2
43	167	2
44	52	1
44	58	1
44	59	1
44	68	1
44	79	1
44	102	-2
44	123	-2
44	148	2
45	70	1
45	80	1
45	87	1
45	108	-2
45	143	-2
45	151	-2
46	54	1
46	55	1
46	94	-2
46	95	2
46	97	2
47	57	1
47	90	2
47	111	-2
47	139	-2
48	67	1
48	75	1
48	91	2
48	114	-2
48	142	-2
49	58	1
49	68	1
49	69	1
49	76	1
49	109	2
49	116	2
49	171	-2
50	79	1
50	85	1
50	124	-2
50	126	-2
50	174	-2
51	75	1
51	84	1
51	85	1
51	146	2
51	152	-2
51	169	-2
52	62	1
52	74	2
52	79	1
52	128	2
52	148	2
52	170	-2
53	77	1
53	106	-2
53	129	-2
53	167	2
54	77	1
54	95	2
54	117	-2
54	149	-2
55	84	1
55	97	2
55	145	2
55	153	-2
56	69	1
56	71	1
56	84	1
56	87	1
56	150	2
56	160	-2
56	162	2
57	61	1
57	65	1
57	72	1
57	90	2
57	156	-2
57	161	2
58	68	1
58	123	-2
58	158	2
58	171	-2
59	68	1
59	85	1
59	102	-2
59	115	-2
59	127	2
60	66	1
60	70	1
60	73	1
60	122	-2
60	133	-2
60	137	2
61	64	1
61	65	1
61	76	1
61	100	2
61	138	2
61	161	2
62	74	1
62	89	2
62	110	2
62	170	-2
63	64	1
63	72	1
63	73	1
63	119	-2
63	157	-2
63	173	-2
64	69	1
64	100	2
64	119	-2
64	125	2
65	81	1
65	161	2
65	163	-2
65	175	2
66	73	1
66	86	1
66	118	2
66	122	-2
66	155	-2
67	82	1
67	91	2
67	120	-2
67	132	2
68	102	-2
68	113	2
68	171	-2
69	109	2
69	125	2
69	150	2
70	87	1
70	137	2
70	151	-2
70	166	-2
71	87	1
71	93	-2
71	160	-2
71	176	-2
72	73	1
72	79	1
72	154	2
72	156	-2
72	173	-2
73	83	1
73	104	-2
73	122	-2
73	173	-2
74	77	1
74	128	2
74	168	-2
74	170	-2
75	86	1
75	98	2
75	142	-2
75	169	-2
76	96	-2
76	116	2
76	138	2
77	149	-2
77	167	2
77	168	-2
78	82	1
78	83	1
78	101	-2
78	103	2
78	135	2
79	85	1
79	124	-2
79	148	2
79	154	2
80	108	-2
80	141	2
80	147	2
81	140	-2
81	163	-2
81	164	2
82	103	2
82	132	2
82	172	-2
83	92	2
83	101	-2
83	104	-2
84	146	2
84	153	-2
84	162	2
85	115	-2
85	124	-2
85	152	-2
86	98	2
86	107	2
86	118	2
87	131	2
87	151	-2
87	160	-2
88	130	2
88	136	-2
88	159	2
