1	1	-1
2	2	-1
3	3	1
4	4	1
5	5	-1
6	6	-1
7	7	1
8	8	3
9	9	3
10	10	3
11	11	1
12	12	1
13	13	1
14	14	1
15	15	-1
16	16	-3
17	17	-1
18	18	1
19	19	-1
20	20	-1
21	21	1
22	22	3
23	23	-3
24	24	1
25	25	-1
26	26	-1
27	27	1
28	28	1
29	29	1
30	30	-3
31	31	-3
32	32	-1
33	33	-1
34	34	1
35	35	-1
36	36	-1
37	37	-1
38	38	1
39	39	-1
40	40	3
41	41	-1
42	42	1
43	43	-1
44	44	1
45	45	1
46	46	-1
47	47	-1
48	48	-1
49	49	3
50	50	-3
51	51	3
52	52	3
53	53	3
54	54	1
55	55	-1
56	56	-1
57	57	-1
58	58	1
59	59	-1
60	60	3
61	61	3
62	62	-1
63	63	-1
64	64	-1
65	65	-1
66	66	-1
67	67	1
68	68	1
69	69	-1
70	70	-1
71	71	-3
72	72	-1
73	73	-1
74	74	-3
75	75	-1
76	76	1
77	77	-1
78	78	1
79	79	1
80	80	-3
81	81	1
82	82	1
83	83	-3
84	84	1
85	85	1
86	86	-1
87	87	1
88	88	-1
89	89	1
90	90	-1
91	91	-1
92	92	1
93	93	-1
94	94	1
95	95	3
96	96	-1
97	97	-3
98	98	1
99	99	1
100	100	1
101	101	-3
102	102	1
103	103	3
104	104	1
105	105	-1
106	106	1
107	107	-3
108	108	-3
109	109	1
110	110	-1
111	111	1
112	112	3
113	113	1
114	114	-1
115	115	-1
116	116	1
117	117	1
118	118	3
119	119	3
120	120	-3
121	121	1
122	122	3
123	123	1
124	124	1
125	125	-1
126	126	1
127	127	-1
128	128	3
129	129	1
130	130	3
131	131	1
132	132	-1
133	133	-1
134	134	-1
135	135	3
136	136	1
137	137	-3
138	138	1
139	139	-3
140	140	3
141	141	3
142	142	3
143	143	-3
144	144	-1
145	145	-1
146	146	1
147	147	-1
148	148	1
149	149	-1
150	150	-1
151	151	-1
152	152	1
153	153	-1
154	154	-1
155	155	-1
156	156	1
157	157	1
158	158	-1
159	159	-1
160	160	1
161	161	-1
162	162	3
163	163	-1
164	164	-3
165	165	1
166	166	-1
167	167	-3
168	168	1
169	169	-1
170	170	1
171	171	-1
172	172	-1
173	173	-1
174	174	-1
175	175	-1
176	176	3
177	177	-1
178	178	1
179	179	-1
180	180	-1
181	181	-1
182	182	1
183	183	1
184	184	-1
185	185	1
186	186	-1
187	187	-3
188	188	-1
189	189	-1
190	190	-1
191	191	-1
192	192	3
193	193	-3
194	194	-1
195	195	-1
196	196	1
197	197	1
198	198	-3
199	199	-1
200	200	-1
201	201	-1
202	202	3
203	203	-1
204	204	-1
205	205	-3
206	206	-3
207	207	-1
208	208	-1
209	209	-3
210	210	-1
211	211	3
212	212	1
213	213	1
214	214	-1
215	215	1
216	216	-1
217	217	1
218	218	1
219	219	-1
220	220	1
221	221	3
222	222	1
223	223	-1
224	224	1
225	225	3
226	226	1
227	227	3
228	228	-1
229	229	1
230	230	1
231	231	-1
232	232	1
233	233	3
234	234	1
235	235	1
236	236	1
237	237	-1
238	238	-1
239	239	-3
240	240	-3
241	241	-1
242	242	-3
243	243	1
244	244	-1
245	245	3
246	246	1
247	247	-1
248	248	1
249	249	1
250	250	-1
251	251	-1
252	252	1
253	253	1
254	254	-3
255	255	-3
256	256	1
257	257	-1
258	258	1
259	259	-1
260	260	-3
261	261	1
262	262	1
263	263	-1
264	264	1
265	265	1
266	266	1
267	267	-1
268	268	-1
269	269	-3
270	270	3
271	271	1
272	272	1
273	273	3
274	274	1
275	275	3
276	276	3
277	277	-1
278	278	1
279	279	1
280	280	-3
281	281	-1
282	282	1
283	283	-1
284	284	-3
285	285	1
286	286	1
287	287	3
288	288	3
289	289	-1
290	290	-1
291	291	1
292	292	1
293	293	-1
294	294	-3
295	295	-3
296	296	-1
297	297	-1
298	298	1
299	299	1
300	300	-1
301	301	-1
302	302	1
303	303	-1
304	304	1
305	305	-3
306	306	1
307	307	1
308	308	-1
309	309	-1
310	310	-3
311	311	-1
312	312	-3
313	313	3
314	314	1
315	315	3
316	316	-1
317	317	1
318	318	-1
319	319	-1
320	320	-1
321	321	1
322	322	3
323	323	-3
324	324	1
325	325	-1
326	326	-3
327	327	-1
328	328	-1
329	329	-1
330	330	3
331	331	3
332	332	1
333	333	1
334	334	-3
335	335	1
336	336	-1
337	337	-1
338	338	-1
339	339	1
340	340	1
341	341	-3
342	342	3
343	343	3
344	344	1
345	345	-1
346	346	1
347	347	-1
348	348	-1
349	349	-1
350	350	-3
351	351	-3
352	352	-3
353	353	1
354	354	1
355	355	1
356	356	1
357	357	1
358	358	1
359	359	1
360	360	-1
361	361	3
362	362	1
363	363	3
364	364	1
365	365	1
366	366	1
367	367	1
368	368	-1
369	369	-1
370	370	1
371	371	1
372	372	-1
373	373	-3
374	374	-1
375	375	-1
376	376	-1
377	377	1
378	378	-1
379	379	1
380	380	1
381	381	-3
382	382	1
383	383	-1
384	384	-1
385	385	-1
386	386	-3
387	387	-1
388	388	1
389	389	-1
390	390	1
391	391	1
392	392	1
393	393	-1
394	394	-1
395	395	1
396	396	3
397	397	-1
398	398	3
399	399	-1
400	400	1
401	401	-1
402	402	-1
403	403	1
404	404	1
405	405	3
406	406	1
407	407	-3
408	408	-1
409	409	-1
410	410	1
411	411	-1
412	412	3
413	413	1
414	414	-1
415	415	1
416	416	3
417	417	1
418	418	-1
419	419	1
420	420	1
421	421	-1
422	422	-1
423	423	-1
424	424	-1
425	425	1
426	426	3
427	427	-3
428	428	-1
429	429	-3
430	430	1
431	431	-1
432	432	3
433	433	-3
434	434	-1
435	435	-3
436	436	1
437	437	1
438	438	3
439	439	-1
440	440	-1
441	441	-1
442	442	1
443	443	1
444	444	-1
445	445	-1
446	446	-3
447	447	-1
448	448	1
449	449	-1
450	450	-1
451	451	-1
452	452	-1
453	453	-1
454	454	1
455	455	-3
456	456	1
457	457	-1
458	458	1
459	459	-3
460	460	-3
461	461	-1
462	462	-1
463	463	-3
464	464	-1
465	465	-1
466	466	-1
467	467	1
468	468	-1
469	469	-3
470	470	1
471	471	3
472	472	-1
473	473	1
474	474	-1
475	475	-3
476	476	-3
477	477	-1
478	478	-1
479	479	1
480	480	1
481	481	1
482	482	-3
483	483	1
484	484	-1
485	485	-1
486	486	3
487	487	-1
488	488	-1
489	489	1
490	490	-1
491	491	1
492	492	-3
493	493	-3
494	494	-1
495	495	-3
496	496	-1
497	497	-1
498	498	1
499	499	-1
500	500	1
501	501	-1
502	502	-1
503	503	-1
504	504	1
505	505	-1
506	506	1
507	507	3
508	508	-1
509	509	-1
510	510	-1
511	511	1
512	512	1
513	513	2
514	514	2
515	515	-2
516	516	-2
517	517	2
518	518	-2
519	519	-2
520	520	-2
521	521	2
522	522	-2
523	523	-2
524	524	2
525	525	-2
526	526	2
527	527	2
528	528	2
529	529	-2
530	530	-2
531	531	-2
532	532	-2
533	533	2
534	534	-2
535	535	-2
536	536	-2
537	537	-2
538	538	-2
539	539	2
540	540	2
541	541	2
542	542	2
543	543	-2
544	544	-2
545	545	-2
546	546	-2
547	547	-2
548	548	-2
549	549	2
550	550	2
551	551	-2
552	552	2
553	553	-2
554	554	-2
555	555	-2
556	556	-2
557	557	2
558	558	-2
559	559	2
560	560	2
561	561	2
562	562	-2
563	563	-2
564	564	2
565	565	-2
566	566	2
567	567	2
568	568	2
569	569	2
570	570	-2
571	571	2
572	572	2
573	573	2
574	574	-2
575	575	-2
576	576	-2
577	577	2
578	578	2
579	579	2
580	580	2
581	581	-2
582	582	2
583	583	-2
584	584	2
585	585	-2
586	586	-2
587	587	-2
588	588	2
589	589	2
590	590	-2
591	591	2
592	592	2
593	593	-2
594	594	-2
595	595	-2
596	596	-2
597	597	-2
598	598	2
599	599	-2
600	600	2
601	601	2
602	602	-2
603	603	-2
604	604	-2
605	605	2
606	606	-2
607	607	2
608	608	-2
609	609	-2
610	610	2
611	611	2
612	612	-2
613	613	-2
614	614	-2
615	615	-2
616	616	-2
617	617	2
618	618	2
619	619	-2
620	620	-2
621	621	2
622	622	2
623	623	2
624	624	-2
625	625	2
626	626	-2
627	627	-2
628	628	-2
629	629	-2
630	630	-2
631	631	2
632	632	-2
633	633	-2
634	634	2
635	635	-2
636	636	2
637	637	2
638	638	2
639	639	2
640	640	-2
641	641	2
642	642	-2
643	643	2
644	644	2
645	645	2
646	646	-2
647	647	2
648	648	2
649	649	-2
650	650	2
651	651	2
652	652	2
653	653	-2
654	654	2
655	655	2
656	656	-2
657	657	2
658	658	-2
659	659	-2
660	660	2
661	661	2
662	662	2
663	663	-2
664	664	-2
665	665	-2
666	666	2
667	667	-2
668	668	-2
669	669	2
670	670	-2
671	671	-2
672	672	-2
673	673	-2
674	674	-2
675	675	2
676	676	2
677	677	-2
678	678	2
679	679	-2
680	680	-2
681	681	2
682	682	2
683	683	2
684	684	-2
685	685	-2
686	686	2
687	687	-2
688	688	2
689	689	2
690	690	2
691	691	-2
692	692	-2
693	693	2
694	694	-2
695	695	-2
696	696	2
697	697	2
698	698	2
699	699	2
700	700	-2
701	701	-2
702	702	-2
703	703	2
704	704	-2
705	705	2
706	706	-2
707	707	2
708	708	2
709	709	2
710	710	-2
711	711	-2
712	712	2
713	713	-2
714	714	2
715	715	-2
716	716	2
717	717	2
718	718	-2
719	719	-2
720	720	-2
721	721	2
722	722	-2
723	723	-2
724	724	-2
725	725	2
726	726	-2
727	727	2
728	728	-2
729	729	2
730	730	-2
731	731	-2
732	732	2
733	733	2
734	734	-2
735	735	-2
736	736	-2
737	737	2
738	738	-2
739	739	-2
740	740	-2
741	741	2
742	742	2
743	743	-2
744	744	-2
745	745	2
746	746	-2
747	747	-2
748	748	2
749	749	-2
750	750	2
751	751	-2
752	752	-2
753	753	2
754	754	-2
755	755	2
756	756	2
757	757	2
758	758	2
759	759	2
760	760	2
761	761	-2
762	762	-2
763	763	-2
764	764	2
765	765	-2
766	766	2
767	767	-2
768	768	-2
769	769	-2
770	770	2
771	771	-2
772	772	2
773	773	-2
774	774	-2
775	775	2
776	776	2
777	777	-2
778	778	-2
779	779	2
780	780	-2
781	781	2
782	782	2
783	783	2
784	784	2
785	785	2
786	786	2
787	787	-2
788	788	2
789	789	2
790	790	-2
791	791	2
792	792	2
793	793	-2
794	794	-2
795	795	-2
796	796	2
797	797	2
798	798	2
799	799	-2
800	800	-2
801	801	2
802	802	2
803	803	2
804	804	2
805	805	-2
806	806	2
807	807	-2
808	808	-2
809	809	2
810	810	-2
811	811	2
812	812	-2
813	813	-2
814	814	2
815	815	2
816	816	-2
817	817	-2
818	818	-2
819	819	2
820	820	-2
821	821	-2
822	822	-2
823	823	-2
824	824	2
825	825	2
826	826	-2
827	827	-2
828	828	-2
829	829	-2
830	830	2
831	831	2
832	832	-2
833	833	2
834	834	2
835	835	-2
836	836	-2
837	837	-2
838	838	-2
839	839	2
840	840	2
841	841	-2
842	842	2
843	843	-2
844	844	2
845	845	-2
846	846	2
847	847	-2
848	848	2
849	849	2
850	850	-2
851	851	2
852	852	2
853	853	-2
854	854	2
855	855	-2
856	856	-2
857	857	-2
858	858	2
859	859	-2
860	860	2
861	861	2
862	862	2
863	863	2
864	864	2
865	865	2
866	866	-2
867	867	2
868	868	2
869	869	2
870	870	2
871	871	-2
872	872	-2
873	873	-2
874	874	-2
875	875	-2
876	876	2
877	877	2
878	878	-2
879	879	-2
880	880	2
881	881	-2
882	882	-2
883	883	2
884	884	2
885	885	-2
886	886	2
887	887	2
888	888	2
889	889	-2
890	890	-2
891	891	2
892	892	2
893	893	-2
894	894	-2
895	895	-2
896	896	2
897	897	-2
898	898	2
899	899	2
900	900	-2
901	901	2
902	902	-2
903	903	2
904	904	2
905	905	-2
906	906	2
907	907	2
908	908	2
909	909	-2
910	910	-2
911	911	2
912	912	2
913	913	2
914	914	2
915	915	2
916	916	2
917	917	-2
918	918	-2
919	919	2
920	920	-2
921	921	-2
922	922	-2
923	923	2
924	924	-2
925	925	2
926	926	-2
927	927	-2
928	928	2
929	929	-2
930	930	-2
931	931	-2
932	932	-2
933	933	-2
934	934	-2
935	935	-2
936	936	2
937	937	2
938	938	-2
939	939	-2
940	940	2
941	941	-2
942	942	-2
943	943	2
944	944	2
945	945	-2
946	946	-2
947	947	2
948	948	-2
949	949	-2
950	950	2
951	951	2
952	952	2
953	953	2
954	954	2
955	955	-2
956	956	2
957	957	-2
958	958	2
959	959	-2
960	960	2
961	961	-2
962	962	-2
963	963	2
964	964	2
965	965	-2
966	966	2
967	967	-2
968	968	2
969	969	2
970	970	-2
971	971	-2
972	972	-2
973	973	-2
974	974	2
975	975	2
976	976	2
977	977	2
978	978	2
979	979	-2
980	980	-2
981	981	2
982	982	2
983	983	2
984	984	-2
985	985	-2
986	986	-2
987	987	2
988	988	-2
989	989	2
990	990	2
991	991	-2
992	992	-2
993	993	2
994	994	2
995	995	-2
996	996	-2
997	997	-2
998	998	2
999	999	2
1000	1000	2
1001	1001	2
1002	1002	-2
1003	1003	2
1004	1004	2
1005	1005	2
1006	1006	2
1007	1007	2
1008	1008	2
1009	1009	2
1010	1010	-2
1011	1011	-2
1012	1012	2
1013	1013	-2
1014	1014	2
1015	1015	2
1016	1016	-2
1017	1017	2
1018	1018	2
1019	1019	2
1020	1020	2
1021	1021	2
1022	1022	2
1023	1023	-2
1024	1024	-2
1	30	1
1	123	1
1	293	1
1	307	1
1	313	1
1	454	1
1	681	2
1	823	2
1	874	2
2	75	1
2	86	1
2	314	1
2	434	1
2	444	1
2	463	1
2	608	2
2	871	2
2	891	2
3	20	1
3	156	1
3	207	1
3	226	1
3	380	1
3	390	1
3	810	-2
3	950	2
3	956	-2
4	272	1
4	275	1
4	278	1
4	298	1
4	348	1
4	512	1
4	605	-2
4	717	2
4	724	-2
5	37	1
5	67	1
5	179	1
5	251	1
5	280	1
5	338	1
5	624	2
5	677	-2
5	817	2
6	42	1
6	243	1
6	270	1
6	394	1
6	407	1
6	453	1
6	628	-2
6	738	2
6	766	-2
7	35	1
7	58	1
7	103	1
7	146	1
7	472	1
7	475	1
7	643	-2
7	663	-2
7	890	-2
8	27	1
8	32	1
8	54	1
8	87	1
8	153	1
8	220	1
8	595	-2
8	600	2
8	877	2
9	13	1
9	58	1
9	233	1
9	333	1
9	496	1
9	498	1
9	590	-2
9	904	2
9	975	2
10	61	1
10	119	1
10	130	1
10	172	1
10	282	1
10	417	1
10	535	-2
10	543	-2
10	755	2
11	92	1
11	140	1
11	322	1
11	418	2
11	462	1
11	844	2
11	917	-2
11	986	2
12	217	1
12	241	1
12	338	1
12	354	1
12	362	1
12	467	1
12	556	2
12	841	-2
12	900	-2
13	35	1
13	305	1
13	471	1
13	498	1
13	501	1
13	582	2
13	820	2
13	975	2
14	87	1
14	106	1
14	256	1
14	343	1
14	446	1
14	461	1
14	652	2
14	727	2
14	933	2
15	72	1
15	200	1
15	244	1
15	394	1
15	403	1
15	418	1
15	617	2
15	680	2
15	752	2
16	59	1
16	90	1
16	197	1
16	213	1
16	218	1
16	264	1
16	523	2
16	784	-2
16	853	2
17	96	1
17	113	1
17	207	1
17	223	1
17	323	1
17	329	1
17	541	2
17	923	-2
17	968	-2
18	57	1
18	142	1
18	320	1
18	338	1
18	349	1
18	414	1
18	703	2
18	850	2
18	901	2
19	55	1
19	162	1
19	193	1
19	208	1
19	281	1
19	442	1
19	548	2
19	583	2
19	831	2
20	81	1
20	156	1
20	193	1
20	447	1
20	472	1
20	527	-2
20	810	-2
20	896	-2
21	43	1
21	190	1
21	242	1
21	449	1
21	477	1
21	494	1
21	555	-2
21	666	-2
21	856	-2
22	69	1
22	94	1
22	165	1
22	219	1
22	355	1
22	437	1
22	573	2
22	604	-2
22	743	-2
23	62	1
23	115	1
23	214	1
23	259	1
23	312	1
23	372	1
23	596	2
23	675	-2
23	963	-2
24	73	1
24	346	1
24	375	1
24	413	1
24	420	1
24	444	1
24	619	2
24	659	-2
24	812	-2
25	177	1
25	216	1
25	345	1
25	381	1
25	389	1
25	424	1
25	790	2
25	798	2
25	948	2
26	51	1
26	71	1
26	137	1
26	182	1
26	315	1
26	441	1
26	591	-2
26	728	-2
26	962	2
27	48	1
27	128	1
27	183	1
27	220	1
27	311	1
27	567	-2
27	595	-2
27	932	-2
28	45	1
28	100	1
28	199	1
28	234	1
28	275	1
28	308	1
28	566	-2
28	678	2
28	913	2
29	88	1
29	229	1
29	328	1
29	393	1
29	445	1
29	468	1
29	601	-2
29	801	2
29	939	-2
30	100	1
30	231	1
30	307	1
30	440	1
30	468	1
30	592	-2
30	874	2
30	951	-2
31	68	1
31	93	1
31	137	1
31	139	1
31	371	1
31	484	1
31	558	2
31	574	2
31	814	-2
32	153	1
32	252	1
32	280	1
32	296	1
32	360	1
32	600	2
32	863	-2
32	999	-2
33	48	1
33	99	1
33	168	1
33	312	1
33	485	1
33	497	1
33	580	2
33	770	-2
33	840	-2
34	174	1
34	207	1
34	256	1
34	459	1
34	478	1
34	489	1
34	879	-2
34	959	2
34	981	2
35	64	1
35	171	1
35	471	1
35	475	1
35	582	2
35	643	-2
35	805	2
36	120	1
36	196	1
36	203	1
36	222	1
36	301	1
36	403	1
36	622	-2
36	753	2
36	916	-2
37	269	1
37	276	1
37	280	1
37	471	1
37	477	1
37	533	-2
37	624	2
37	689	2
38	52	1
38	136	1
38	161	1
38	188	1
38	416	1
38	417	1
38	629	-2
38	857	2
38	892	2
39	49	1
39	55	1
39	71	1
39	150	1
39	172	1
39	476	1
39	536	2
39	922	-2
39	995	2
40	178	1
40	181	1
40	287	1
40	289	1
40	314	1
40	480	1
40	599	-2
40	664	-2
40	957	-2
41	94	1
41	172	1
41	184	1
41	244	1
41	362	1
41	495	1
41	654	-2
41	791	2
41	908	-2
42	76	1
42	93	1
42	270	1
42	420	1
42	465	1
42	520	2
42	620	-2
42	628	-2
43	228	1
43	232	1
43	325	1
43	434	1
43	477	1
43	539	-2
43	772	-2
43	856	-2
44	57	1
44	134	1
44	166	1
44	361	1
44	453	1
44	477	1
44	673	2
44	858	2
44	977	2
45	97	1
45	100	1
45	363	1
45	471	1
45	496	1
45	716	2
45	875	2
45	913	2
46	78	1
46	180	1
46	268	1
46	313	1
46	350	1
46	457	1
46	569	2
46	671	2
46	740	2
47	79	1
47	196	1
47	348	1
47	442	1
47	484	1
47	504	1
47	621	-2
47	747	2
47	971	-2
48	99	2
48	283	1
48	311	1
48	567	-2
48	580	2
48	723	2
49	55	1
49	192	1
49	225	1
49	327	1
49	358	1
49	550	2
49	571	2
49	922	-2
50	158	1
50	267	1
50	336	1
50	397	1
50	470	1
50	483	1
50	745	-2
50	767	2
50	912	-2
51	127	1
51	163	1
51	315	1
51	441	1
51	456	1
51	728	-2
51	944	2
51	970	-2
52	81	1
52	96	1
52	232	1
52	343	1
52	417	1
52	733	2
52	847	-2
52	892	2
53	67	1
53	110	1
53	118	1
53	150	1
53	210	1
53	512	1
53	540	2
53	808	-2
53	899	2
54	87	1
54	107	1
54	157	1
54	422	1
54	474	1
54	877	2
54	886	-2
54	921	-2
55	186	1
55	193	1
55	505	1
55	583	2
55	806	-2
55	922	-2
56	63	1
56	104	1
56	107	1
56	122	1
56	185	1
56	237	1
56	647	-2
56	997	2
56	1006	2
57	142	1
57	401	1
57	475	1
57	477	1
57	673	2
57	703	2
57	982	-2
58	146	1
58	233	1
58	329	1
58	455	1
58	640	2
58	890	-2
58	904	2
59	85	1
59	264	1
59	341	1
59	363	1
59	509	1
59	523	2
59	532	-2
59	843	2
60	67	1
60	145	1
60	152	1
60	235	1
60	266	1
60	511	1
60	695	-2
60	705	2
60	930	-2
61	89	1
61	109	1
61	278	1
61	417	1
61	473	1
61	755	2
61	813	-2
61	1022	2
62	219	1
62	342	1
62	372	1
62	410	1
62	500	1
62	675	-2
62	706	-2
62	909	2
63	122	1
63	300	1
63	463	1
63	465	1
63	499	1
63	842	-2
63	1006	2
63	1015	-2
64	97	1
64	168	1
64	171	1
64	375	1
64	420	1
64	714	-2
64	805	2
64	989	2
65	108	1
65	145	1
65	189	1
65	283	1
65	354	1
65	375	1
65	524	-2
65	613	-2
65	960	-2
66	105	1
66	177	1
66	255	1
66	289	1
66	304	1
66	490	1
66	734	-2
66	756	-2
66	765	2
67	118	1
67	152	1
67	179	1
67	817	2
67	899	2
67	930	-2
68	191	1
68	214	1
68	273	1
68	371	1
68	486	1
68	558	2
68	708	2
68	811	2
69	88	1
69	219	1
69	422	1
69	488	1
69	492	1
69	563	2
69	604	-2
69	607	-2
70	72	1
70	251	1
70	280	1
70	397	1
70	450	1
70	490	1
70	637	-2
70	683	2
70	732	-2
71	143	1
71	172	1
71	182	1
71	340	1
71	591	-2
71	693	-2
71	995	2
72	244	1
72	346	1
72	407	1
72	450	1
72	683	2
72	752	2
72	880	-2
73	134	1
73	295	1
73	345	1
73	346	1
73	500	1
73	634	-2
73	659	-2
73	799	2
74	214	1
74	262	1
74	319	1
74	347	1
74	428	1
74	435	1
74	682	-2
74	764	-2
74	795	2
75	91	1
75	124	1
75	310	1
75	434	1
75	452	1
75	589	-2
75	645	-2
75	891	2
76	93	1
76	176	1
76	210	1
76	223	1
76	357	1
76	513	2
76	620	-2
76	792	-2
77	82	1
77	195	1
77	271	1
77	414	1
77	479	1
77	503	1
77	526	2
77	547	2
77	855	2
78	112	1
78	178	1
78	190	1
78	313	1
78	324	1
78	538	2
78	569	2
78	889	-2
79	288	1
79	332	1
79	370	1
79	415	1
79	484	1
79	621	-2
79	639	2
79	720	-2
80	187	1
80	304	1
80	358	1
80	381	1
80	440	1
80	445	1
80	542	-2
80	707	-2
80	851	-2
81	118	1
81	193	1
81	232	1
81	392	1
81	527	-2
81	553	-2
81	847	-2
82	187	1
82	238	1
82	396	1
82	431	1
82	479	1
82	526	2
82	669	2
82	919	-2
83	156	1
83	335	1
83	461	1
83	474	1
83	508	1
83	509	1
83	837	2
83	918	2
83	1019	-2
84	104	1
84	149	1
84	157	1
84	361	1
84	405	1
84	455	1
84	692	-2
84	821	-2
84	1024	2
85	106	1
85	116	1
85	220	1
85	341	1
85	368	1
85	603	-2
85	843	2
85	945	-2
86	157	1
86	314	1
86	408	1
86	483	1
86	491	1
86	635	2
86	804	2
86	871	2
87	125	1
87	134	1
87	256	1
87	534	2
87	727	2
87	877	2
88	286	1
88	304	1
88	445	1
88	488	1
88	601	-2
88	607	-2
88	631	2
89	229	1
89	284	1
89	353	1
89	376	1
89	473	1
89	630	2
89	775	2
89	1022	2
90	213	1
90	230	1
90	266	1
90	299	1
90	408	1
90	653	-2
90	784	-2
90	865	-2
91	326	1
91	337	1
91	386	1
91	452	1
91	458	1
91	645	-2
91	754	-2
91	931	2
92	132	1
92	138	1
92	372	1
92	413	1
92	418	1
92	515	-2
92	544	-2
92	986	2
93	269	1
93	484	1
93	492	1
93	620	-2
93	814	-2
93	883	-2
94	222	1
94	355	1
94	437	1
94	495	1
94	654	-2
94	743	-2
94	885	-2
95	162	1
95	235	1
95	395	1
95	398	1
95	401	1
95	438	1
95	710	-2
95	976	2
95	978	2
96	145	1
96	297	1
96	329	1
96	343	1
96	733	2
96	936	-2
96	968	-2
97	369	1
97	375	1
97	455	1
97	496	1
97	714	-2
97	875	2
97	941	2
98	125	1
98	128	1
98	131	1
98	281	1
98	307	1
98	391	1
98	694	-2
98	777	2
98	859	-2
99	216	1
99	283	1
99	467	1
99	580	2
99	723	2
99	966	2
100	123	1
100	161	1
100	440	1
100	514	2
100	592	-2
100	913	2
101	189	1
101	204	1
101	223	1
101	302	1
101	333	1
101	370	1
101	626	2
101	797	-2
101	876	-2
102	158	1
102	169	1
102	200	1
102	221	1
102	288	1
102	291	1
102	674	-2
102	881	2
102	882	-2
103	195	1
103	217	1
103	245	1
103	246	1
103	472	1
103	638	2
103	663	-2
103	829	-2
104	157	1
104	237	1
104	274	1
104	365	1
104	650	2
104	692	-2
104	997	2
105	183	1
105	304	1
105	376	1
105	384	1
105	399	1
105	687	2
105	734	-2
105	783	-2
106	220	1
106	265	1
106	334	1
106	343	1
106	652	2
106	910	2
106	945	-2
107	121	1
107	185	1
107	422	1
107	447	1
107	647	-2
107	886	-2
107	987	-2
108	189	1
108	303	1
108	366	1
108	367	1
108	466	1
108	807	2
108	924	2
108	960	-2
109	142	1
109	268	1
109	278	1
109	292	1
109	365	1
109	614	2
109	618	2
109	813	-2
110	179	1
110	184	1
110	260	1
110	321	1
110	512	1
110	598	-2
110	751	2
110	808	-2
111	181	1
111	204	1
111	287	1
111	299	1
111	308	1
111	317	1
111	519	-2
111	529	2
111	594	-2
112	170	1
112	190	1
112	385	1
112	466	1
112	470	1
112	572	2
112	889	-2
112	961	-2
113	323	1
113	342	1
113	376	1
113	398	1
113	409	1
113	794	-2
113	862	2
113	923	-2
114	159	1
114	231	1
114	233	1
114	250	1
114	290	1
114	434	1
114	757	-2
114	781	2
114	958	-2
115	161	1
115	212	1
115	214	1
115	249	1
115	506	1
115	528	-2
115	676	2
115	963	-2
116	190	1
116	270	1
116	368	1
116	419	1
116	450	1
116	565	2
116	603	-2
116	612	-2
117	160	1
117	350	1
117	351	1
117	355	1
117	380	1
117	419	1
117	587	-2
117	648	2
117	668	2
118	213	1
118	392	1
118	502	1
118	553	-2
118	869	2
118	899	2
119	177	1
119	282	1
119	339	1
119	383	1
119	410	1
119	535	-2
119	942	-2
119	1003	2
120	127	1
120	359	1
120	403	1
120	427	1
120	433	1
120	622	-2
120	665	2
120	967	2
121	265	1
121	339	1
121	426	1
121	447	1
121	458	1
121	633	-2
121	701	-2
121	987	-2
122	227	1
122	252	1
122	311	1
122	500	1
122	925	2
122	954	2
122	1006	2
123	161	1
123	313	1
123	334	1
123	462	1
123	514	2
123	681	2
123	897	2
124	237	1
124	267	1
124	310	1
124	410	1
124	506	1
124	589	-2
124	662	2
124	761	-2
125	134	1
125	313	1
125	330	1
125	391	1
125	534	2
125	777	2
125	935	-2
126	169	1
126	181	1
126	276	1
126	428	1
126	456	1
126	510	1
126	560	2
126	787	2
126	946	-2
127	272	1
127	281	1
127	427	1
127	456	1
127	773	2
127	967	2
127	970	-2
128	131	1
128	142	1
128	183	1
128	412	1
128	632	-2
128	859	-2
128	932	-2
129	156	1
129	288	1
129	384	1
129	440	1
129	461	1
129	472	1
129	825	2
129	985	2
129	1012	2
130	172	1
130	218	1
130	320	1
130	371	1
130	470	1
130	543	-2
130	864	2
130	870	2
131	132	1
131	290	1
131	388	1
131	391	1
131	597	-2
131	736	2
131	859	-2
132	138	1
132	259	1
132	290	1
132	295	1
132	544	-2
132	670	2
132	736	2
133	291	1
133	294	1
133	423	1
133	446	1
133	463	1
133	511	1
133	789	-2
133	1011	2
133	1016	-2
134	345	1
134	453	1
134	534	2
134	634	-2
134	858	2
135	148	1
135	225	1
135	243	1
135	279	1
135	322	1
135	398	1
135	940	2
135	974	2
135	983	2
136	246	1
136	306	1
136	349	1
136	416	1
136	467	1
136	570	-2
136	629	-2
136	1013	2
137	139	1
137	144	1
137	377	1
137	441	1
137	574	2
137	962	2
137	1018	-2
138	149	1
138	185	1
138	220	1
138	493	1
138	516	-2
138	544	-2
138	822	2
139	153	1
139	372	1
139	419	1
139	439	1
139	574	2
139	830	-2
139	947	-2
140	259	1
140	322	1
140	384	1
140	415	1
140	510	1
140	749	-2
140	809	2
140	844	2
141	171	1
141	212	1
141	271	1
141	293	1
141	302	1
141	335	1
141	905	-2
141	915	2
141	998	2
142	365	1
142	412	1
142	618	2
142	632	-2
142	703	2
143	165	1
143	217	1
143	239	1
143	257	1
143	340	1
143	693	-2
143	725	-2
143	786	-2
144	377	1
144	388	1
144	412	1
144	421	1
144	474	1
144	688	-2
144	980	-2
144	1018	-2
145	283	1
145	297	1
145	511	1
145	524	-2
145	705	2
145	936	-2
146	151	2
146	245	1
146	487	1
146	611	-2
146	890	-2
146	1020	2
147	213	1
147	285	1
147	405	1
147	427	1
147	496	1
147	502	1
147	559	-2
147	712	-2
147	990	2
148	194	1
148	225	1
148	314	1
148	400	1
148	459	1
148	778	2
148	920	-2
148	983	2
149	185	1
149	327	1
149	352	1
149	455	1
149	516	-2
149	610	-2
149	1024	2
150	210	1
150	387	1
150	401	1
150	476	1
150	536	2
150	540	2
150	934	2
151	245	1
151	379	1
151	415	1
151	487	1
151	611	-2
151	873	2
151	1020	2
152	274	1
152	277	1
152	411	1
152	460	1
152	748	2
152	930	-2
152	937	-2
153	417	1
153	419	1
153	443	1
153	600	2
153	672	2
153	947	-2
154	155	1
154	240	1
154	249	1
154	257	1
154	278	1
154	378	1
154	521	-2
154	898	-2
154	955	-2
155	336	1
155	378	1
155	414	1
155	432	1
155	436	1
155	545	2
155	898	-2
155	927	-2
156	440	1
156	474	1
156	810	-2
156	825	2
156	837	2
157	408	1
157	474	1
157	635	2
157	692	-2
157	921	-2
158	169	1
158	221	1
158	265	1
158	267	1
158	867	2
158	881	2
158	912	-2
159	210	1
159	379	1
159	393	1
159	434	1
159	512	1
159	588	2
159	684	2
159	958	-2
160	211	1
160	285	1
160	306	1
160	380	1
160	509	1
160	648	2
160	846	-2
160	911	2
161	188	1
161	212	1
161	514	2
161	528	-2
161	857	2
162	224	1
162	285	1
162	438	1
162	442	1
162	562	-2
162	831	2
162	976	2
163	249	1
163	251	1
163	441	1
163	462	1
163	494	1
163	750	-2
163	944	2
163	1005	-2
164	175	1
164	308	1
164	345	1
164	386	1
164	482	2
164	979	2
164	1002	2
164	1004	-2
165	257	1
165	331	1
165	437	1
165	507	1
165	573	2
165	725	-2
165	818	-2
166	174	1
166	191	1
166	341	1
166	361	1
166	458	1
166	568	-2
166	838	2
166	977	2
167	174	1
167	263	1
167	295	1
167	352	1
167	466	1
167	510	1
167	785	-2
167	832	2
167	1007	-2
168	173	1
168	312	1
168	416	1
168	420	1
168	744	-2
168	840	-2
168	989	2
169	276	1
169	373	1
169	429	1
169	685	2
169	881	2
169	946	-2
170	310	1
170	318	1
170	319	1
170	385	1
170	457	1
170	525	-2
170	572	2
170	854	-2
171	212	1
171	451	1
171	503	1
171	803	-2
171	805	2
171	915	2
172	184	1
172	543	-2
172	908	-2
172	995	2
173	298	1
173	416	1
173	431	1
173	482	1
173	499	1
173	722	2
173	744	-2
173	996	2
174	341	1
174	478	1
174	510	1
174	568	-2
174	879	-2
174	1007	-2
175	182	1
175	216	1
175	224	1
175	402	1
175	482	1
175	576	-2
175	796	-2
175	1002	2
176	192	1
176	332	1
176	353	1
176	357	1
176	438	1
176	513	2
176	691	-2
176	914	2
177	255	1
177	339	1
177	381	1
177	765	2
177	790	2
177	1003	2
178	181	1
178	301	1
178	321	1
178	324	1
178	538	2
178	599	-2
178	1021	2
179	260	1
179	303	1
179	504	1
179	598	-2
179	817	2
179	906	2
180	233	1
180	350	1
180	452	1
180	473	1
180	495	1
180	656	-2
180	671	2
180	828	2
181	308	1
181	510	1
181	529	2
181	599	-2
181	787	2
182	224	1
182	268	1
182	270	1
182	576	-2
182	591	-2
182	644	2
183	261	1
183	376	1
183	489	1
183	687	2
183	932	-2
183	969	2
184	250	1
184	321	1
184	406	1
184	697	2
184	751	2
184	908	-2
185	273	1
185	309	1
185	516	-2
185	647	-2
185	759	2
186	192	1
186	236	1
186	277	1
186	387	1
186	505	1
186	698	-2
186	782	2
186	806	-2
187	235	1
187	332	1
187	358	1
187	431	1
187	615	2
187	707	-2
187	919	-2
188	425	1
188	437	1
188	490	1
188	502	1
188	623	-2
188	636	2
188	857	2
189	202	1
189	223	1
189	454	1
189	522	-2
189	797	-2
189	960	-2
190	242	1
190	450	1
190	565	2
190	666	-2
190	889	-2
191	273	1
191	374	1
191	381	1
191	458	1
191	708	2
191	838	2
191	845	2
192	236	1
192	327	1
192	353	1
192	550	2
192	782	2
192	914	2
193	312	1
193	457	1
193	527	-2
193	583	2
193	943	-2
194	211	1
194	374	1
194	459	1
194	498	2
194	778	2
194	866	2
194	1023	-2
195	246	1
195	271	1
195	289	1
195	356	1
195	547	2
195	829	-2
195	907	-2
196	222	1
196	300	1
196	442	1
196	503	1
196	616	-2
196	747	2
196	753	2
197	218	1
197	340	1
197	391	1
197	396	1
197	397	1
197	721	2
197	853	2
197	878	-2
198	206	1
198	229	1
198	353	1
198	468	1
198	469	1
198	501	1
198	836	2
198	848	-2
198	938	2
199	234	1
199	267	1
199	330	1
199	392	1
199	412	1
199	566	-2
199	902	-2
199	991	2
200	240	1
200	288	1
200	355	1
200	418	1
200	680	2
200	699	-2
200	882	-2
201	204	1
201	239	2
201	336	1
201	371	1
201	485	1
201	551	2
201	578	-2
201	742	2
202	272	1
202	430	1
202	432	1
202	443	1
202	454	1
202	522	-2
202	779	2
202	928	2
203	271	1
203	294	1
203	301	1
203	430	1
203	448	1
203	655	2
203	916	-2
203	952	-2
204	239	1
204	317	1
204	370	1
204	519	-2
204	551	2
204	876	-2
205	293	1
205	326	1
205	459	1
205	469	1
205	489	1
205	494	1
205	660	-2
205	760	-2
205	953	-2
206	238	1
206	261	1
206	294	1
206	353	1
206	435	1
206	546	2
206	584	-2
206	848	-2
207	223	1
207	380	1
207	459	1
207	541	2
207	956	-2
207	959	2
208	281	1
208	305	1
208	368	1
208	432	1
208	481	1
208	548	2
208	686	2
208	758	-2
209	339	1
209	347	1
209	411	1
209	421	1
209	435	1
209	493	1
209	518	2
209	554	2
209	824	-2
210	223	1
210	393	1
210	540	2
210	684	2
210	792	-2
211	226	1
211	236	1
211	285	1
211	498	1
211	737	2
211	911	2
211	1023	-2
212	438	1
212	454	1
212	528	-2
212	625	2
212	915	2
213	405	1
213	502	1
213	784	-2
213	869	2
213	990	2
214	262	1
214	486	1
214	795	2
214	811	2
214	963	-2
215	292	1
215	296	1
215	307	1
215	367	1
215	394	1
215	439	1
215	606	2
215	834	2
215	888	2
216	389	1
216	402	1
216	467	1
216	796	-2
216	948	2
216	966	2
217	239	1
217	245	1
217	354	1
217	638	2
217	786	-2
217	900	-2
218	230	1
218	282	1
218	470	1
218	646	-2
218	853	2
218	864	2
219	254	1
219	327	1
219	410	1
219	581	2
219	604	-2
219	909	2
220	493	1
220	595	-2
220	822	2
220	945	-2
221	262	1
221	265	1
221	291	1
221	395	1
221	557	2
221	674	-2
221	867	2
222	354	1
222	383	1
222	437	1
222	753	2
222	885	-2
222	964	-2
223	541	2
223	792	-2
223	797	-2
224	247	1
224	263	1
224	285	1
224	562	-2
224	576	-2
224	702	2
225	263	1
225	358	1
225	379	1
225	571	2
225	769	-2
225	983	2
226	236	1
226	310	1
226	385	1
226	390	1
226	737	2
226	746	2
226	950	2
227	247	1
227	252	1
227	276	1
227	389	1
227	501	1
227	586	-2
227	895	-2
227	925	2
228	232	1
228	253	1
228	328	1
228	408	1
228	427	1
228	649	-2
228	731	2
228	772	-2
229	353	1
229	468	2
229	775	2
229	836	2
229	939	-2
230	282	1
230	315	1
230	366	1
230	408	1
230	646	-2
230	865	-2
230	994	2
231	233	1
231	244	1
231	297	1
231	468	1
231	715	2
231	781	2
231	951	-2
232	452	1
232	505	1
232	658	-2
232	772	-2
232	847	-2
233	473	1
233	656	-2
233	781	2
233	904	2
234	331	1
234	344	1
234	426	1
234	439	1
234	530	-2
234	566	-2
234	696	2
235	266	1
235	332	1
235	401	1
235	615	2
235	695	-2
235	710	-2
236	407	1
236	451	1
236	667	2
236	737	2
236	782	2
237	260	1
237	267	1
237	460	1
237	662	2
237	973	2
237	997	2
238	246	1
238	261	1
238	396	1
238	456	1
238	584	-2
238	669	2
238	762	2
239	485	1
239	551	2
239	578	-2
239	786	-2
240	278	1
240	284	1
240	355	1
240	506	1
240	521	-2
240	585	2
240	699	-2
241	248	1
241	338	1
241	409	1
241	445	1
241	475	1
241	556	2
241	579	-2
241	651	2
242	248	1
242	255	1
242	362	1
242	368	1
242	666	-2
242	776	-2
242	833	-2
243	273	1
243	322	1
243	374	1
243	394	1
243	593	-2
243	738	2
243	974	2
244	297	1
244	362	1
244	715	2
244	752	2
244	791	2
245	325	1
245	377	1
245	638	2
245	642	-2
245	1020	2
246	306	1
246	456	1
246	570	-2
246	762	2
246	829	-2
247	263	1
247	323	1
247	429	1
247	501	1
247	702	2
247	895	-2
247	1017	-2
248	258	1
248	347	1
248	368	1
248	445	1
248	651	2
248	776	-2
248	993	2
249	257	1
249	494	1
249	506	1
249	676	2
249	750	-2
249	955	-2
250	290	1
250	325	1
250	382	1
250	406	1
250	564	-2
250	697	2
250	757	-2
251	338	1
251	462	1
251	490	1
251	637	-2
251	677	-2
251	1005	-2
252	360	1
252	387	1
252	448	1
252	788	2
252	925	2
252	999	-2
253	340	1
253	400	1
253	408	1
253	433	1
253	483	1
253	649	-2
253	1009	-2
253	1014	2
254	303	1
254	327	1
254	378	1
254	390	1
254	450	1
254	581	2
254	741	-2
254	816	2
255	357	1
255	362	1
255	505	1
255	765	2
255	833	-2
255	949	2
256	423	1
256	444	1
256	489	1
256	727	2
256	981	2
256	1008	-2
257	409	1
257	446	1
257	725	-2
257	926	2
257	955	-2
258	331	1
258	347	1
258	399	1
258	429	1
258	430	1
258	711	2
258	819	2
258	993	2
259	295	1
259	312	1
259	510	1
259	596	2
259	670	2
259	809	2
260	453	1
260	460	1
260	480	1
260	598	-2
260	704	2
260	973	2
261	324	1
261	465	1
261	489	1
261	575	-2
261	584	-2
261	969	2
262	395	1
262	436	1
262	464	1
262	557	2
262	641	2
262	795	2
263	352	1
263	379	1
263	702	2
263	769	-2
263	785	-2
264	298	1
264	322	1
264	404	1
264	491	1
264	523	2
264	729	2
264	852	2
265	334	1
265	426	1
265	633	-2
265	867	2
265	910	2
266	299	1
266	344	1
266	449	1
266	517	-2
266	653	-2
266	695	-2
267	392	1
267	662	2
267	912	-2
267	991	2
268	270	1
268	292	1
268	457	1
268	614	2
268	644	2
268	740	2
269	334	1
269	433	1
269	477	1
269	492	1
269	533	-2
269	771	2
269	883	-2
270	419	1
270	612	-2
270	628	-2
270	644	2
271	335	1
271	448	1
271	547	2
271	655	2
271	905	-2
272	275	1
272	281	1
272	430	1
272	724	-2
272	773	2
272	779	2
273	309	1
273	374	1
273	593	-2
273	708	2
273	759	2
274	365	1
274	411	1
274	448	1
274	493	1
274	650	2
274	748	2
274	839	-2
275	308	1
275	335	1
275	404	1
275	678	2
275	724	-2
275	868	2
276	389	1
276	471	1
276	586	-2
276	689	2
276	946	-2
277	357	1
277	380	1
277	387	1
277	460	1
277	698	-2
277	774	-2
277	937	-2
278	298	1
278	521	-2
278	717	2
278	813	-2
279	306	1
279	317	1
279	363	1
279	398	1
279	428	1
279	561	-2
279	827	-2
279	940	2
280	296	1
280	397	1
280	624	2
280	732	-2
280	863	-2
281	307	1
281	548	2
281	694	-2
281	773	2
282	395	1
282	402	1
282	535	-2
282	646	-2
282	726	2
283	405	1
283	497	1
283	524	-2
283	723	2
283	887	2
284	341	1
284	376	1
284	506	1
284	508	1
284	585	2
284	630	2
284	768	2
285	496	1
285	562	-2
285	712	-2
285	911	2
286	304	1
286	317	1
286	326	1
286	396	1
286	487	1
286	631	2
286	780	-2
286	1000	-2
287	289	1
287	299	1
287	481	1
287	487	1
287	594	-2
287	609	-2
287	957	-2
288	332	1
288	461	1
288	639	2
288	882	-2
288	1012	2
289	356	1
289	490	1
289	756	-2
289	907	-2
289	957	-2
290	356	1
290	367	1
290	627	-2
290	736	2
290	757	-2
291	369	1
291	423	1
291	495	1
291	602	2
291	674	-2
291	1016	-2
292	307	1
292	479	1
292	485	1
292	614	2
292	719	-2
292	834	2
293	302	1
293	454	1
293	489	1
293	760	-2
293	823	2
293	998	2
294	430	1
294	435	1
294	463	1
294	546	2
294	789	-2
294	952	-2
295	466	1
295	500	1
295	670	2
295	799	2
295	832	2
296	367	1
296	393	1
296	479	1
296	863	-2
296	888	2
296	972	2
297	392	1
297	403	1
297	715	2
297	936	-2
297	992	-2
298	322	1
298	499	1
298	717	2
298	722	2
298	729	2
299	365	1
299	383	1
299	594	-2
299	653	-2
299	657	-2
300	423	1
300	441	1
300	463	1
300	503	1
300	616	-2
300	730	2
300	1015	-2
301	321	1
301	352	1
301	491	1
301	884	-2
301	916	-2
301	1021	2
302	329	1
302	333	1
302	484	1
302	626	2
302	793	-2
302	998	2
303	390	1
303	466	1
303	504	1
303	807	2
303	816	2
303	906	2
304	445	1
304	631	2
304	734	-2
304	851	-2
305	316	1
305	368	1
305	476	1
305	501	1
305	758	-2
305	820	2
305	965	2
306	363	1
306	509	1
306	570	-2
306	827	-2
306	846	-2
307	694	-2
307	834	2
307	874	2
308	482	1
308	529	2
308	678	2
308	979	2
309	389	1
309	436	1
309	464	1
309	492	1
309	759	2
309	929	2
309	1010	2
310	319	1
310	385	1
310	589	-2
310	746	2
310	854	-2
311	476	1
311	500	1
311	504	1
311	567	-2
311	849	-2
311	954	2
312	457	1
312	596	2
312	840	-2
312	943	-2
313	330	1
313	569	2
313	681	2
313	935	-2
314	400	1
314	480	1
314	664	-2
314	871	2
314	920	-2
315	316	1
315	366	1
315	382	1
315	728	-2
315	893	-2
315	994	2
316	382	1
316	425	1
316	476	1
316	478	1
316	549	-2
316	893	-2
316	965	2
317	396	1
317	428	1
317	519	-2
317	561	-2
317	780	-2
318	323	1
318	351	1
318	388	1
318	457	1
318	469	1
318	525	-2
318	577	-2
318	679	2
319	422	1
319	428	1
319	486	1
319	682	-2
319	854	-2
319	872	-2
320	338	1
320	371	1
320	373	1
320	404	1
320	763	2
320	850	2
320	870	2
321	330	1
321	369	1
321	751	2
321	984	-2
321	1021	2
322	729	2
322	844	2
322	974	2
323	429	1
323	469	1
323	577	-2
323	923	-2
323	1017	-2
324	402	1
324	465	1
324	508	1
324	538	2
324	575	-2
324	690	2
325	377	1
325	382	1
325	434	1
325	539	-2
325	564	-2
325	642	-2
326	386	1
326	469	1
326	487	1
326	660	-2
326	931	2
326	1000	-2
327	352	1
327	550	2
327	581	2
327	610	-2
328	393	1
328	424	1
328	427	1
328	497	1
328	731	2
328	801	2
328	815	-2
329	455	1
329	484	1
329	640	2
329	793	-2
329	968	-2
330	369	1
330	412	1
330	902	-2
330	935	-2
330	984	-2
331	426	1
331	430	1
331	507	1
331	530	-2
331	818	-2
331	819	2
332	438	1
332	615	2
332	639	2
332	691	-2
333	443	1
333	496	1
333	511	1
333	590	-2
333	626	2
333	988	-2
334	433	1
334	462	1
334	771	2
334	897	2
334	910	2
335	404	1
335	461	1
335	868	2
335	905	-2
335	1019	-2
336	371	1
336	414	1
336	483	1
336	545	2
336	742	2
336	767	2
337	348	1
337	349	1
337	386	1
337	458	1
337	481	1
337	739	2
337	754	-2
337	826	2
338	556	2
338	677	-2
338	850	2
339	435	1
339	458	1
339	701	-2
339	824	-2
339	1003	2
340	391	1
340	483	1
340	693	-2
340	721	2
340	1014	2
341	508	1
341	568	-2
341	768	2
341	843	2
342	398	1
342	413	1
342	447	1
342	500	1
342	706	-2
342	718	-2
342	794	-2
343	442	1
343	451	1
343	652	2
343	733	2
343	800	-2
344	406	1
344	425	1
344	439	1
344	449	1
344	517	-2
344	696	2
344	700	-2
345	386	1
345	424	1
345	634	-2
345	798	2
345	1004	-2
346	364	1
346	390	1
346	407	1
346	659	-2
346	661	2
346	880	-2
347	411	1
347	435	1
347	554	2
347	764	-2
347	993	2
348	349	1
348	504	1
348	512	1
348	605	-2
348	739	2
348	971	-2
349	414	1
349	467	1
349	739	2
349	901	2
349	1013	2
350	351	2
350	406	1
350	668	2
350	671	2
350	835	2
351	388	1
351	406	1
351	668	2
351	679	2
351	835	2
352	491	1
352	610	-2
352	785	-2
352	884	-2
353	775	2
353	848	-2
353	914	2
354	375	1
354	383	1
354	613	-2
354	900	-2
354	964	-2
355	419	1
355	587	-2
355	699	-2
355	743	-2
356	364	1
356	367	1
356	480	1
356	537	-2
356	627	-2
356	907	-2
357	380	1
357	505	1
357	513	2
357	774	-2
357	949	2
358	416	1
358	488	1
358	571	2
358	707	-2
358	860	2
359	360	1
359	399	1
359	421	1
359	433	1
359	499	1
359	552	2
359	665	2
359	802	2
360	385	1
360	399	1
360	411	1
360	713	2
360	802	2
360	999	-2
361	370	1
361	405	1
361	486	1
361	709	2
361	821	-2
361	977	2
362	467	1
362	791	2
362	833	-2
362	841	-2
363	471	1
363	509	1
363	532	-2
363	716	2
363	827	-2
364	390	1
364	478	1
364	480	1
364	488	1
364	537	-2
364	661	2
364	903	-2
365	383	1
365	618	2
365	650	2
365	657	-2
366	367	1
366	377	1
366	431	1
366	735	-2
366	924	2
366	994	2
367	627	-2
367	888	2
367	924	2
368	603	-2
368	758	-2
368	776	-2
369	455	1
369	495	1
369	602	2
369	941	2
369	984	-2
370	415	1
370	486	1
370	709	2
370	720	-2
370	876	-2
371	558	2
371	742	2
371	870	2
372	413	1
372	439	1
372	515	-2
372	675	-2
372	830	-2
373	404	1
373	424	1
373	429	1
373	449	1
373	685	2
373	763	2
373	894	2
374	381	1
374	498	1
374	593	-2
374	845	2
374	866	2
375	413	1
375	613	-2
375	619	2
375	714	-2
376	409	1
376	630	2
376	687	2
376	862	2
377	431	1
377	642	-2
377	735	-2
377	1018	-2
378	426	1
378	450	1
378	507	1
378	531	-2
378	741	-2
378	898	-2
379	415	1
379	512	1
379	588	2
379	769	-2
379	873	2
380	648	2
380	774	-2
380	956	-2
381	440	1
381	542	-2
381	790	2
381	845	2
382	400	1
382	507	1
382	564	-2
382	861	2
382	893	-2
383	410	1
383	657	-2
383	942	-2
383	964	-2
384	399	1
384	415	1
384	472	1
384	749	-2
384	783	-2
384	985	2
385	411	1
385	572	2
385	713	2
385	746	2
386	481	1
386	826	2
386	931	2
386	1004	-2
387	401	1
387	448	1
387	698	-2
387	788	2
387	934	2
388	391	1
388	412	1
388	597	-2
388	679	2
388	980	-2
389	464	1
389	586	-2
389	948	2
389	1010	2
390	661	2
390	816	2
390	950	2
391	597	-2
391	721	2
391	777	2
392	403	1
392	553	-2
392	991	2
392	992	-2
393	479	1
393	684	2
393	801	2
393	972	2
394	403	1
394	439	1
394	606	2
394	617	2
394	738	2
395	398	1
395	402	1
395	557	2
395	726	2
395	978	2
396	397	1
396	669	2
396	780	-2
396	878	-2
397	470	1
397	732	-2
397	745	-2
397	878	-2
398	794	-2
398	940	2
398	978	2
399	429	1
399	711	2
399	783	-2
399	802	2
400	433	1
400	507	1
400	861	2
400	920	-2
400	1009	-2
401	475	1
401	710	-2
401	934	2
401	982	-2
402	508	1
402	690	2
402	726	2
402	796	-2
403	617	2
403	622	-2
403	992	-2
404	491	1
404	763	2
404	852	2
404	868	2
405	497	1
405	821	-2
405	887	2
405	990	2
406	425	1
406	697	2
406	700	-2
406	835	2
407	451	1
407	453	1
407	667	2
407	766	-2
407	880	-2
408	635	2
408	649	-2
408	865	-2
409	446	1
409	475	1
409	579	-2
409	862	2
409	926	2
410	506	1
410	761	-2
410	909	2
410	942	-2
411	554	2
411	713	2
411	748	2
412	632	-2
412	902	-2
412	980	-2
413	447	1
413	515	-2
413	619	2
413	718	-2
414	503	1
414	545	2
414	855	2
414	901	2
415	720	-2
415	749	-2
415	873	2
416	488	1
416	629	-2
416	744	-2
416	860	2
417	443	1
417	672	2
417	755	2
417	892	2
418	462	1
418	680	2
418	917	-2
418	986	2
419	587	-2
419	612	-2
419	947	-2
420	444	1
420	465	1
420	520	2
420	812	-2
420	989	2
421	474	1
421	493	1
421	499	1
421	518	2
421	552	2
421	688	-2
422	486	1
422	492	1
422	563	2
422	872	-2
422	886	-2
423	441	1
423	444	1
423	730	2
423	1008	-2
423	1016	-2
424	449	1
424	497	1
424	798	2
424	815	-2
424	894	2
425	478	1
425	490	1
425	549	-2
425	636	2
425	700	-2
426	507	1
426	530	-2
426	531	-2
426	633	-2
427	502	1
427	559	-2
427	731	2
427	967	2
428	456	1
428	560	2
428	561	-2
428	682	-2
429	685	2
429	711	2
429	1017	-2
430	779	2
430	819	2
430	952	-2
431	482	1
431	735	-2
431	919	-2
431	996	2
432	436	1
432	443	1
432	481	1
432	686	2
432	927	-2
432	928	2
433	665	2
433	771	2
433	1009	-2
434	539	-2
434	891	2
434	958	-2
435	546	2
435	764	-2
435	824	-2
436	464	1
436	492	1
436	641	2
436	927	-2
436	929	2
437	502	1
437	573	2
437	623	-2
437	885	-2
438	454	1
438	625	2
438	691	-2
438	976	2
439	606	2
439	696	2
439	830	-2
440	542	-2
440	592	-2
440	825	2
441	730	2
441	944	2
441	962	2
442	451	1
442	747	2
442	800	-2
442	831	2
443	511	1
443	672	2
443	928	2
443	988	-2
444	463	1
444	608	2
444	812	-2
444	1008	-2
445	601	-2
445	651	2
445	851	-2
446	461	1
446	511	1
446	926	2
446	933	2
446	1011	2
447	472	1
447	718	-2
447	896	-2
447	987	-2
448	493	1
448	655	2
448	788	2
448	839	-2
449	494	1
449	517	-2
449	555	-2
449	894	2
450	565	2
450	683	2
450	741	-2
451	503	1
451	667	2
451	800	-2
451	803	-2
452	495	1
452	505	1
452	645	-2
452	658	-2
452	828	2
453	480	1
453	704	2
453	766	-2
453	858	2
454	522	-2
454	625	2
454	823	2
455	640	2
455	941	2
455	1024	2
456	560	2
456	762	2
456	970	-2
457	525	-2
457	740	2
457	943	-2
458	701	-2
458	754	-2
458	838	2
459	494	1
459	778	2
459	953	-2
459	959	2
460	464	1
460	473	1
460	937	-2
460	973	2
460	1001	-2
461	933	2
461	1012	2
461	1019	-2
462	897	2
462	917	-2
462	1005	-2
463	608	2
463	789	-2
463	1015	-2
464	473	1
464	641	2
464	1001	-2
464	1010	2
465	499	1
465	520	2
465	575	-2
465	842	-2
466	470	1
466	807	2
466	832	2
466	961	-2
467	841	-2
467	966	2
467	1013	2
468	836	2
468	939	-2
468	951	-2
469	501	1
469	577	-2
469	660	-2
469	938	2
470	745	-2
470	864	2
470	961	-2
471	582	2
471	689	2
471	716	2
472	663	-2
472	896	-2
472	985	2
473	656	-2
473	1001	-2
473	1022	2
474	688	-2
474	837	2
474	921	-2
475	579	-2
475	643	-2
475	982	-2
476	504	1
476	536	2
476	849	-2
476	965	2
477	533	-2
477	673	2
477	856	-2
478	488	1
478	549	-2
478	879	-2
478	903	-2
479	485	1
479	526	2
479	719	-2
479	972	2
480	537	-2
480	664	-2
480	704	2
481	487	1
481	609	-2
481	686	2
481	826	2
482	979	2
482	996	2
482	1002	2
483	491	1
483	767	2
483	804	2
483	1014	2
484	621	-2
484	793	-2
484	814	-2
485	497	1
485	578	-2
485	719	-2
485	770	-2
486	709	2
486	811	2
486	872	-2
487	609	-2
487	611	-2
487	1000	-2
488	607	-2
488	860	2
488	903	-2
489	760	-2
489	969	2
489	981	2
490	636	2
490	637	-2
490	756	-2
491	804	2
491	852	2
491	884	-2
492	563	2
492	883	-2
492	929	2
493	518	2
493	822	2
493	839	-2
494	555	-2
494	750	-2
494	953	-2
495	602	2
495	654	-2
495	828	2
496	590	-2
496	712	-2
496	875	2
497	770	-2
497	815	-2
497	887	2
498	866	2
498	975	2
498	1023	-2
499	552	2
499	722	2
499	842	-2
500	706	-2
500	799	2
500	954	2
501	820	2
501	895	-2
501	938	2
502	559	-2
502	623	-2
502	869	2
503	616	-2
503	803	-2
503	855	2
504	849	-2
504	906	2
504	971	-2
505	658	-2
505	806	-2
505	949	2
506	585	2
506	676	2
506	761	-2
507	531	-2
507	818	-2
507	861	2
508	509	1
508	690	2
508	768	2
508	918	2
509	532	-2
509	846	-2
509	918	2
510	787	2
510	809	2
510	1007	-2
511	705	2
511	988	-2
511	1011	2
512	588	2
512	605	-2
512	808	-2
