1	1	-1
2	2	-1
3	3	3
4	4	-1
5	5	1
6	6	-1
7	7	1
8	8	-3
9	9	1
10	10	-1
11	11	-3
12	12	1
13	13	1
14	14	-3
15	15	-3
16	16	1
17	17	1
18	18	3
19	19	-3
20	20	-1
21	21	-1
22	22	-1
23	23	-1
24	24	-1
25	25	-1
26	26	3
27	27	1
28	28	1
29	29	-3
30	30	3
31	31	-1
32	32	1
33	33	-1
34	34	-3
35	35	-1
36	36	1
37	37	1
38	38	-1
39	39	-1
40	40	1
41	41	-1
42	42	-1
43	43	1
44	44	1
45	45	3
46	46	3
47	47	-1
48	48	-1
49	49	-1
50	50	1
51	51	-3
52	52	1
53	53	-1
54	54	-1
55	55	-3
56	56	1
57	57	1
58	58	-3
59	59	-1
60	60	-1
61	61	1
62	62	-1
63	63	-3
64	64	-1
65	65	1
66	66	-1
67	67	-1
68	68	1
69	69	-1
70	70	-1
71	71	-3
72	72	-1
73	73	-3
74	74	-1
75	75	-1
76	76	-1
77	77	-1
78	78	-1
79	79	1
80	80	1
81	81	-1
82	82	1
83	83	3
84	84	-1
85	85	1
86	86	-1
87	87	-1
88	88	-1
89	89	1
90	90	-1
91	91	-1
92	92	-1
93	93	-3
94	94	-1
95	95	-1
96	96	-1
97	97	3
98	98	-1
99	99	-1
100	100	1
101	101	-3
102	102	-1
103	103	-3
104	104	-1
105	105	-2
106	106	-2
107	107	2
108	108	2
109	109	-2
110	110	-2
111	111	2
112	112	2
113	113	-2
114	114	2
115	115	-2
116	116	2
117	117	2
118	118	2
119	119	-2
120	120	2
121	121	2
122	122	-2
123	123	-2
124	124	-2
125	125	-2
126	126	-2
127	127	-2
128	128	-2
129	129	2
130	130	-2
131	131	-2
132	132	2
133	133	2
134	134	2
135	135	-2
136	136	-2
137	137	-2
138	138	2
139	139	-2
140	140	-2
141	141	-2
142	142	2
143	143	-2
144	144	2
145	145	-2
146	146	2
147	147	2
148	148	-2
149	149	-2
150	150	-2
151	151	2
152	152	2
153	153	2
154	154	-2
155	155	2
156	156	-2
157	157	-2
158	158	-2
159	159	-2
160	160	2
161	161	2
162	162	-2
163	163	-2
164	164	2
165	165	-2
166	166	-2
167	167	2
168	168	-2
169	169	-2
170	170	-2
171	171	2
172	172	-2
173	173	2
174	174	-2
175	175	2
176	176	2
177	177	2
178	178	-2
179	179	-2
180	180	-2
181	181	2
182	182	-2
183	183	-2
184	184	2
185	185	2
186	186	-2
187	187	2
188	188	2
189	189	2
190	190	2
191	191	-2
192	192	-2
193	193	-2
194	194	-2
195	195	-2
196	196	-2
197	197	-2
198	198	2
199	199	2
200	200	2
201	201	-2
202	202	-2
203	203	2
204	204	-2
205	205	-2
206	206	2
207	207	-2
208	208	-2
1	32	1
1	35	1
1	54	1
1	58	1
1	71	1
1	81	1
1	167	2
1	175	-2
1	204	2
2	27	1
2	31	1
2	37	1
2	45	1
2	58	1
2	75	1
2	116	2
2	136	2
2	200	-2
3	22	1
3	57	1
3	68	1
3	77	1
3	79	1
3	104	1
3	133	2
3	134	2
3	145	-2
4	46	1
4	67	1
4	72	1
4	76	1
4	85	1
4	103	1
4	114	-2
4	130	2
4	170	-2
5	27	1
5	29	1
5	35	1
5	38	1
5	74	1
5	100	1
5	107	2
5	119	2
5	172	-2
6	10	1
6	17	1
6	22	1
6	49	1
6	75	1
6	83	1
6	142	2
6	158	2
6	174	2
7	10	1
7	44	1
7	69	1
7	82	1
7	83	1
7	88	1
7	143	-2
7	173	2
7	192	2
8	14	1
8	42	1
8	47	1
8	66	1
8	104	2
8	122	2
8	148	2
8	195	2
9	13	1
9	21	1
9	50	1
9	64	1
9	67	1
9	74	1
9	113	2
9	184	2
9	189	2
10	49	1
10	88	2
10	102	1
10	153	2
10	174	2
10	192	2
11	25	1
11	39	1
11	55	2
11	66	1
11	93	1
11	178	2
11	196	2
11	207	2
12	38	1
12	48	1
12	50	1
12	69	1
12	80	1
12	85	1
12	138	-2
12	147	2
12	159	-2
13	18	1
13	21	1
13	50	1
13	70	1
13	77	1
13	115	-2
13	166	2
13	189	2
14	19	1
14	80	1
14	101	1
14	102	1
14	104	1
14	148	2
14	161	-2
14	191	2
15	16	1
15	19	1
15	29	1
15	33	1
15	78	1
15	84	1
15	169	2
15	176	-2
15	208	2
16	19	1
16	52	1
16	59	1
16	60	1
16	85	1
16	128	-2
16	162	-2
16	208	2
17	23	1
17	25	1
17	73	1
17	83	1
17	97	1
17	111	2
17	118	-2
17	142	2
18	44	1
18	45	1
18	66	1
18	67	1
18	70	1
18	115	-2
18	121	2
18	131	-2
19	60	1
19	96	1
19	102	1
19	187	-2
19	191	2
19	208	2
20	21	1
20	38	1
20	45	1
20	90	2
20	93	1
20	129	-2
20	183	-2
20	202	2
21	38	1
21	74	1
21	77	1
21	166	2
21	184	2
21	202	2
22	37	1
22	68	1
22	75	1
22	103	1
22	133	2
22	158	2
22	168	2
23	42	1
23	43	1
23	51	1
23	56	1
23	73	1
23	105	2
23	106	-2
23	118	-2
24	32	1
24	54	1
24	56	1
24	88	1
24	98	2
24	150	2
24	163	-2
24	205	2
25	66	1
25	68	1
25	79	1
25	97	1
25	111	2
25	171	-2
25	207	2
26	36	1
26	46	2
26	75	1
26	92	1
26	94	1
26	160	2
26	179	-2
26	199	2
27	31	1
27	38	1
27	49	1
27	61	1
27	120	2
27	136	2
27	172	-2
28	32	1
28	40	1
28	42	1
28	53	1
28	82	1
28	89	1
28	109	-2
28	117	2
28	156	2
29	48	1
29	74	1
29	84	1
29	99	1
29	119	2
29	169	2
29	185	-2
30	40	1
30	64	1
30	65	1
30	78	1
30	84	1
30	97	1
30	125	-2
30	135	-2
30	181	2
31	41	1
31	51	1
31	81	1
31	95	1
31	136	2
31	177	2
31	186	2
32	53	1
32	56	1
32	81	1
32	156	2
32	163	-2
32	167	2
33	41	1
33	53	1
33	63	1
33	78	1
33	86	1
33	127	-2
33	164	-2
33	176	-2
34	35	1
34	44	1
34	59	2
34	61	1
34	70	1
34	123	2
34	146	-2
34	152	-2
35	58	1
35	59	1
35	100	1
35	107	2
35	123	2
35	175	-2
36	43	1
36	75	1
36	79	1
36	92	1
36	96	1
36	179	-2
36	190	2
36	193	2
37	45	1
37	47	1
37	52	1
37	103	1
37	116	2
37	154	-2
37	168	2
38	69	1
38	138	-2
38	172	-2
38	202	2
39	55	1
39	71	1
39	72	1
39	94	1
39	96	1
39	108	2
39	165	2
39	178	2
40	48	1
40	62	1
40	84	1
40	89	1
40	109	-2
40	141	2
40	181	2
41	63	1
41	69	1
41	90	1
41	95	1
41	151	-2
41	164	-2
41	177	2
42	51	1
42	66	1
42	82	1
42	105	2
42	117	2
42	195	2
43	49	1
43	52	1
43	56	1
43	79	1
43	106	-2
43	132	-2
43	190	2
44	67	1
44	69	1
44	70	1
44	131	-2
44	152	-2
44	173	2
45	66	1
45	90	1
45	116	2
45	121	2
45	183	-2
46	76	1
46	92	1
46	94	1
46	160	2
46	170	-2
46	199	2
47	52	1
47	73	1
47	92	1
47	104	1
47	122	2
47	154	-2
47	198	-2
48	62	1
48	85	1
48	99	1
48	141	2
48	147	2
48	185	-2
49	52	1
49	61	1
49	120	2
49	132	-2
49	174	2
50	74	1
50	80	1
50	101	1
50	159	-2
50	182	2
50	189	2
51	78	1
51	81	1
51	99	1
51	105	2
51	157	2
51	186	2
52	59	1
52	132	-2
52	154	-2
52	162	-2
53	86	1
53	89	1
53	93	1
53	127	-2
53	155	-2
53	156	2
54	71	1
54	89	1
54	97	1
54	98	1
54	150	2
54	194	-2
54	204	2
55	60	1
55	93	1
55	100	1
55	112	-2
55	178	2
55	196	2
56	64	1
56	70	1
56	106	-2
56	163	-2
56	180	2
57	77	1
57	80	1
57	84	1
57	87	1
57	103	1
57	137	2
57	145	-2
57	203	2
58	75	1
58	76	1
58	102	1
58	144	-2
58	175	-2
58	200	-2
59	61	1
59	123	2
59	146	-2
59	162	-2
60	85	1
60	96	1
60	100	1
60	112	-2
60	128	-2
60	187	-2
61	62	1
61	91	1
61	110	-2
61	120	2
61	146	-2
62	91	2
62	95	1
62	110	-2
62	141	2
62	201	2
63	73	1
63	81	1
63	91	1
63	94	1
63	140	2
63	149	2
63	164	-2
64	65	1
64	67	1
64	70	1
64	113	2
64	135	-2
64	180	2
65	76	1
65	83	1
65	86	1
65	98	1
65	135	-2
65	188	2
65	206	-2
66	121	2
66	195	2
66	207	2
67	85	1
67	113	2
67	130	2
67	131	-2
68	79	1
68	99	1
68	100	1
68	124	-2
68	133	2
68	171	-2
69	90	1
69	138	-2
69	151	-2
69	173	2
70	115	-2
70	152	-2
70	180	2
71	77	1
71	87	1
71	94	1
71	126	2
71	165	2
71	204	2
72	86	1
72	87	1
72	96	1
72	103	1
72	108	2
72	114	-2
72	197	2
73	92	1
73	94	1
73	118	-2
73	149	2
73	198	-2
74	101	1
74	119	2
74	182	2
74	184	2
75	158	2
75	179	-2
75	200	-2
76	86	1
76	102	1
76	144	-2
76	170	-2
76	206	-2
77	87	1
77	126	2
77	145	-2
77	166	2
78	97	1
78	99	1
78	125	-2
78	157	2
78	176	-2
79	104	1
79	134	2
79	171	-2
79	190	2
80	87	1
80	101	1
80	159	-2
80	161	-2
80	203	2
81	91	1
81	140	2
81	167	2
81	186	2
82	83	1
82	95	1
82	101	1
82	117	2
82	139	2
82	143	-2
83	98	1
83	142	2
83	143	-2
83	188	2
84	103	1
84	137	2
84	169	2
84	181	2
85	128	-2
85	130	2
85	147	2
86	87	1
86	127	-2
86	197	2
86	206	-2
87	126	2
87	197	2
87	203	2
88	98	1
88	102	1
88	153	2
88	192	2
88	205	2
89	93	1
89	97	1
89	109	-2
89	155	-2
89	194	-2
90	93	1
90	129	-2
90	151	-2
90	183	-2
91	95	1
91	110	-2
91	140	2
91	201	2
92	96	1
92	160	2
92	193	2
92	198	-2
93	129	-2
93	155	-2
93	196	2
94	149	2
94	165	2
94	199	2
95	101	1
95	139	2
95	177	2
95	201	2
96	108	2
96	187	-2
96	193	2
97	111	2
97	125	-2
97	194	-2
98	150	2
98	188	2
98	205	2
99	100	1
99	124	-2
99	157	2
99	185	-2
100	107	2
100	112	-2
100	124	-2
101	139	2
101	161	-2
101	182	2
102	144	-2
102	153	2
102	191	2
103	114	-2
103	137	2
103	168	2
104	122	2
104	134	2
104	148	2
