1	1	1
2	2	-1
3	3	3
4	4	1
5	5	1
6	6	-3
7	7	3
8	8	1
9	9	1
10	10	-1
11	11	-1
12	12	-3
13	13	-1
14	14	-1
15	15	1
16	16	-3
17	17	-1
18	18	1
19	19	3
20	20	1
21	21	1
22	22	-1
23	23	-1
24	24	-1
25	25	1
26	26	1
27	27	-1
28	28	1
29	29	-1
30	30	-3
31	31	-3
32	32	1
33	33	-1
34	34	1
35	35	1
36	36	-1
37	37	1
38	38	-1
39	39	1
40	40	-1
41	41	-1
42	42	1
43	43	-1
44	44	-1
45	45	-3
46	46	-1
47	47	-1
48	48	1
49	49	-3
50	50	1
51	51	-1
52	52	-1
53	53	1
54	54	-1
55	55	-1
56	56	3
57	57	-1
58	58	-1
59	59	1
60	60	1
61	61	-3
62	62	-1
63	63	1
64	64	1
65	65	3
66	66	1
67	67	1
68	68	1
69	69	-1
70	70	-1
71	71	1
72	72	-1
73	73	-3
74	74	-1
75	75	3
76	76	-1
77	77	-1
78	78	-1
79	79	-1
80	80	-1
81	81	-1
82	82	-1
83	83	1
84	84	-1
85	85	1
86	86	-1
87	87	1
88	88	1
89	89	1
90	90	-1
91	91	-1
92	92	-1
93	93	1
94	94	1
95	95	1
96	96	-3
97	97	1
98	98	1
99	99	-1
100	100	1
101	101	1
102	102	-1
103	103	1
104	104	1
105	105	-1
106	106	3
107	107	-3
108	108	1
109	109	1
110	110	-1
111	111	3
112	112	1
113	113	-1
114	114	1
115	115	-1
116	116	1
117	117	-1
118	118	1
119	119	1
120	120	-3
121	121	1
122	122	-3
123	123	-3
124	124	-1
125	125	-1
126	126	-3
127	127	1
128	128	3
129	129	-1
130	130	-1
131	131	3
132	132	-3
133	133	3
134	134	1
135	135	1
136	136	3
137	137	-3
138	138	3
139	139	-1
140	140	-1
141	141	3
142	142	1
143	143	-1
144	144	1
145	145	1
146	146	1
147	147	3
148	148	1
149	149	1
150	150	1
151	151	-1
152	152	-1
153	153	-1
154	154	-1
155	155	1
156	156	-3
157	157	-1
158	158	-1
159	159	-3
160	160	1
161	161	-1
162	162	1
163	163	1
164	164	3
165	165	1
166	166	1
167	167	-1
168	168	-1
169	169	1
170	170	1
171	171	-3
172	172	3
173	173	-1
174	174	1
175	175	3
176	176	-1
177	177	-3
178	178	-1
179	179	-1
180	180	3
181	181	1
182	182	-1
183	183	-1
184	184	3
185	185	-1
186	186	1
187	187	-1
188	188	-1
189	189	-1
190	190	1
191	191	-1
192	192	-3
193	193	-1
194	194	3
195	195	-1
196	196	-3
197	197	-1
198	198	-3
199	199	-1
200	200	-1
201	201	1
202	202	1
203	203	1
204	204	1
205	205	-3
206	206	1
207	207	-1
208	208	1
209	209	1
210	210	-1
211	211	-1
212	212	1
213	213	-1
214	214	1
215	215	-1
216	216	1
217	217	1
218	218	1
219	219	-1
220	220	-1
221	221	-1
222	222	1
223	223	1
224	224	3
225	225	-1
226	226	1
227	227	-1
228	228	1
229	229	1
230	230	1
231	231	-1
232	232	1
233	233	1
234	234	1
235	235	-1
236	236	3
237	237	-1
238	238	-1
239	239	3
240	240	1
241	241	-1
242	242	3
243	243	3
244	244	-1
245	245	-1
246	246	-1
247	247	1
248	248	3
249	249	1
250	250	1
251	251	3
252	252	3
253	253	-1
254	254	-1
255	255	1
256	256	3
257	257	3
258	258	-3
259	259	-1
260	260	-3
261	261	3
262	262	-1
263	263	3
264	264	1
265	265	-3
266	266	-1
267	267	-1
268	268	-1
269	269	-1
270	270	-1
271	271	1
272	272	-1
273	273	1
274	274	-1
275	275	1
276	276	-1
277	277	-3
278	278	1
279	279	-1
280	280	-3
281	281	-1
282	282	3
283	283	-1
284	284	-1
285	285	1
286	286	3
287	287	-3
288	288	1
289	289	-1
290	290	1
291	291	3
292	292	-3
293	293	-3
294	294	3
295	295	-3
296	296	3
297	297	1
298	298	1
299	299	1
300	300	-1
301	301	1
302	302	-1
303	303	1
304	304	1
305	305	1
306	306	-1
307	307	1
308	308	1
309	309	-1
310	310	1
311	311	1
312	312	1
313	313	1
314	314	3
315	315	1
316	316	1
317	317	1
318	318	1
319	319	-1
320	320	1
321	321	-3
322	322	1
323	323	1
324	324	1
325	325	-1
326	326	1
327	327	1
328	328	-1
329	329	1
330	330	1
331	331	-1
332	332	1
333	333	1
334	334	1
335	335	-1
336	336	-1
337	337	1
338	338	-1
339	339	1
340	340	-1
341	341	-1
342	342	-1
343	343	-1
344	344	-1
345	345	-3
346	346	1
347	347	-1
348	348	1
349	349	1
350	350	3
351	351	1
352	352	-3
353	353	1
354	354	1
355	355	1
356	356	-3
357	357	1
358	358	3
359	359	3
360	360	-1
361	361	-1
362	362	-1
363	363	-3
364	364	1
365	365	1
366	366	-3
367	367	1
368	368	-3
369	369	-1
370	370	-1
371	371	1
372	372	1
373	373	-1
374	374	-1
375	375	1
376	376	-3
377	377	-1
378	378	-3
379	379	3
380	380	1
381	381	-1
382	382	1
383	383	-1
384	384	-1
385	385	-3
386	386	-1
387	387	1
388	388	1
389	389	1
390	390	-1
391	391	1
392	392	1
393	393	-1
394	394	3
395	395	3
396	396	-3
397	397	-1
398	398	-3
399	399	-1
400	400	-1
401	401	-1
402	402	-3
403	403	-1
404	404	-1
405	405	-3
406	406	1
407	407	-1
408	408	-1
409	409	-1
410	410	3
411	411	-1
412	412	-1
413	413	1
414	414	1
415	415	-1
416	416	1
417	417	-1
418	418	-1
419	419	1
420	420	1
421	421	1
422	422	-1
423	423	-1
424	424	-1
425	425	3
426	426	3
427	427	-1
428	428	-1
429	429	-1
430	430	-1
431	431	-3
432	432	1
433	433	1
434	434	1
435	435	1
436	436	1
437	437	1
438	438	-3
439	439	1
440	440	3
441	441	1
442	442	1
443	443	-1
444	444	-3
445	445	-1
446	446	-1
447	447	-1
448	448	3
449	449	1
450	450	-1
451	451	1
452	452	-1
453	453	-3
454	454	1
455	455	-1
456	456	1
457	457	1
458	458	-3
459	459	-1
460	460	-3
461	461	1
462	462	-1
463	463	-3
464	464	1
465	465	1
466	466	-1
467	467	-1
468	468	-3
469	469	-1
470	470	-3
471	471	1
472	472	-3
473	473	-1
474	474	1
475	475	1
476	476	-3
477	477	-3
478	478	1
479	479	-1
480	480	-3
481	481	-3
482	482	3
483	483	3
484	484	-1
485	485	1
486	486	1
487	487	-1
488	488	-3
489	489	-1
490	490	3
491	491	-1
492	492	-3
493	493	1
494	494	-1
495	495	-1
496	496	-1
497	497	-1
498	498	-1
499	499	3
500	500	1
501	501	1
502	502	-1
503	503	-1
504	504	-1
505	505	1
506	506	-3
507	507	1
508	508	3
509	509	-1
510	510	1
511	511	1
512	512	1
513	513	2
514	514	2
515	515	2
516	516	2
517	517	2
518	518	2
519	519	-2
520	520	2
521	521	2
522	522	2
523	523	2
524	524	-2
525	525	2
526	526	-2
527	527	-2
528	528	-2
529	529	-2
530	530	2
531	531	-2
532	532	2
533	533	-2
534	534	-2
535	535	-2
536	536	-2
537	537	-2
538	538	-2
539	539	-2
540	540	2
541	541	2
542	542	2
543	543	-2
544	544	2
545	545	-2
546	546	2
547	547	-2
548	548	2
549	549	2
550	550	2
551	551	-2
552	552	-2
553	553	-2
554	554	-2
555	555	2
556	556	2
557	557	2
558	558	2
559	559	-2
560	560	-2
561	561	2
562	562	-2
563	563	-2
564	564	-2
565	565	2
566	566	-2
567	567	2
568	568	-2
569	569	-2
570	570	-2
571	571	-2
572	572	2
573	573	-2
574	574	-2
575	575	2
576	576	2
577	577	-2
578	578	-2
579	579	2
580	580	2
581	581	2
582	582	-2
583	583	2
584	584	-2
585	585	2
586	586	2
587	587	2
588	588	-2
589	589	-2
590	590	2
591	591	-2
592	592	2
593	593	-2
594	594	2
595	595	-2
596	596	-2
597	597	2
598	598	-2
599	599	2
600	600	2
601	601	2
602	602	-2
603	603	2
604	604	2
605	605	2
606	606	2
607	607	2
608	608	-2
609	609	2
610	610	-2
611	611	2
612	612	2
613	613	-2
614	614	2
615	615	2
616	616	2
617	617	2
618	618	2
619	619	2
620	620	2
621	621	2
622	622	2
623	623	-2
624	624	-2
625	625	-2
626	626	-2
627	627	2
628	628	-2
629	629	-2
630	630	-2
631	631	2
632	632	-2
633	633	-2
634	634	-2
635	635	2
636	636	2
637	637	2
638	638	2
639	639	-2
640	640	-2
641	641	-2
642	642	-2
643	643	-2
644	644	-2
645	645	-2
646	646	2
647	647	2
648	648	2
649	649	-2
650	650	2
651	651	-2
652	652	-2
653	653	-2
654	654	2
655	655	-2
656	656	-2
657	657	2
658	658	-2
659	659	-2
660	660	-2
661	661	-2
662	662	2
663	663	2
664	664	2
665	665	2
666	666	2
667	667	-2
668	668	-2
669	669	-2
670	670	2
671	671	-2
672	672	2
673	673	2
674	674	2
675	675	2
676	676	-2
677	677	2
678	678	2
679	679	-2
680	680	2
681	681	2
682	682	2
683	683	2
684	684	2
685	685	-2
686	686	-2
687	687	2
688	688	-2
689	689	2
690	690	2
691	691	2
692	692	-2
693	693	-2
694	694	2
695	695	-2
696	696	-2
697	697	-2
698	698	-2
699	699	-2
700	700	-2
701	701	-2
702	702	-2
703	703	-2
704	704	2
705	705	-2
706	706	-2
707	707	-2
708	708	2
709	709	2
710	710	-2
711	711	-2
712	712	2
713	713	2
714	714	2
715	715	-2
716	716	-2
717	717	2
718	718	-2
719	719	-2
720	720	2
721	721	2
722	722	2
723	723	-2
724	724	-2
725	725	-2
726	726	-2
727	727	-2
728	728	2
729	729	2
730	730	-2
731	731	2
732	732	-2
733	733	2
734	734	2
735	735	-2
736	736	2
737	737	-2
738	738	-2
739	739	-2
740	740	2
741	741	-2
742	742	2
743	743	2
744	744	-2
745	745	2
746	746	-2
747	747	-2
748	748	-2
749	749	-2
750	750	2
751	751	2
752	752	2
753	753	-2
754	754	-2
755	755	-2
756	756	-2
757	757	-2
758	758	-2
759	759	-2
760	760	-2
761	761	-2
762	762	-2
763	763	2
764	764	-2
765	765	-2
766	766	2
767	767	2
768	768	-2
769	769	2
770	770	2
771	771	2
772	772	-2
773	773	2
774	774	-2
775	775	2
776	776	2
777	777	-2
778	778	-2
779	779	-2
780	780	2
781	781	-2
782	782	2
783	783	-2
784	784	-2
785	785	2
786	786	2
787	787	-2
788	788	2
789	789	2
790	790	-2
791	791	-2
792	792	-2
793	793	2
794	794	2
795	795	2
796	796	-2
797	797	2
798	798	-2
799	799	2
800	800	2
801	801	-2
802	802	2
803	803	2
804	804	-2
805	805	2
806	806	-2
807	807	-2
808	808	-2
809	809	2
810	810	2
811	811	-2
812	812	-2
813	813	2
814	814	2
815	815	2
816	816	2
817	817	2
818	818	-2
819	819	-2
820	820	-2
821	821	2
822	822	-2
823	823	-2
824	824	-2
825	825	2
826	826	-2
827	827	2
828	828	-2
829	829	2
830	830	-2
831	831	2
832	832	-2
833	833	2
834	834	2
835	835	2
836	836	-2
837	837	2
838	838	-2
839	839	2
840	840	2
841	841	2
842	842	-2
843	843	-2
844	844	2
845	845	-2
846	846	2
847	847	-2
848	848	2
849	849	2
850	850	2
851	851	-2
852	852	2
853	853	-2
854	854	-2
855	855	-2
856	856	2
857	857	-2
858	858	2
859	859	2
860	860	-2
861	861	-2
862	862	-2
863	863	-2
864	864	-2
865	865	-2
866	866	-2
867	867	2
868	868	-2
869	869	2
870	870	2
871	871	-2
872	872	2
873	873	-2
874	874	2
875	875	-2
876	876	2
877	877	-2
878	878	-2
879	879	2
880	880	-2
881	881	2
882	882	-2
883	883	2
884	884	2
885	885	2
886	886	2
887	887	2
888	888	2
889	889	-2
890	890	-2
891	891	2
892	892	-2
893	893	-2
894	894	-2
895	895	2
896	896	2
897	897	-2
898	898	-2
899	899	2
900	900	-2
901	901	-2
902	902	2
903	903	-2
904	904	-2
905	905	2
906	906	2
907	907	-2
908	908	-2
909	909	2
910	910	2
911	911	-2
912	912	2
913	913	-2
914	914	-2
915	915	2
916	916	2
917	917	2
918	918	-2
919	919	-2
920	920	2
921	921	2
922	922	2
923	923	-2
924	924	-2
925	925	-2
926	926	2
927	927	-2
928	928	2
929	929	2
930	930	2
931	931	-2
932	932	2
933	933	2
934	934	-2
935	935	-2
936	936	-2
937	937	2
938	938	-2
939	939	2
940	940	-2
941	941	2
942	942	-2
943	943	2
944	944	2
945	945	2
946	946	-2
947	947	-2
948	948	-2
949	949	-2
950	950	2
951	951	-2
952	952	2
953	953	-2
954	954	-2
955	955	-2
956	956	-2
957	957	2
958	958	-2
959	959	-2
960	960	-2
961	961	-2
962	962	-2
963	963	2
964	964	-2
965	965	-2
966	966	-2
967	967	-2
968	968	2
969	969	2
970	970	-2
971	971	-2
972	972	2
973	973	2
974	974	-2
975	975	2
976	976	-2
977	977	-2
978	978	-2
979	979	-2
980	980	-2
981	981	-2
982	982	2
983	983	2
984	984	-2
985	985	2
986	986	-2
987	987	-2
988	988	2
989	989	2
990	990	-2
991	991	-2
992	992	2
993	993	2
994	994	-2
995	995	-2
996	996	-2
997	997	-2
998	998	2
999	999	2
1000	1000	-2
1001	1001	2
1002	1002	2
1003	1003	-2
1004	1004	-2
1005	1005	-2
1006	1006	-2
1007	1007	2
1008	1008	-2
1009	1009	-2
1010	1010	-2
1011	1011	-2
1012	1012	-2
1013	1013	-2
1014	1014	-2
1015	1015	2
1016	1016	2
1017	1017	-2
1018	1018	-2
1019	1019	2
1020	1020	-2
1021	1021	2
1022	1022	-2
1023	1023	2
1024	1024	2
1	114	1
1	115	1
1	178	1
1	352	1
1	360	1
1	411	1
1	649	2
1	790	-2
1	829	2
2	19	1
2	219	1
2	253	1
2	346	1
2	435	1
2	493	1
2	610	2
2	831	-2
2	1024	2
3	138	1
3	273	1
3	290	1
3	329	1
3	475	1
3	505	1
3	630	-2
3	708	2
3	946	-2
4	21	1
4	147	1
4	172	1
4	230	1
4	310	1
4	362	1
4	674	2
4	841	2
4	886	-2
5	34	1
5	42	1
5	114	1
5	245	1
5	408	1
5	500	1
5	624	-2
5	787	2
5	971	-2
6	12	1
6	157	1
6	212	1
6	299	1
6	439	1
6	462	1
6	579	-2
6	597	-2
6	690	-2
7	191	1
7	194	1
7	236	1
7	244	1
7	412	1
7	457	1
7	554	-2
7	905	2
7	999	2
8	89	1
8	109	1
8	273	1
8	380	1
8	387	1
8	453	1
8	600	2
8	657	2
8	760	2
9	18	1
9	99	1
9	168	1
9	201	1
9	247	1
9	487	1
9	520	2
9	743	2
9	872	-2
10	29	1
10	91	1
10	95	1
10	228	1
10	366	1
10	371	1
10	837	2
10	867	-2
10	904	2
11	61	1
11	160	1
11	337	1
11	404	1
11	452	1
11	486	1
11	645	-2
11	670	-2
11	890	2
12	40	1
12	212	1
12	295	1
12	407	1
12	456	1
12	690	-2
12	752	-2
12	757	2
13	35	1
13	43	1
13	120	1
13	159	1
13	250	1
13	498	1
13	583	-2
13	595	-2
13	724	2
14	42	1
14	137	1
14	167	1
14	223	1
14	395	1
14	467	1
14	664	2
14	735	2
14	992	-2
15	174	1
15	200	1
15	215	1
15	272	1
15	314	1
15	361	1
15	677	2
15	791	2
15	1019	2
16	54	1
16	62	1
16	67	1
16	412	1
16	459	1
16	477	1
16	580	-2
16	688	2
16	782	-2
17	41	1
17	58	1
17	130	1
17	174	1
17	342	1
17	401	1
17	679	2
17	769	2
17	819	2
18	168	1
18	183	1
18	209	1
18	350	1
18	386	1
18	734	2
18	738	-2
18	872	-2
19	162	1
19	276	1
19	423	1
19	435	1
19	442	1
19	545	-2
19	998	2
19	1024	2
20	202	1
20	278	1
20	307	1
20	327	1
20	463	1
20	464	1
20	693	-2
20	838	2
20	963	2
21	147	1
21	150	1
21	223	1
21	472	1
21	504	1
21	636	2
21	841	2
21	874	-2
22	183	1
22	205	1
22	272	1
22	293	1
22	476	1
22	490	1
22	785	2
22	827	-2
22	921	-2
23	157	1
23	279	1
23	294	1
23	303	1
23	415	1
23	460	1
23	601	2
23	712	-2
23	957	-2
24	56	1
24	162	1
24	167	1
24	265	1
24	421	1
24	435	1
24	575	-2
24	642	2
24	781	-2
25	205	1
25	359	1
25	365	1
25	374	1
25	417	1
25	510	1
25	548	2
25	848	-2
25	930	2
26	203	1
26	224	1
26	361	1
26	384	1
26	417	1
26	440	1
26	589	-2
26	937	2
26	978	2
27	45	1
27	94	1
27	178	1
27	325	1
27	339	1
27	489	1
27	567	-2
27	568	-2
27	651	2
28	96	1
28	172	1
28	201	1
28	291	1
28	307	1
28	399	1
28	519	2
28	682	2
28	907	-2
29	91	1
29	339	1
29	378	1
29	420	1
29	421	1
29	629	2
29	875	-2
29	904	2
30	90	1
30	102	1
30	108	1
30	356	1
30	401	1
30	445	1
30	549	-2
30	578	2
30	751	-2
31	99	1
31	331	1
31	368	1
31	443	1
31	480	1
31	510	1
31	759	2
31	852	-2
31	940	2
32	39	1
32	55	1
32	91	1
32	202	1
32	427	1
32	507	1
32	794	2
32	915	2
32	925	2
33	98	1
33	110	1
33	254	1
33	262	1
33	373	1
33	463	1
33	566	2
33	635	2
33	910	-2
34	42	1
34	73	1
34	96	1
34	151	1
34	206	1
34	624	-2
34	754	-2
34	828	2
35	125	1
35	220	1
35	250	1
35	291	1
35	473	1
35	524	-2
35	595	-2
35	820	2
36	85	1
36	101	1
36	146	1
36	495	1
36	505	1
36	512	1
36	535	-2
36	918	2
36	990	2
37	55	1
37	168	1
37	182	1
37	335	1
37	455	1
37	471	1
37	542	2
37	764	-2
37	897	2
38	47	1
38	212	1
38	242	1
38	245	1
38	430	1
38	485	1
38	883	-2
38	928	-2
38	985	2
39	241	1
39	319	1
39	409	1
39	497	1
39	507	1
39	891	-2
39	915	2
39	920	2
40	95	1
40	166	1
40	282	1
40	356	1
40	407	1
40	678	2
40	757	2
40	770	-2
41	226	1
41	261	1
41	342	1
41	419	1
41	471	1
41	618	-2
41	713	2
41	819	2
42	89	1
42	167	1
42	305	1
42	624	-2
42	628	-2
42	992	-2
43	127	1
43	159	1
43	172	1
43	301	1
43	422	1
43	583	-2
43	731	-2
43	744	-2
44	60	1
44	118	1
44	192	1
44	259	1
44	337	1
44	364	1
44	523	2
44	587	-2
44	853	2
45	92	1
45	178	1
45	340	1
45	368	1
45	385	1
45	533	2
45	567	-2
45	717	-2
46	61	1
46	130	1
46	297	1
46	403	1
46	447	1
46	504	1
46	517	-2
46	961	-2
46	967	2
47	81	1
47	138	1
47	245	1
47	270	1
47	486	1
47	805	-2
47	883	-2
47	892	-2
48	74	1
48	87	1
48	109	1
48	111	1
48	296	1
48	470	1
48	876	-2
48	936	-2
48	1020	-2
49	122	1
49	161	1
49	190	1
49	200	1
49	352	1
49	462	1
49	634	2
49	704	-2
49	847	2
50	60	1
50	150	1
50	173	1
50	210	1
50	220	1
50	275	1
50	680	-2
50	740	2
50	931	-2
51	100	1
51	107	1
51	193	1
51	334	1
51	395	1
51	496	1
51	723	2
51	762	-2
51	768	2
52	71	1
52	107	1
52	259	1
52	365	1
52	406	1
52	431	1
52	514	2
52	933	-2
52	991	2
53	107	1
53	111	1
53	264	1
53	299	1
53	348	1
53	498	1
53	571	2
53	663	2
53	980	-2
54	127	1
54	193	1
54	336	1
54	459	1
54	475	1
54	580	-2
54	857	2
54	871	-2
55	144	1
55	302	1
55	427	1
55	455	1
55	794	2
55	880	2
55	897	2
56	222	1
56	343	1
56	421	1
56	449	1
56	462	1
56	606	2
56	753	-2
56	781	-2
57	161	1
57	170	1
57	238	1
57	396	1
57	398	1
57	485	1
57	516	-2
57	532	2
57	669	2
58	130	1
58	267	1
58	314	1
58	330	1
58	363	1
58	591	-2
58	679	2
58	1008	2
59	105	1
59	227	1
59	284	1
59	348	1
59	458	1
59	465	1
59	525	-2
59	541	2
59	544	2
60	220	1
60	348	1
60	364	1
60	469	1
60	523	2
60	737	2
60	740	2
61	160	1
61	373	1
61	447	1
61	487	1
61	599	-2
61	670	-2
61	967	2
62	181	1
62	199	1
62	219	1
62	261	1
62	412	1
62	598	-2
62	756	2
62	782	-2
63	216	1
63	236	1
63	308	1
63	358	1
63	444	1
63	483	1
63	692	-2
63	721	2
63	968	-2
64	110	1
64	149	1
64	195	1
64	204	1
64	332	1
64	437	1
64	528	-2
64	807	-2
64	947	2
65	88	1
65	102	1
65	155	1
65	223	1
65	288	1
65	379	1
65	646	2
65	869	2
65	981	-2
66	106	1
66	198	1
66	208	1
66	242	1
66	250	1
66	387	1
66	809	-2
66	835	2
66	887	2
67	158	1
67	189	1
67	259	1
67	459	1
67	477	1
67	644	-2
67	688	2
67	695	-2
68	72	1
68	128	1
68	214	1
68	256	1
68	268	1
68	403	1
68	806	-2
68	868	2
68	881	2
69	145	1
69	253	1
69	328	1
69	333	1
69	414	1
69	468	1
69	696	2
69	783	2
69	929	2
70	78	1
70	94	1
70	246	1
70	342	1
70	355	1
70	468	1
70	864	2
70	877	2
70	1012	-2
71	132	1
71	144	1
71	279	1
71	406	1
71	455	1
71	514	2
71	793	-2
71	909	2
72	129	1
72	197	1
72	221	1
72	268	1
72	298	1
72	868	2
72	913	-2
72	1015	-2
73	86	1
73	96	1
73	119	1
73	217	1
73	370	1
73	573	2
73	596	2
73	828	2
74	98	1
74	103	1
74	277	1
74	429	1
74	470	1
74	671	2
74	675	2
74	876	-2
75	204	1
75	225	1
75	256	1
75	274	1
75	377	1
75	425	1
75	558	2
75	705	-2
75	816	2
76	142	1
76	258	1
76	287	1
76	366	1
76	395	1
76	402	1
76	653	2
76	702	-2
76	824	2
77	163	1
77	174	1
77	277	1
77	282	1
77	302	1
77	345	1
77	521	-2
77	849	-2
77	952	2
78	268	1
78	276	1
78	355	1
78	442	1
78	444	1
78	863	2
78	1012	-2
78	1022	2
79	271	1
79	299	1
79	309	1
79	354	1
79	384	1
79	438	1
79	640	2
79	686	2
79	750	2
80	195	1
80	196	1
80	341	1
80	365	1
80	414	1
80	450	1
80	546	2
80	666	-2
80	906	-2
81	161	1
81	270	1
81	351	1
81	411	1
81	470	1
81	563	2
81	736	2
81	805	-2
82	86	1
82	249	1
82	320	1
82	324	1
82	377	1
82	410	1
82	799	-2
82	826	2
82	1000	-2
83	141	1
83	154	1
83	191	1
83	234	1
83	486	1
83	508	1
83	538	-2
83	659	2
83	945	2
84	105	1
84	240	1
84	372	1
84	387	1
84	393	1
84	453	1
84	698	2
84	777	-2
84	845	2
85	151	1
85	265	1
85	317	1
85	437	1
85	512	1
85	535	-2
85	540	-2
85	888	2
86	164	1
86	217	1
86	229	1
86	320	1
86	573	2
86	799	-2
86	811	-2
87	109	1
87	213	1
87	301	1
87	322	1
87	506	1
87	792	2
87	851	-2
87	1020	-2
88	223	1
88	269	1
88	332	1
88	334	1
88	366	1
88	627	2
88	646	2
88	1009	2
89	159	1
89	305	1
89	311	1
89	380	1
89	612	-2
89	628	-2
89	657	2
90	92	1
90	108	1
90	155	1
90	296	1
90	441	1
90	711	2
90	751	-2
90	899	2
91	100	1
91	202	1
91	214	1
91	585	2
91	904	2
91	925	2
92	144	1
92	149	1
92	340	1
92	441	1
92	711	2
92	717	-2
92	745	2
93	191	1
93	308	1
93	401	1
93	425	1
93	432	1
93	483	1
93	569	-2
93	700	2
93	840	2
94	184	1
94	323	1
94	339	1
94	342	1
94	568	-2
94	709	2
94	877	2
95	226	1
95	282	1
95	366	1
95	426	1
95	608	-2
95	678	2
95	867	-2
96	201	1
96	328	1
96	406	1
96	519	2
96	803	-2
96	828	2
97	136	1
97	138	1
97	202	1
97	288	1
97	353	1
97	424	1
97	564	-2
97	641	2
97	719	-2
98	103	1
98	262	1
98	346	1
98	494	1
98	566	2
98	675	2
98	701	-2
99	386	1
99	487	1
99	498	1
99	510	1
99	520	2
99	759	2
99	900	2
100	107	1
100	164	1
100	214	1
100	446	1
100	556	2
100	585	2
100	768	2
101	257	1
101	324	1
101	353	1
101	390	1
101	495	1
101	810	2
101	912	2
101	990	2
102	125	1
102	187	1
102	379	1
102	445	1
102	549	-2
102	684	-2
102	869	2
103	149	1
103	231	1
103	397	1
103	424	1
103	654	-2
103	675	2
103	1010	-2
104	126	1
104	194	1
104	208	1
104	336	1
104	409	1
104	469	1
104	602	2
104	748	-2
104	755	-2
105	240	1
105	349	1
105	451	1
105	458	1
105	525	-2
105	691	2
105	698	2
106	211	1
106	250	1
106	430	1
106	464	1
106	478	1
106	660	-2
106	766	2
106	887	2
107	264	1
107	365	1
107	571	2
107	768	2
107	933	-2
108	184	1
108	392	1
108	482	1
108	499	1
108	577	-2
108	707	-2
108	751	-2
109	387	1
109	431	1
109	507	1
109	600	2
109	896	-2
109	1020	-2
110	195	1
110	373	1
110	382	1
110	431	1
110	609	-2
110	635	2
110	947	2
111	296	1
111	348	1
111	450	1
111	466	1
111	936	-2
111	980	-2
111	997	-2
112	113	1
112	139	1
112	175	1
112	394	1
112	421	1
112	429	1
112	526	2
112	672	2
112	722	2
113	394	1
113	409	1
113	466	1
113	484	1
113	494	1
113	722	2
113	834	-2
113	1018	2
114	178	1
114	390	1
114	408	1
114	481	1
114	560	2
114	790	-2
114	971	-2
115	152	1
115	411	1
115	454	1
115	488	1
115	503	1
115	730	2
115	829	2
115	959	2
116	129	1
116	225	1
116	332	1
116	432	1
116	439	1
116	490	1
116	605	2
116	637	-2
116	728	2
117	218	1
117	232	1
117	255	1
117	290	1
117	410	1
117	413	1
117	555	-2
117	720	2
117	839	-2
118	248	1
118	251	1
118	259	1
118	278	1
118	415	1
118	689	2
118	815	2
118	853	2
119	134	1
119	246	1
119	367	1
119	370	1
119	416	1
119	596	2
119	621	2
119	860	-2
120	210	1
120	363	1
120	372	1
120	471	1
120	498	1
120	724	2
120	726	2
120	747	2
121	240	1
121	241	1
121	258	1
121	290	1
121	347	1
121	420	1
121	592	-2
121	746	-2
121	893	-2
122	227	1
122	343	1
122	374	1
122	378	1
122	462	1
122	765	2
122	847	2
122	1023	-2
123	153	1
123	205	1
123	283	1
123	357	1
123	391	1
123	436	1
123	668	2
123	788	-2
123	969	-2
124	181	1
124	316	1
124	322	1
124	404	1
124	461	1
124	483	1
124	581	-2
124	895	-2
124	1004	-2
125	187	1
125	291	1
125	376	1
125	479	1
125	524	-2
125	673	-2
125	684	-2
126	134	1
126	179	1
126	469	1
126	474	1
126	494	1
126	602	2
126	694	-2
126	950	-2
127	140	1
127	148	1
127	172	1
127	336	1
127	744	-2
127	857	2
127	903	-2
128	194	1
128	214	1
128	263	1
128	442	1
128	499	1
128	593	-2
128	881	2
128	986	-2
129	208	1
129	298	1
129	321	1
129	439	1
129	605	2
129	926	-2
129	1015	-2
130	267	1
130	297	1
130	390	1
130	679	2
130	961	-2
130	983	-2
131	133	1
131	150	1
131	166	1
131	337	1
131	346	1
131	452	1
131	681	2
131	761	-2
131	942	-2
132	158	1
132	279	1
132	280	1
132	288	1
132	402	1
132	615	-2
132	793	-2
132	995	2
133	164	1
133	224	1
133	285	1
133	445	1
133	452	1
133	607	2
133	633	-2
133	681	2
134	271	1
134	413	1
134	416	1
134	494	1
134	715	-2
134	860	-2
134	950	-2
135	190	1
135	213	1
135	320	1
135	331	1
135	495	1
135	511	1
135	613	-2
135	767	2
135	919	2
136	142	1
136	202	1
136	268	1
136	344	1
136	362	1
136	564	-2
136	870	2
136	901	-2
137	192	1
137	203	1
137	223	1
137	362	1
137	400	1
137	631	-2
137	735	2
137	789	-2
138	273	1
138	288	1
138	486	1
138	630	-2
138	719	-2
138	892	-2
139	175	1
139	229	1
139	237	1
139	309	1
139	511	1
139	513	-2
139	672	2
139	699	2
140	148	1
140	274	1
140	345	1
140	397	1
140	399	1
140	623	2
140	821	-2
140	903	-2
141	184	1
141	267	1
141	279	1
141	359	1
141	508	1
141	561	2
141	822	-2
141	945	2
142	306	1
142	344	1
142	368	1
142	395	1
142	557	-2
142	702	-2
142	901	-2
143	153	1
143	255	1
143	326	1
143	344	1
143	491	1
143	502	1
143	648	-2
143	855	-2
143	1003	2
144	149	1
144	302	1
144	455	1
144	745	2
144	880	2
144	909	2
145	235	1
145	293	1
145	333	1
145	407	1
145	436	1
145	714	2
145	929	2
145	1005	2
146	236	1
146	249	1
146	414	1
146	443	1
146	505	1
146	812	-2
146	918	2
146	966	-2
147	218	1
147	243	1
147	298	1
147	434	1
147	687	2
147	841	2
147	878	-2
148	177	1
148	408	1
148	441	1
148	448	1
148	843	2
148	866	-2
148	903	-2
149	424	1
149	437	1
149	654	-2
149	745	2
149	807	-2
150	166	1
150	173	1
150	472	1
150	874	-2
150	931	-2
150	942	-2
151	206	1
151	265	1
151	330	1
151	496	1
151	540	-2
151	754	-2
151	842	2
152	190	1
152	221	1
152	238	1
152	354	1
152	488	1
152	655	-2
152	859	-2
152	959	2
153	163	1
153	308	1
153	344	1
153	436	1
153	758	-2
153	788	-2
153	1003	2
154	234	1
154	276	1
154	317	1
154	446	1
154	459	1
154	538	-2
154	572	-2
154	662	-2
155	244	1
155	288	1
155	296	1
155	411	1
155	797	-2
155	899	2
155	981	-2
156	170	1
156	241	1
156	260	1
156	326	1
156	347	1
156	381	1
156	616	-2
156	619	-2
156	817	-2
157	167	1
157	279	1
157	462	1
157	509	1
157	579	-2
157	957	-2
157	1013	-2
158	259	1
158	288	1
158	458	1
158	501	1
158	644	-2
158	773	-2
158	995	2
159	176	1
159	311	1
159	450	1
159	583	-2
159	612	-2
159	856	-2
160	210	1
160	213	1
160	234	1
160	262	1
160	543	-2
160	670	-2
160	739	-2
161	200	1
161	351	1
161	398	1
161	669	2
161	704	-2
161	736	2
162	167	1
162	440	1
162	442	1
162	485	1
162	575	-2
162	703	-2
162	998	2
163	186	1
163	277	1
163	308	1
163	391	1
163	521	-2
163	758	-2
163	800	2
164	229	1
164	285	1
164	446	1
164	556	2
164	633	-2
164	811	-2
165	275	1
165	300	1
165	361	1
165	371	1
165	428	1
165	448	1
165	551	-2
165	801	-2
165	964	2
166	356	1
166	384	1
166	469	1
166	667	-2
166	770	-2
166	942	-2
167	509	1
167	575	-2
167	992	-2
167	1013	-2
168	187	1
168	335	1
168	381	1
168	764	-2
168	872	-2
168	894	2
169	247	1
169	278	1
169	280	1
169	396	1
169	436	1
169	454	1
169	665	-2
169	858	2
169	922	2
170	381	1
170	461	1
170	485	1
170	501	1
170	532	2
170	619	-2
170	850	2
171	177	1
171	284	1
171	289	1
171	292	1
171	374	1
171	376	1
171	775	-2
171	804	2
171	984	2
172	230	1
172	307	1
172	674	2
172	744	-2
172	907	-2
173	193	1
173	198	1
173	428	1
173	497	1
173	830	2
173	882	2
173	931	-2
174	215	1
174	345	1
174	401	1
174	677	2
174	769	2
174	849	-2
175	304	1
175	318	1
175	350	1
175	500	1
175	652	-2
175	672	2
175	943	2
176	315	1
176	343	1
176	385	1
176	450	1
176	478	1
176	647	-2
176	784	-2
176	856	-2
177	281	1
177	292	1
177	392	1
177	408	1
177	843	2
177	949	2
177	984	2
178	302	1
178	506	1
178	567	-2
178	786	-2
178	790	-2
179	230	1
179	327	1
179	330	1
179	340	1
179	474	1
179	553	2
179	576	2
179	694	-2
180	254	1
180	314	1
180	316	1
180	354	1
180	364	1
180	400	1
180	552	-2
180	960	-2
180	974	-2
181	261	1
181	363	1
181	383	1
181	483	1
181	598	-2
181	924	2
181	1004	-2
182	228	1
182	347	1
182	471	1
182	472	1
182	480	1
182	542	2
182	779	2
182	989	-2
183	205	1
183	209	1
183	323	1
183	351	1
183	734	2
183	827	-2
183	935	2
184	267	1
184	323	1
184	499	1
184	707	-2
184	709	2
184	822	-2
185	284	1
185	417	1
185	423	1
185	426	1
185	461	1
185	502	1
185	676	2
185	916	2
185	948	2
186	238	1
186	252	1
186	277	1
186	358	1
186	391	1
186	800	2
186	854	-2
186	962	2
187	251	1
187	375	1
187	381	1
187	684	-2
187	879	2
187	894	2
188	207	1
188	222	1
188	231	1
188	245	1
188	341	1
188	371	1
188	586	-2
188	685	-2
188	994	2
189	345	1
189	405	1
189	444	1
189	447	1
189	459	1
189	656	2
189	695	-2
189	1017	2
190	238	1
190	320	1
190	352	1
190	634	2
190	655	-2
190	767	2
191	236	1
191	401	1
191	486	1
191	659	2
191	700	2
191	905	2
192	270	1
192	337	1
192	400	1
192	491	1
192	587	-2
192	631	-2
192	650	-2
193	428	1
193	475	1
193	496	1
193	723	2
193	871	-2
193	882	2
194	244	1
194	336	1
194	499	1
194	554	-2
194	593	-2
194	755	-2
195	196	1
195	228	1
195	253	1
195	706	-2
195	906	-2
195	947	2
196	321	1
196	364	1
196	458	1
196	464	1
196	594	-2
196	614	-2
196	906	-2
197	221	1
197	334	1
197	356	1
197	367	1
197	470	1
197	733	-2
197	836	2
197	913	-2
198	247	1
198	387	1
198	497	1
198	506	1
198	809	-2
198	830	2
198	1007	-2
199	219	1
199	243	1
199	313	1
199	452	1
199	507	1
199	522	-2
199	756	2
199	884	2
200	314	1
200	423	1
200	465	1
200	704	-2
200	780	-2
200	1019	2
201	247	1
201	389	1
201	479	1
201	519	2
201	574	-2
201	743	2
202	307	1
202	564	-2
202	925	2
202	963	2
203	219	1
203	362	1
203	383	1
203	440	1
203	589	-2
203	789	-2
203	996	-2
204	274	1
204	332	1
204	335	1
204	438	1
204	528	-2
204	705	-2
204	825	-2
205	391	1
205	417	1
205	668	2
205	827	-2
205	848	-2
206	215	1
206	249	1
206	418	1
206	433	1
206	661	-2
206	754	-2
206	982	-2
207	220	1
207	222	1
207	256	1
207	412	1
207	422	1
207	586	-2
207	808	2
207	861	-2
208	242	1
208	321	1
208	409	1
208	748	-2
208	835	2
208	926	-2
209	263	1
209	293	1
209	331	1
209	449	1
209	710	-2
209	734	2
209	833	-2
210	262	1
210	275	1
210	372	1
210	680	-2
210	739	-2
210	747	2
211	375	1
211	407	1
211	430	1
211	455	1
211	489	1
211	529	2
211	660	-2
211	718	2
212	242	1
212	286	1
212	441	1
212	690	-2
212	716	-2
212	985	2
213	234	1
213	495	1
213	506	1
213	543	-2
213	792	2
213	919	2
214	321	1
214	477	1
214	585	2
214	846	-2
214	881	2
215	249	1
215	340	1
215	405	1
215	677	2
215	958	2
215	982	-2
216	217	1
216	301	1
216	397	1
216	483	1
216	488	1
216	537	-2
216	692	-2
216	970	2
217	286	1
217	301	1
217	391	1
217	537	-2
217	573	2
217	643	-2
218	290	1
218	298	1
218	333	1
218	474	1
218	555	-2
218	878	-2
218	923	-2
219	253	1
219	383	1
219	610	2
219	756	2
219	996	-2
220	412	1
220	473	1
220	740	2
220	808	2
220	820	2
221	254	1
221	354	1
221	415	1
221	859	-2
221	913	-2
221	1006	2
222	343	1
222	394	1
222	434	1
222	586	-2
222	753	-2
222	796	-2
223	504	1
223	636	2
223	646	2
223	735	2
224	240	1
224	313	1
224	417	1
224	445	1
224	607	2
224	937	2
224	965	-2
225	256	1
225	332	1
225	369	1
225	481	1
225	558	2
225	637	-2
225	914	2
226	252	1
226	419	1
226	426	1
226	429	1
226	518	2
226	608	-2
226	618	-2
227	377	1
227	378	1
227	465	1
227	504	1
227	541	2
227	765	2
227	979	2
228	253	1
228	371	1
228	480	1
228	706	-2
228	837	2
228	989	-2
229	263	1
229	484	1
229	511	1
229	638	2
229	699	2
229	811	-2
230	248	1
230	322	1
230	327	1
230	553	2
230	632	-2
230	674	2
231	371	1
231	397	1
231	445	1
231	481	1
231	562	2
231	994	2
231	1010	-2
232	242	1
232	305	1
232	410	1
232	434	1
232	467	1
232	539	2
232	720	2
232	813	2
233	326	1
233	327	1
233	379	1
233	418	1
233	427	1
233	428	1
233	588	-2
233	889	-2
233	993	-2
234	376	1
234	509	1
234	538	-2
234	543	-2
234	742	-2
235	293	1
235	300	1
235	388	1
235	454	1
235	488	1
235	536	-2
235	795	-2
235	1005	2
236	249	1
236	358	1
236	721	2
236	905	2
236	966	-2
237	270	1
237	289	1
237	309	1
237	355	1
237	453	1
237	513	-2
237	944	-2
237	1001	2
238	277	1
238	396	1
238	516	-2
238	655	-2
238	962	2
239	243	1
239	275	1
239	298	1
239	310	1
239	456	1
239	482	1
239	814	2
239	818	-2
239	823	-2
240	313	1
240	420	1
240	698	2
240	893	-2
240	965	-2
241	258	1
241	260	1
241	497	1
241	592	-2
241	616	-2
241	920	2
242	305	1
242	813	2
242	835	2
242	985	2
243	275	1
243	434	1
243	507	1
243	687	2
243	814	2
243	884	2
244	306	1
244	411	1
244	478	1
244	554	-2
244	683	-2
244	797	-2
245	341	1
245	500	1
245	685	-2
245	787	2
245	883	-2
246	269	1
246	367	1
246	457	1
246	468	1
246	621	2
246	741	2
246	864	2
247	454	1
247	506	1
247	743	2
247	858	2
247	1007	-2
248	264	1
248	322	1
248	328	1
248	415	1
248	632	-2
248	815	2
248	898	-2
249	410	1
249	966	-2
249	982	-2
249	1000	-2
250	418	1
250	466	1
250	595	-2
250	639	2
250	887	2
251	278	1
251	325	1
251	375	1
251	447	1
251	689	2
251	862	-2
251	879	2
252	358	2
252	429	1
252	512	1
252	518	2
252	727	-2
252	854	-2
253	328	1
253	610	2
253	696	2
253	706	-2
254	400	1
254	415	1
254	463	1
254	910	-2
254	960	-2
254	1006	2
255	326	1
255	413	1
255	435	1
255	508	1
255	839	-2
255	855	-2
255	973	2
256	403	1
256	422	1
256	558	2
256	806	-2
256	861	-2
257	303	1
257	324	1
257	433	1
257	482	1
257	496	1
257	515	2
257	810	2
257	844	2
258	366	1
258	463	1
258	472	1
258	592	-2
258	725	2
258	824	2
259	431	1
259	644	-2
259	853	2
259	991	2
260	266	1
260	285	1
260	352	1
260	477	1
260	531	2
260	584	2
260	616	-2
261	286	1
261	471	1
261	491	1
261	598	-2
261	658	-2
261	713	2
262	370	1
262	492	1
262	566	2
262	739	-2
262	1021	-2
263	442	1
263	449	1
263	484	1
263	638	2
263	710	-2
263	986	-2
264	285	1
264	328	1
264	380	1
264	571	2
264	898	-2
264	955	-2
265	378	1
265	435	1
265	476	1
265	540	-2
265	642	2
265	987	2
266	271	1
266	292	1
266	318	1
266	477	1
266	493	1
266	531	2
266	620	-2
266	1016	2
267	363	1
267	390	1
267	822	-2
267	983	-2
267	1008	2
268	362	1
268	444	1
268	863	2
268	868	2
268	870	2
269	315	1
269	318	1
269	366	1
269	457	1
269	741	2
269	911	-2
269	1009	2
270	355	1
270	491	1
270	650	-2
270	805	-2
270	1001	2
271	309	1
271	413	1
271	493	1
271	686	2
271	715	-2
271	1016	2
272	361	1
272	427	1
272	468	1
272	490	1
272	785	2
272	791	2
272	798	2
273	300	1
273	372	1
273	453	1
273	630	-2
273	760	2
273	1002	2
274	393	1
274	399	1
274	467	1
274	617	-2
274	705	-2
274	821	-2
275	371	1
275	551	-2
275	680	-2
275	814	2
276	423	1
276	442	1
276	459	1
276	545	-2
276	572	-2
276	1022	2
277	429	1
277	521	-2
277	671	2
277	962	2
278	436	1
278	463	1
278	689	2
278	838	2
278	922	2
279	359	1
279	561	2
279	793	-2
279	957	-2
280	373	1
280	396	1
280	402	2
280	615	-2
280	665	-2
280	956	2
281	392	1
281	400	1
281	413	1
281	424	1
281	443	1
281	865	2
281	949	2
281	977	-2
282	302	1
282	306	1
282	382	1
282	678	2
282	952	2
282	1011	-2
283	357	1
283	422	1
283	440	1
283	465	1
283	497	1
283	873	-2
283	969	-2
283	988	-2
284	348	1
284	374	1
284	502	1
284	544	2
284	676	2
284	775	-2
285	352	1
285	380	1
285	584	2
285	633	-2
285	955	-2
286	391	1
286	441	1
286	491	1
286	643	-2
286	658	-2
286	716	-2
287	292	1
287	307	1
287	402	1
287	405	1
287	473	1
287	653	2
287	729	-2
287	908	2
288	719	-2
288	981	-2
288	995	2
289	353	1
289	376	1
289	453	1
289	495	1
289	776	2
289	804	2
289	944	-2
290	347	1
290	475	1
290	555	-2
290	746	-2
290	946	-2
291	338	1
291	342	1
291	399	1
291	524	-2
291	682	2
291	976	-2
292	318	1
292	405	1
292	620	-2
292	908	2
292	984	2
293	331	1
293	476	1
293	833	-2
293	921	-2
293	1005	2
294	303	1
294	324	1
294	394	1
294	456	1
294	511	1
294	527	-2
294	601	2
294	938	-2
295	329	1
295	398	1
295	433	1
295	456	1
295	492	1
295	550	-2
295	625	2
295	752	-2
296	381	1
296	451	1
296	885	2
296	899	2
296	936	-2
297	312	1
297	350	1
297	382	1
297	398	1
297	732	-2
297	778	2
297	961	-2
298	482	1
298	823	-2
298	878	-2
298	1015	-2
299	354	1
299	439	1
299	498	1
299	597	-2
299	663	2
299	750	2
300	372	1
300	428	1
300	488	1
300	795	-2
300	964	2
300	1002	2
301	322	1
301	422	1
301	537	-2
301	731	-2
301	851	-2
302	506	1
302	786	-2
302	880	2
302	952	2
303	355	1
303	360	1
303	482	1
303	601	2
303	844	2
303	939	-2
304	344	1
304	416	1
304	480	1
304	499	1
304	500	1
304	547	-2
304	603	-2
304	652	-2
305	338	1
305	509	1
305	628	-2
305	813	2
305	932	-2
306	368	1
306	382	1
306	478	1
306	557	-2
306	683	-2
306	1011	-2
307	473	1
307	729	-2
307	907	-2
307	963	2
308	425	1
308	444	1
308	569	-2
308	758	-2
308	968	-2
309	379	1
309	510	1
309	513	-2
309	686	2
309	972	2
310	329	1
310	362	1
310	369	1
310	456	1
310	530	2
310	818	-2
310	886	-2
311	320	1
311	410	1
311	473	1
311	502	1
311	612	-2
311	622	2
311	1014	-2
312	349	1
312	357	1
312	398	1
312	501	1
312	508	1
312	778	2
312	917	2
312	951	-2
313	404	1
313	452	1
313	505	1
313	522	-2
313	941	2
313	965	-2
314	330	1
314	354	1
314	552	-2
314	591	-2
314	1019	2
315	318	1
315	319	1
315	349	1
315	478	1
315	582	2
315	784	-2
315	911	-2
316	364	1
316	388	1
316	448	1
316	461	1
316	581	-2
316	763	2
316	974	-2
317	339	1
317	437	1
317	446	1
317	474	1
317	662	-2
317	772	-2
317	888	2
318	350	1
318	620	-2
318	911	-2
318	943	2
319	323	1
319	349	1
319	409	1
319	419	1
319	582	2
319	626	-2
319	891	-2
320	410	1
320	767	2
320	799	-2
320	1014	-2
321	458	1
321	477	1
321	594	-2
321	846	-2
321	926	-2
322	404	1
322	632	-2
322	851	-2
322	895	-2
323	351	1
323	419	1
323	626	-2
323	709	2
323	935	2
324	377	1
324	511	1
324	810	2
324	826	2
324	938	-2
325	446	1
325	447	1
325	479	1
325	489	1
325	651	2
325	862	-2
325	954	2
326	347	1
326	379	1
326	588	-2
326	817	-2
326	855	-2
327	428	1
327	464	1
327	553	2
327	693	-2
327	889	-2
328	406	1
328	696	2
328	803	-2
328	898	-2
329	369	1
329	492	1
329	505	1
329	530	2
329	625	2
329	708	2
330	340	1
330	496	1
330	576	2
330	591	-2
330	842	2
331	368	1
331	511	1
331	613	-2
331	833	-2
331	940	2
332	334	1
332	528	-2
332	627	2
332	637	-2
333	369	1
333	386	1
333	474	1
333	774	2
333	923	-2
333	929	2
334	395	1
334	470	1
334	627	2
334	733	-2
334	762	-2
335	396	1
335	432	1
335	438	1
335	611	-2
335	764	-2
335	825	-2
336	385	1
336	420	1
336	565	-2
336	755	-2
336	857	2
337	346	1
337	486	1
337	587	-2
337	645	-2
337	761	-2
338	342	1
338	438	1
338	509	1
338	512	1
338	771	-2
338	932	-2
338	976	-2
339	378	1
339	474	1
339	568	-2
339	629	2
339	772	-2
340	405	1
340	576	2
340	717	-2
340	958	2
341	403	1
341	450	1
341	484	1
341	570	2
341	666	-2
341	685	-2
342	819	2
342	877	2
342	976	-2
343	374	1
343	385	1
343	647	-2
343	753	-2
343	1023	-2
344	480	1
344	603	-2
344	901	-2
344	1003	2
345	397	1
345	444	1
345	623	2
345	849	-2
345	1017	2
346	493	1
346	494	1
346	701	-2
346	761	-2
346	831	-2
347	472	1
347	746	-2
347	779	2
347	817	-2
348	469	1
348	544	2
348	737	2
348	980	-2
349	451	1
349	508	1
349	582	2
349	691	2
349	951	-2
350	382	1
350	386	1
350	732	-2
350	738	-2
350	943	2
351	389	1
351	493	1
351	590	2
351	736	2
351	935	2
352	360	1
352	584	2
352	634	2
352	649	2
353	390	1
353	424	1
353	495	1
353	641	2
353	776	2
353	912	2
354	552	-2
354	750	2
354	859	-2
355	360	1
355	939	-2
355	1001	2
355	1012	-2
356	367	1
356	401	1
356	578	2
356	770	-2
356	836	2
357	367	1
357	490	1
357	501	1
357	697	-2
357	917	2
357	969	-2
358	512	1
358	721	2
358	727	-2
358	854	-2
359	426	1
359	457	1
359	510	1
359	548	2
359	561	2
359	975	2
360	370	1
360	375	1
360	649	2
360	939	-2
360	953	-2
361	384	1
361	448	1
361	791	2
361	801	-2
361	978	2
362	789	-2
362	870	2
362	886	-2
363	383	1
363	471	1
363	726	2
363	924	2
363	1008	2
364	464	1
364	523	2
364	614	-2
364	974	-2
365	374	1
365	414	1
365	546	2
365	930	2
365	933	-2
366	824	2
366	867	-2
366	1009	2
367	490	1
367	621	2
367	697	-2
367	836	2
368	385	1
368	533	2
368	557	-2
368	940	2
369	386	1
369	481	1
369	530	2
369	774	2
369	914	2
370	375	1
370	492	1
370	596	2
370	953	-2
370	1021	-2
371	551	-2
371	837	2
371	994	2
372	387	1
372	747	2
372	777	-2
372	1002	2
373	402	1
373	487	1
373	599	-2
373	635	2
373	956	2
374	775	-2
374	930	2
374	1023	-2
375	407	1
375	718	2
375	879	2
375	953	-2
376	479	1
376	509	1
376	673	-2
376	742	-2
376	804	2
377	425	1
377	504	1
377	816	2
377	826	2
377	979	2
378	476	1
378	629	2
378	765	2
378	987	2
379	510	1
379	588	-2
379	869	2
379	972	2
380	451	1
380	460	1
380	657	2
380	902	-2
380	955	-2
381	451	1
381	619	-2
381	885	2
381	894	2
382	431	1
382	609	-2
382	732	-2
382	1011	-2
383	476	1
383	487	1
383	802	-2
383	924	2
383	996	-2
384	438	1
384	469	1
384	640	2
384	667	-2
384	978	2
385	420	1
385	533	2
385	565	-2
385	647	-2
386	498	1
386	738	-2
386	774	2
386	900	2
387	600	2
387	777	-2
387	809	-2
388	430	1
388	448	1
388	454	1
388	503	1
388	536	-2
388	749	2
388	763	2
389	399	1
389	475	1
389	479	1
389	493	1
389	574	-2
389	590	2
389	832	2
390	481	1
390	560	2
390	912	2
390	983	-2
391	643	-2
391	668	2
391	800	2
392	419	1
392	482	1
392	503	1
392	577	-2
392	604	2
392	949	2
393	406	1
393	425	1
393	453	1
393	467	1
393	534	-2
393	617	-2
393	845	2
394	434	1
394	456	1
394	527	-2
394	722	2
394	796	-2
395	467	1
395	664	2
395	702	-2
395	762	-2
396	432	1
396	516	-2
396	611	-2
396	665	-2
397	488	1
397	623	2
397	970	2
397	1010	-2
398	433	1
398	550	-2
398	669	2
398	778	2
399	475	1
399	682	2
399	821	-2
399	832	2
400	443	1
400	631	-2
400	865	2
400	960	-2
401	578	2
401	700	2
401	769	2
402	615	-2
402	653	2
402	956	2
403	484	1
403	504	1
403	517	-2
403	570	2
403	806	-2
404	452	1
404	505	1
404	890	2
404	895	-2
404	941	2
405	447	1
405	656	2
405	908	2
405	958	2
406	425	1
406	514	2
406	534	-2
406	803	-2
407	436	1
407	714	2
407	718	2
407	757	2
408	449	1
408	492	1
408	559	2
408	843	2
408	971	-2
409	494	1
409	748	-2
409	891	-2
409	1018	2
410	720	2
410	1000	-2
410	1014	-2
411	470	1
411	563	2
411	797	-2
411	829	2
412	457	1
412	782	-2
412	808	2
412	999	2
413	424	1
413	715	-2
413	839	-2
413	977	-2
414	443	1
414	468	1
414	546	2
414	783	2
414	812	-2
415	460	1
415	712	-2
415	815	2
415	1006	2
416	437	1
416	460	1
416	499	1
416	547	-2
416	860	-2
416	934	2
417	423	1
417	848	-2
417	937	2
417	948	2
418	427	1
418	433	1
418	466	1
418	639	2
418	661	-2
418	993	-2
419	503	1
419	604	2
419	618	-2
419	626	-2
420	421	1
420	565	-2
420	875	-2
420	893	-2
421	429	1
421	526	2
421	781	-2
421	875	-2
422	497	1
422	731	-2
422	861	-2
422	988	-2
423	465	1
423	545	-2
423	780	-2
423	948	2
424	641	2
424	654	-2
424	977	-2
425	534	-2
425	569	-2
425	816	2
426	457	1
426	461	1
426	608	-2
426	916	2
426	975	2
427	468	1
427	794	2
427	798	2
427	993	-2
428	882	2
428	889	-2
428	964	2
429	518	2
429	526	2
429	671	2
430	485	1
430	503	1
430	660	-2
430	749	2
430	928	-2
431	507	1
431	609	-2
431	896	-2
431	991	2
432	483	1
432	490	1
432	611	-2
432	728	2
432	840	2
433	496	1
433	515	2
433	550	-2
433	661	-2
434	467	1
434	539	2
434	687	2
434	796	-2
435	508	1
435	642	2
435	973	2
435	1024	2
436	714	2
436	788	-2
436	922	2
437	460	1
437	807	-2
437	888	2
437	934	2
438	512	1
438	640	2
438	771	-2
438	825	-2
439	489	1
439	500	1
439	597	-2
439	605	2
439	927	-2
440	465	1
440	485	1
440	589	-2
440	703	-2
440	873	-2
441	448	1
441	711	2
441	716	-2
441	866	-2
442	986	-2
442	998	2
442	1022	2
443	480	1
443	812	-2
443	852	-2
443	865	2
444	863	2
444	968	-2
444	1017	2
445	481	1
445	549	-2
445	562	2
445	607	2
446	479	1
446	556	2
446	662	-2
446	954	2
447	656	2
447	862	-2
447	967	2
448	763	2
448	801	-2
448	866	-2
449	462	1
449	492	1
449	559	2
449	606	2
449	710	-2
450	466	1
450	666	-2
450	856	-2
450	997	-2
451	460	1
451	691	2
451	885	2
451	902	-2
452	522	-2
452	681	2
452	890	2
453	760	2
453	845	2
453	944	-2
454	503	1
454	536	-2
454	730	2
454	858	2
455	489	1
455	529	2
455	897	2
455	909	2
456	527	-2
456	752	-2
456	818	-2
457	741	2
457	975	2
457	999	2
458	501	1
458	525	-2
458	594	-2
458	773	-2
459	572	-2
459	580	-2
459	695	-2
460	712	-2
460	902	-2
460	934	2
461	501	1
461	581	-2
461	850	2
461	916	2
462	579	-2
462	606	2
462	847	2
463	472	1
463	725	2
463	838	2
463	910	-2
464	478	1
464	614	-2
464	693	-2
464	766	2
465	541	2
465	780	-2
465	873	-2
466	484	1
466	639	2
466	834	-2
466	997	-2
467	539	2
467	617	-2
467	664	2
468	783	2
468	798	2
468	864	2
469	602	2
469	667	-2
469	737	2
470	563	2
470	733	-2
470	876	-2
471	542	2
471	713	2
471	726	2
472	725	2
472	779	2
472	874	-2
473	502	1
473	622	2
473	729	-2
473	820	2
474	694	-2
474	772	-2
474	923	-2
475	832	2
475	871	-2
475	946	-2
476	487	1
476	802	-2
476	921	-2
476	987	2
477	531	2
477	688	2
477	846	-2
478	683	-2
478	766	2
478	784	-2
479	574	-2
479	673	-2
479	954	2
480	603	-2
480	852	-2
480	989	-2
481	560	2
481	562	2
481	914	2
482	577	-2
482	823	-2
482	844	2
483	692	-2
483	840	2
483	1004	-2
484	570	2
484	638	2
484	834	-2
485	532	2
485	703	-2
485	928	-2
486	645	-2
486	659	2
486	892	-2
487	520	2
487	599	-2
487	802	-2
488	795	-2
488	959	2
488	970	2
489	500	1
489	529	2
489	651	2
489	927	-2
490	697	-2
490	728	2
490	785	2
491	502	1
491	648	-2
491	650	-2
491	658	-2
492	559	2
492	625	2
492	1021	-2
493	590	2
493	831	-2
493	1016	2
494	701	-2
494	950	-2
494	1018	2
495	776	2
495	919	2
495	990	2
496	515	2
496	723	2
496	842	2
497	830	2
497	920	2
497	988	-2
498	663	2
498	724	2
498	900	2
499	547	-2
499	593	-2
499	707	-2
500	652	-2
500	787	2
500	927	-2
501	773	-2
501	850	2
501	917	2
502	622	2
502	648	-2
502	676	2
503	604	2
503	730	2
503	749	2
504	517	-2
504	636	2
504	979	2
505	708	2
505	918	2
505	941	2
506	786	-2
506	792	2
506	1007	-2
507	884	2
507	896	-2
507	915	2
508	945	2
508	951	-2
508	973	2
509	742	-2
509	932	-2
509	1013	-2
510	548	2
510	759	2
510	972	2
511	613	-2
511	699	2
511	938	-2
512	535	-2
512	727	-2
512	771	-2
