1	1	1
2	2	-3
3	3	3
4	4	-1
5	5	1
6	6	-1
7	7	-1
8	8	1
9	9	-1
10	10	-1
11	11	1
12	12	-1
13	13	-1
14	14	-1
15	15	1
16	16	1
17	17	1
18	18	-1
19	19	1
20	20	3
21	21	-1
22	22	-1
23	23	3
24	24	-3
25	25	1
26	26	1
27	27	-1
28	28	-1
29	29	-1
30	30	3
31	31	3
32	32	1
33	33	-1
34	34	-3
35	35	1
36	36	1
37	37	3
38	38	-1
39	39	1
40	40	-1
41	41	-1
42	42	-1
43	43	3
44	44	1
45	45	1
46	46	3
47	47	-1
48	48	-1
49	49	-1
50	50	1
51	51	-1
52	52	-1
53	53	-1
54	54	3
55	55	1
56	56	1
57	57	-2
58	58	2
59	59	2
60	60	2
61	61	2
62	62	-2
63	63	-2
64	64	2
65	65	2
66	66	2
67	67	2
68	68	2
69	69	-2
70	70	2
71	71	-2
72	72	2
73	73	-2
74	74	2
75	75	-2
76	76	2
77	77	-2
78	78	-2
79	79	2
80	80	-2
81	81	-2
82	82	2
83	83	-2
84	84	2
85	85	2
86	86	2
87	87	-2
88	88	-2
89	89	-2
90	90	-2
91	91	-2
92	92	-2
93	93	-2
94	94	-2
95	95	2
96	96	2
97	97	2
98	98	-2
99	99	2
100	100	-2
101	101	-2
102	102	-2
103	103	2
104	104	2
105	105	-2
106	106	2
107	107	2
108	108	2
109	109	2
110	110	2
111	111	2
112	112	2
1	2	1
1	22	1
1	26	1
1	30	1
1	37	1
1	45	1
1	63	-2
1	87	-2
1	108	-2
2	10	1
2	22	1
2	34	1
2	48	1
2	56	1
2	83	2
2	102	2
2	108	-2
3	4	1
3	5	1
3	8	1
3	11	1
3	23	1
3	42	1
3	79	2
3	80	-2
3	86	2
4	7	1
4	8	1
4	19	1
4	27	1
4	53	1
4	68	-2
4	70	-2
4	80	-2
5	11	1
5	12	1
5	31	1
5	47	1
5	53	1
5	62	2
5	79	2
5	89	-2
6	13	1
6	17	1
6	22	1
6	38	1
6	44	1
6	51	1
6	66	2
6	101	2
6	106	-2
7	15	1
7	32	1
7	34	1
7	45	1
7	53	1
7	65	-2
7	70	-2
7	74	2
8	14	1
8	22	1
8	52	1
8	54	1
8	71	-2
8	80	-2
8	95	-2
9	14	1
9	18	1
9	27	1
9	42	1
9	46	1
9	51	1
9	76	-2
9	84	2
9	111	-2
10	39	1
10	40	1
10	48	1
10	55	1
10	56	1
10	61	-2
10	102	2
10	110	2
11	15	1
11	35	1
11	45	1
11	56	1
11	57	-2
11	79	2
11	105	2
12	13	1
12	39	1
12	43	1
12	47	1
12	52	1
12	62	2
12	96	-2
12	104	2
13	17	1
13	44	1
13	52	1
13	55	1
13	64	2
13	96	-2
13	106	-2
14	18	1
14	22	1
14	23	1
14	25	1
14	73	-2
14	76	-2
14	95	-2
15	32	1
15	35	1
15	37	1
15	40	1
15	67	2
15	74	2
15	105	2
16	20	1
16	21	1
16	25	1
16	39	1
16	46	1
16	48	1
16	59	2
16	60	2
16	103	-2
17	35	1
17	43	2
17	49	1
17	72	2
17	106	-2
17	107	2
18	28	1
18	31	1
18	35	1
18	41	1
18	75	-2
18	76	-2
18	78	2
19	21	1
19	27	1
19	30	1
19	50	1
19	54	1
19	68	-2
19	98	-2
19	100	-2
20	25	1
20	29	1
20	32	1
20	38	1
20	51	1
20	60	2
20	69	-2
20	112	2
21	26	1
21	39	1
21	44	1
21	54	1
21	97	-2
21	98	-2
21	103	-2
22	44	1
22	66	2
22	95	-2
22	108	-2
23	25	1
23	26	1
23	42	1
23	56	1
23	73	-2
23	77	-2
23	86	2
24	33	1
24	38	1
24	42	1
24	49	1
24	53	1
24	55	1
24	81	2
24	91	2
24	109	-2
25	29	1
25	50	1
25	60	2
25	73	-2
25	90	2
26	30	1
26	44	1
26	56	1
26	77	-2
26	87	-2
26	97	-2
27	32	1
27	46	1
27	49	1
27	68	-2
27	84	2
27	92	2
28	34	1
28	36	1
28	40	1
28	41	2
28	78	2
28	93	2
28	99	2
29	32	1
29	33	1
29	36	1
29	50	1
29	85	-2
29	90	2
29	112	2
30	31	1
30	47	1
30	50	1
30	82	2
30	87	-2
30	100	-2
31	35	1
31	47	1
31	53	1
31	75	-2
31	82	2
31	89	-2
32	49	1
32	74	2
32	92	2
32	112	2
33	36	2
33	38	1
33	50	1
33	85	-2
33	88	-2
33	109	-2
34	40	1
34	45	1
34	48	1
34	65	-2
34	83	2
34	93	2
35	43	1
35	75	-2
35	105	2
35	107	2
36	41	1
36	50	1
36	85	-2
36	88	-2
36	99	2
37	40	1
37	45	1
37	46	1
37	54	1
37	63	-2
37	67	2
37	94	-2
38	51	2
38	69	-2
38	101	2
38	109	-2
39	43	1
39	55	1
39	103	-2
39	104	2
39	110	2
40	48	1
40	61	-2
40	67	2
40	93	2
41	47	1
41	52	1
41	58	-2
41	78	2
41	99	2
42	51	1
42	55	1
42	86	2
42	91	2
42	111	-2
43	49	1
43	72	2
43	104	2
43	107	2
44	55	1
44	64	2
44	66	2
44	97	-2
45	56	1
45	57	-2
45	63	-2
45	65	-2
46	48	1
46	54	1
46	59	2
46	84	2
46	94	-2
47	52	1
47	58	-2
47	62	2
47	82	2
48	59	2
48	61	-2
48	83	2
49	53	1
49	72	2
49	81	2
49	92	2
50	88	-2
50	90	2
50	100	-2
51	69	-2
51	101	2
51	111	-2
52	54	1
52	58	-2
52	71	-2
52	96	-2
53	70	-2
53	81	2
53	89	-2
54	71	-2
54	94	-2
54	98	-2
55	64	2
55	91	2
55	110	2
56	57	-2
56	77	-2
56	102	2
