1	1	1
2	2	-3
3	3	1
4	4	-1
5	5	-1
6	6	-1
7	7	1
8	8	1
9	9	-3
10	10	1
11	11	3
12	12	1
13	13	-1
14	14	-3
15	15	1
16	16	-1
17	17	1
18	18	1
19	19	1
20	20	-1
21	21	-3
22	22	3
23	23	3
24	24	-1
25	25	-1
26	26	1
27	27	1
28	28	1
29	29	-1
30	30	3
31	31	1
32	32	3
33	33	3
34	34	1
35	35	1
36	36	3
37	37	-1
38	38	-3
39	39	3
40	40	1
41	41	1
42	42	3
43	43	-1
44	44	3
45	45	-1
46	46	-1
47	47	-3
48	48	1
49	49	1
50	50	1
51	51	-1
52	52	1
53	53	3
54	54	-1
55	55	-1
56	56	-1
57	57	1
58	58	3
59	59	3
60	60	3
61	61	-1
62	62	-1
63	63	1
64	64	3
65	65	1
66	66	1
67	67	1
68	68	-1
69	69	-1
70	70	-3
71	71	1
72	72	-1
73	73	-3
74	74	3
75	75	1
76	76	1
77	77	3
78	78	-1
79	79	1
80	80	-1
81	81	-1
82	82	1
83	83	1
84	84	3
85	85	-1
86	86	1
87	87	1
88	88	3
89	89	2
90	90	2
91	91	-2
92	92	2
93	93	2
94	94	-2
95	95	-2
96	96	-2
97	97	2
98	98	2
99	99	-2
100	100	2
101	101	2
102	102	2
103	103	2
104	104	2
105	105	-2
106	106	-2
107	107	-2
108	108	-2
109	109	-2
110	110	-2
111	111	2
112	112	-2
113	113	-2
114	114	-2
115	115	2
116	116	-2
117	117	2
118	118	2
119	119	-2
120	120	-2
121	121	2
122	122	2
123	123	-2
124	124	-2
125	125	-2
126	126	-2
127	127	-2
128	128	-2
129	129	-2
130	130	2
131	131	2
132	132	2
133	133	2
134	134	2
135	135	-2
136	136	-2
137	137	2
138	138	2
139	139	-2
140	140	2
141	141	-2
142	142	2
143	143	-2
144	144	2
145	145	2
146	146	2
147	147	2
148	148	-2
149	149	-2
150	150	2
151	151	2
152	152	-2
153	153	2
154	154	-2
155	155	2
156	156	-2
157	157	-2
158	158	2
159	159	-2
160	160	2
161	161	2
162	162	-2
163	163	-2
164	164	-2
165	165	2
166	166	-2
167	167	-2
168	168	-2
169	169	-2
170	170	2
171	171	2
172	172	-2
173	173	2
174	174	2
175	175	-2
176	176	2
1	10	1
1	67	1
1	69	1
1	70	1
1	74	1
1	82	1
1	111	2
1	125	-2
1	150	-2
2	19	1
2	43	1
2	49	1
2	65	1
2	75	1
2	80	1
2	101	-2
2	157	2
2	162	2
3	5	1
3	32	1
3	36	1
3	40	1
3	51	1
3	71	1
3	108	-2
3	110	2
3	139	-2
4	18	1
4	20	1
4	24	1
4	63	1
4	69	1
4	83	1
4	113	2
4	155	2
4	176	-2
5	28	1
5	51	1
5	57	1
5	64	1
5	85	1
5	89	-2
5	103	2
5	110	2
6	8	1
6	30	1
6	31	1
6	60	1
6	70	1
6	83	1
6	98	-2
6	140	2
6	149	2
7	18	1
7	21	1
7	45	1
7	78	1
7	84	1
7	87	1
7	105	2
7	114	-2
7	175	-2
8	32	1
8	48	1
8	49	1
8	64	1
8	70	1
8	131	2
8	138	2
8	149	2
9	13	1
9	20	1
9	38	1
9	45	1
9	46	1
9	61	1
9	92	-2
9	127	2
9	167	2
10	25	1
10	26	1
10	32	1
10	72	1
10	74	1
10	121	2
10	125	-2
10	142	-2
11	16	1
11	19	1
11	41	1
11	42	1
11	44	1
11	69	1
11	90	2
11	99	-2
11	170	2
12	18	1
12	23	1
12	27	1
12	39	1
12	59	1
12	85	1
12	112	-2
12	132	-2
12	153	2
13	38	1
13	65	1
13	76	2
13	78	1
13	120	2
13	167	2
13	174	2
14	16	1
14	28	1
14	47	1
14	56	1
14	61	1
14	62	1
14	95	2
14	107	2
14	171	-2
15	34	1
15	52	1
15	72	1
15	80	1
15	81	1
15	85	1
15	118	2
15	119	-2
15	147	-2
16	29	1
16	44	1
16	47	2
16	90	2
16	107	2
16	156	2
17	33	1
17	55	1
17	60	1
17	66	1
17	83	1
17	86	1
17	146	-2
17	164	-2
17	173	2
18	39	1
18	69	1
18	78	1
18	113	2
18	114	-2
18	153	2
19	42	1
19	48	1
19	49	1
19	74	1
19	99	-2
19	136	-2
19	162	2
20	24	1
20	46	1
20	52	1
20	60	1
20	92	-2
20	93	2
20	176	-2
21	26	1
21	35	1
21	73	1
21	80	1
21	87	1
21	105	2
21	129	2
21	152	2
22	23	1
22	42	1
22	50	1
22	53	1
22	75	1
22	77	1
22	126	-2
22	154	-2
22	163	-2
23	59	1
23	77	2
23	87	1
23	112	-2
23	151	2
23	163	-2
24	34	1
24	35	1
24	36	1
24	54	1
24	102	-2
24	128	-2
24	176	-2
25	30	1
25	54	1
25	72	1
25	73	1
25	79	1
25	91	-2
25	134	-2
25	142	-2
26	32	1
26	59	1
26	73	1
26	77	1
26	104	2
26	121	2
26	129	2
27	29	1
27	56	1
27	58	1
27	65	1
27	85	1
27	132	-2
27	160	2
27	161	2
28	43	1
28	49	1
28	62	1
28	64	1
28	103	2
28	115	2
28	171	-2
29	46	1
29	47	1
29	56	1
29	68	1
29	143	2
29	156	2
29	160	2
30	54	1
30	57	1
30	60	1
30	68	1
30	91	-2
30	140	2
30	159	-2
31	39	1
31	75	1
31	79	1
31	83	1
31	88	1
31	98	-2
31	109	-2
31	148	-2
32	40	1
32	64	1
32	108	-2
32	121	2
32	131	2
33	36	1
33	41	1
33	59	1
33	63	1
33	83	1
33	94	-2
33	97	2
33	173	2
34	35	1
34	54	1
34	81	1
34	82	1
34	102	-2
34	119	-2
34	144	2
35	36	1
35	80	1
35	82	1
35	128	-2
35	144	2
35	152	2
36	41	1
36	71	1
36	94	-2
36	128	-2
36	139	-2
37	38	1
37	40	1
37	66	1
37	67	1
37	70	1
37	76	1
37	133	-2
37	135	2
37	168	-2
38	47	1
38	67	1
38	71	1
38	96	2
38	133	-2
38	167	2
39	58	1
39	72	1
39	79	1
39	116	-2
39	148	-2
39	153	2
40	50	1
40	62	1
40	70	1
40	108	-2
40	135	2
40	141	-2
41	56	1
41	62	1
41	69	1
41	94	-2
41	130	-2
41	170	2
42	50	1
42	53	1
42	61	1
42	99	-2
42	126	-2
42	145	2
43	49	1
43	54	1
43	63	1
43	80	1
43	101	-2
43	115	2
43	158	-2
44	46	1
44	74	1
44	79	1
44	84	1
44	90	2
44	124	-2
44	166	-2
45	51	1
45	61	1
45	78	1
45	84	1
45	127	2
45	137	-2
45	175	-2
46	68	1
46	74	1
46	92	-2
46	124	-2
46	143	2
47	71	1
47	96	2
47	107	2
47	156	2
48	49	1
48	74	1
48	81	1
48	82	1
48	106	2
48	136	-2
48	138	2
49	115	2
49	138	2
49	162	2
50	62	1
50	68	1
50	86	1
50	122	-2
50	126	-2
50	141	-2
51	64	1
51	78	1
51	88	1
51	110	2
51	137	-2
51	165	2
52	53	1
52	60	1
52	67	1
52	72	1
52	93	2
52	100	2
52	147	-2
53	61	1
53	67	1
53	75	1
53	100	2
53	145	2
53	154	-2
54	63	1
54	91	-2
54	102	-2
54	158	-2
55	58	1
55	66	1
55	73	1
55	81	1
55	87	1
55	117	-2
55	146	-2
55	172	-2
56	61	1
56	62	1
56	95	2
56	130	-2
56	160	2
57	66	1
57	68	1
57	84	1
57	85	1
57	89	-2
57	159	-2
57	169	-2
58	65	1
58	72	1
58	87	1
58	116	-2
58	161	2
58	172	-2
59	63	1
59	77	1
59	97	2
59	104	2
59	112	-2
60	86	1
60	93	2
60	140	2
60	164	-2
61	95	2
61	127	2
61	145	2
62	130	-2
62	141	-2
62	171	-2
63	83	1
63	97	2
63	155	2
63	158	-2
64	88	1
64	103	2
64	131	2
64	165	2
65	75	1
65	76	1
65	157	2
65	161	2
65	174	2
66	76	1
66	84	1
66	146	-2
66	168	-2
66	169	-2
67	82	1
67	100	2
67	111	2
67	133	-2
68	86	1
68	122	-2
68	143	2
68	159	-2
69	70	1
69	113	2
69	150	-2
69	170	2
70	135	2
70	149	2
70	150	-2
71	86	1
71	88	1
71	96	2
71	123	-2
71	139	-2
72	116	-2
72	142	-2
72	147	-2
73	79	1
73	81	1
73	117	-2
73	129	2
73	134	-2
74	124	-2
74	125	-2
74	136	-2
75	88	1
75	109	-2
75	154	-2
75	157	2
76	78	1
76	120	2
76	168	-2
76	174	2
77	87	1
77	104	2
77	151	2
77	163	-2
78	114	-2
78	120	2
78	137	-2
79	84	1
79	134	-2
79	148	-2
79	166	-2
80	85	1
80	101	-2
80	118	2
80	152	2
81	82	1
81	106	2
81	117	-2
81	119	-2
82	106	2
82	111	2
82	144	2
83	98	-2
83	155	2
83	173	2
84	166	-2
84	169	-2
84	175	-2
85	89	-2
85	118	2
85	132	-2
86	88	1
86	122	-2
86	123	-2
86	164	-2
87	105	2
87	151	2
87	172	-2
88	109	-2
88	123	-2
88	165	2
