1	1	1
2	2	-3
3	3	-3
4	4	3
5	5	1
6	6	-1
7	7	1
8	8	-1
9	9	3
10	10	-1
11	11	-1
12	12	1
13	13	1
14	14	1
15	15	1
16	16	3
17	17	1
18	18	-1
19	19	1
20	20	-1
21	21	1
22	22	1
23	23	-3
24	24	-1
25	25	1
26	26	1
27	27	1
28	28	-1
29	29	-1
30	30	1
31	31	3
32	32	3
33	33	-1
34	34	-3
35	35	3
36	36	1
37	37	1
38	38	1
39	39	-1
40	40	3
41	41	-3
42	42	3
43	43	1
44	44	1
45	45	-3
46	46	3
47	47	-1
48	48	1
49	49	-1
50	50	-1
51	51	1
52	52	-1
53	53	-1
54	54	1
55	55	-3
56	56	1
57	57	1
58	58	1
59	59	-1
60	60	-1
61	61	1
62	62	1
63	63	-1
64	64	-1
65	65	1
66	66	1
67	67	3
68	68	1
69	69	3
70	70	-1
71	71	1
72	72	1
73	73	3
74	74	-3
75	75	-1
76	76	1
77	77	3
78	78	-3
79	79	-1
80	80	1
81	81	-1
82	82	-3
83	83	-1
84	84	-3
85	85	-1
86	86	-3
87	87	-1
88	88	-1
89	89	1
90	90	1
91	91	1
92	92	1
93	93	-3
94	94	1
95	95	1
96	96	-1
97	97	-2
98	98	-2
99	99	2
100	100	-2
101	101	-2
102	102	2
103	103	-2
104	104	2
105	105	-2
106	106	-2
107	107	-2
108	108	2
109	109	2
110	110	2
111	111	-2
112	112	-2
113	113	2
114	114	-2
115	115	-2
116	116	2
117	117	-2
118	118	-2
119	119	2
120	120	2
121	121	-2
122	122	2
123	123	2
124	124	-2
125	125	2
126	126	-2
127	127	2
128	128	2
129	129	2
130	130	2
131	131	2
132	132	2
133	133	2
134	134	-2
135	135	2
136	136	2
137	137	-2
138	138	2
139	139	2
140	140	2
141	141	-2
142	142	-2
143	143	-2
144	144	-2
145	145	2
146	146	-2
147	147	2
148	148	-2
149	149	2
150	150	2
151	151	-2
152	152	-2
153	153	2
154	154	2
155	155	2
156	156	2
157	157	-2
158	158	2
159	159	-2
160	160	2
161	161	2
162	162	2
163	163	-2
164	164	2
165	165	-2
166	166	2
167	167	2
168	168	2
169	169	2
170	170	-2
171	171	2
172	172	2
173	173	-2
174	174	2
175	175	-2
176	176	-2
177	177	-2
178	178	2
179	179	-2
180	180	2
181	181	-2
182	182	-2
183	183	2
184	184	2
185	185	2
186	186	2
187	187	-2
188	188	2
189	189	-2
190	190	-2
191	191	2
192	192	-2
1	31	1
1	51	1
1	52	1
1	66	1
1	86	1
1	91	1
1	100	-2
1	164	-2
1	170	-2
2	3	1
2	33	1
2	36	1
2	54	1
2	71	1
2	85	1
2	130	-2
2	136	-2
2	177	2
3	20	1
3	33	1
3	34	1
3	91	1
3	94	1
3	128	-2
3	130	-2
3	186	-2
4	18	1
4	35	1
4	43	1
4	62	1
4	77	1
4	80	1
4	110	2
4	152	-2
4	185	2
5	9	1
5	61	1
5	70	1
5	82	1
5	89	1
5	94	1
5	143	-2
5	155	-2
5	180	2
6	19	1
6	23	1
6	74	1
6	79	1
6	93	1
6	95	1
6	135	2
6	169	-2
6	171	-2
7	11	1
7	13	1
7	16	1
7	38	1
7	39	1
7	57	1
7	133	2
7	145	-2
7	148	-2
8	9	1
8	14	1
8	24	1
8	42	1
8	52	1
8	70	1
8	102	2
8	123	-2
8	144	2
9	42	1
9	50	1
9	87	1
9	94	1
9	102	2
9	138	2
9	143	-2
10	49	1
10	64	1
10	69	1
10	84	1
10	87	1
10	88	1
10	116	-2
10	175	2
10	191	2
11	30	1
11	39	1
11	56	1
11	59	1
11	96	1
11	105	2
11	145	-2
11	174	2
12	46	1
12	59	1
12	65	2
12	71	1
12	76	1
12	113	-2
12	166	2
12	178	2
13	29	1
13	55	1
13	57	1
13	74	1
13	81	1
13	107	2
13	129	2
13	148	-2
14	22	1
14	28	1
14	31	1
14	67	1
14	70	1
14	104	2
14	123	-2
14	161	2
15	24	1
15	32	1
15	46	1
15	52	1
15	58	1
15	94	1
15	111	-2
15	167	2
15	188	-2
16	38	1
16	44	1
16	65	1
16	88	1
16	91	1
16	124	-2
16	133	2
16	147	2
17	27	1
17	33	1
17	53	1
17	54	1
17	79	1
17	93	1
17	97	-2
17	115	2
17	183	2
18	19	1
18	29	1
18	39	1
18	47	1
18	62	1
18	103	2
18	110	2
18	139	-2
19	29	1
19	47	1
19	77	1
19	95	1
19	103	2
19	135	2
19	187	-2
20	42	1
20	55	1
20	58	1
20	91	1
20	92	1
20	119	-2
20	142	-2
20	186	-2
21	24	1
21	26	1
21	40	1
21	60	1
21	67	1
21	95	1
21	154	2
21	156	2
21	181	2
22	29	1
22	36	1
22	54	1
22	64	1
22	67	1
22	104	2
22	108	-2
22	127	2
23	47	1
23	60	1
23	80	1
23	93	1
23	96	1
23	120	-2
23	140	-2
23	171	-2
24	40	1
24	52	2
24	144	2
24	156	2
24	188	-2
25	37	1
25	55	1
25	72	1
25	83	1
25	84	1
25	85	1
25	153	2
25	162	-2
25	179	-2
26	49	1
26	67	1
26	73	1
26	74	1
26	92	1
26	117	-2
26	121	2
26	154	2
27	45	1
27	53	2
27	63	1
27	68	1
27	172	2
27	173	2
27	183	2
28	31	1
28	62	1
28	63	1
28	78	1
28	93	1
28	161	2
28	163	2
28	182	2
29	64	1
29	81	1
29	103	2
29	108	-2
29	129	2
30	32	1
30	53	1
30	56	1
30	57	1
30	95	1
30	158	-2
30	174	2
30	184	2
31	32	1
31	40	1
31	52	1
31	112	-2
31	161	2
31	170	-2
32	40	1
32	46	1
32	95	1
32	112	-2
32	167	2
32	184	2
33	42	1
33	66	1
33	93	1
33	115	2
33	130	-2
33	141	-2
34	44	1
34	48	1
34	50	1
34	61	1
34	94	1
34	122	-2
34	128	-2
34	151	2
35	37	1
35	44	1
35	48	1
35	57	1
35	77	1
35	118	-2
35	152	-2
35	176	-2
36	51	1
36	54	1
36	71	1
36	73	1
36	127	2
36	134	-2
36	136	-2
37	38	1
37	48	1
37	58	1
37	83	1
37	118	-2
37	126	2
37	153	2
38	58	1
38	71	1
38	75	1
38	126	2
38	132	2
38	133	2
39	47	1
39	48	1
39	62	1
39	106	-2
39	139	-2
39	145	-2
40	80	1
40	92	1
40	112	-2
40	114	-2
40	156	2
41	50	1
41	78	1
41	81	1
41	82	1
41	83	1
41	86	1
41	125	-2
41	168	-2
41	192	2
42	58	1
42	66	1
42	102	2
42	141	-2
42	142	-2
43	64	1
43	70	1
43	72	1
43	76	1
43	80	1
43	131	2
43	146	2
43	185	2
44	50	1
44	57	1
44	88	1
44	122	-2
44	124	-2
44	176	-2
45	53	1
45	68	1
45	82	1
45	84	1
45	85	1
45	137	2
45	149	-2
45	173	2
46	67	1
46	76	1
46	89	1
46	101	-2
46	167	2
46	178	2
47	77	1
47	80	1
47	139	-2
47	140	-2
47	187	-2
48	61	1
48	62	1
48	106	-2
48	118	-2
48	151	2
49	69	1
49	74	1
49	75	1
49	89	1
49	121	2
49	150	-2
49	191	2
50	81	1
50	87	1
50	122	-2
50	138	2
50	192	2
51	56	1
51	73	1
51	79	1
51	91	1
51	100	-2
51	134	-2
51	159	2
52	144	2
52	170	-2
52	188	-2
53	57	1
53	158	-2
53	173	2
53	183	2
54	79	1
54	85	1
54	97	-2
54	127	2
54	177	2
55	74	1
55	84	1
55	92	1
55	107	2
55	119	-2
55	162	-2
56	59	1
56	79	1
56	90	1
56	159	2
56	160	2
56	174	2
57	148	-2
57	158	-2
57	176	-2
58	94	1
58	111	-2
58	126	2
58	142	-2
59	65	1
59	90	1
59	96	1
59	105	2
59	113	-2
59	160	2
60	76	1
60	95	1
60	96	2
60	120	-2
60	157	-2
60	181	2
61	66	1
61	69	1
61	89	1
61	98	-2
61	151	2
61	180	2
62	78	1
62	106	-2
62	110	2
62	163	2
63	68	1
63	87	1
63	90	1
63	93	1
63	99	-2
63	172	2
63	182	2
64	70	1
64	84	1
64	108	-2
64	116	-2
64	131	2
65	71	1
65	91	1
65	113	-2
65	147	2
65	166	2
66	69	1
66	86	1
66	98	-2
66	141	-2
66	164	-2
67	89	1
67	101	-2
67	104	2
67	154	2
68	69	1
68	82	1
68	90	1
68	137	2
68	165	-2
68	172	2
69	90	1
69	98	-2
69	165	-2
69	191	2
70	82	1
70	123	-2
70	131	2
70	155	-2
71	75	1
71	132	2
71	136	-2
71	166	2
72	73	1
72	76	1
72	77	1
72	85	1
72	109	2
72	146	2
72	179	-2
73	77	1
73	92	1
73	109	2
73	117	-2
73	134	-2
74	79	1
74	107	2
74	121	2
74	169	-2
75	81	1
75	83	1
75	89	1
75	132	2
75	150	-2
75	189	2
76	96	1
76	146	2
76	157	-2
76	178	2
77	109	2
77	152	-2
77	187	-2
78	86	2
78	88	1
78	125	-2
78	163	2
78	190	2
79	97	-2
79	159	2
79	169	-2
80	92	1
80	114	-2
80	140	-2
80	185	2
81	83	1
81	129	2
81	189	2
81	192	2
82	83	1
82	137	2
82	155	-2
82	168	-2
83	153	2
83	168	-2
83	189	2
84	85	1
84	116	-2
84	149	-2
84	162	-2
85	149	-2
85	177	2
85	179	-2
86	88	1
86	125	-2
86	164	-2
86	190	2
87	88	1
87	90	1
87	99	-2
87	138	2
87	175	2
88	124	-2
88	175	2
88	190	2
89	101	-2
89	150	-2
89	180	2
90	99	-2
90	160	2
90	165	-2
91	100	-2
91	147	2
91	186	-2
92	114	-2
92	117	-2
92	119	-2
93	115	2
93	171	-2
93	182	2
94	111	-2
94	128	-2
94	143	-2
95	135	2
95	181	2
95	184	2
96	105	2
96	120	-2
96	157	-2
