1	1	-1
2	2	1
3	3	1
4	4	1
5	5	3
6	6	1
7	7	1
8	8	-1
9	9	1
10	10	-3
11	11	-3
12	12	1
13	13	-1
14	14	-1
15	15	-1
16	16	1
17	17	1
18	18	1
19	19	-3
20	20	1
21	21	-1
22	22	-1
23	23	-3
24	24	1
25	25	-1
26	26	-1
27	27	-1
28	28	1
29	29	-1
30	30	-1
31	31	-1
32	32	-1
33	33	1
34	34	-1
35	35	-1
36	36	-1
37	37	-3
38	38	1
39	39	-1
40	40	-3
41	41	1
42	42	-1
43	43	1
44	44	1
45	45	1
46	46	-3
47	47	1
48	48	1
49	49	-3
50	50	-1
51	51	-1
52	52	-3
53	53	3
54	54	-3
55	55	-1
56	56	-1
57	57	1
58	58	-3
59	59	-1
60	60	-1
61	61	-1
62	62	-1
63	63	-1
64	64	-1
65	65	-3
66	66	1
67	67	1
68	68	1
69	69	-1
70	70	-1
71	71	-1
72	72	-1
73	73	-1
74	74	1
75	75	3
76	76	1
77	77	1
78	78	-1
79	79	1
80	80	3
81	81	-1
82	82	1
83	83	-1
84	84	-3
85	85	-1
86	86	-1
87	87	3
88	88	-1
89	89	1
90	90	3
91	91	-1
92	92	-1
93	93	3
94	94	-1
95	95	-3
96	96	1
97	97	-1
98	98	-1
99	99	1
100	100	1
101	101	-1
102	102	-3
103	103	-1
104	104	-3
105	105	-1
106	106	-1
107	107	1
108	108	-3
109	109	3
110	110	-1
111	111	-3
112	112	-1
113	113	-1
114	114	3
115	115	1
116	116	3
117	117	-1
118	118	-3
119	119	-1
120	120	1
121	121	1
122	122	-1
123	123	-1
124	124	-1
125	125	-3
126	126	-1
127	127	3
128	128	3
129	129	-1
130	130	1
131	131	1
132	132	3
133	133	1
134	134	1
135	135	1
136	136	-1
137	137	1
138	138	1
139	139	1
140	140	-1
141	141	1
142	142	-1
143	143	-3
144	144	-1
145	145	1
146	146	-1
147	147	-3
148	148	-1
149	149	-1
150	150	1
151	151	-1
152	152	1
153	153	-1
154	154	-1
155	155	1
156	156	1
157	157	1
158	158	1
159	159	1
160	160	1
161	161	-1
162	162	-1
163	163	-1
164	164	-3
165	165	-1
166	166	-1
167	167	-1
168	168	-1
169	169	-1
170	170	-1
171	171	-1
172	172	1
173	173	1
174	174	1
175	175	-1
176	176	-1
177	177	-3
178	178	1
179	179	-3
180	180	-1
181	181	1
182	182	1
183	183	1
184	184	-1
185	185	-1
186	186	-1
187	187	-1
188	188	-1
189	189	-3
190	190	1
191	191	1
192	192	3
193	193	-3
194	194	1
195	195	1
196	196	-3
197	197	-3
198	198	-1
199	199	-1
200	200	1
201	201	-1
202	202	1
203	203	-1
204	204	-3
205	205	1
206	206	-1
207	207	-3
208	208	-3
209	209	-1
210	210	-1
211	211	1
212	212	1
213	213	1
214	214	1
215	215	3
216	216	1
217	217	1
218	218	1
219	219	-1
220	220	3
221	221	1
222	222	-1
223	223	1
224	224	-1
225	225	2
226	226	-2
227	227	-2
228	228	2
229	229	-2
230	230	-2
231	231	-2
232	232	-2
233	233	2
234	234	2
235	235	-2
236	236	-2
237	237	-2
238	238	2
239	239	2
240	240	2
241	241	2
242	242	2
243	243	-2
244	244	2
245	245	2
246	246	2
247	247	-2
248	248	2
249	249	2
250	250	-2
251	251	-2
252	252	2
253	253	-2
254	254	2
255	255	-2
256	256	2
257	257	-2
258	258	-2
259	259	2
260	260	-2
261	261	2
262	262	2
263	263	2
264	264	-2
265	265	2
266	266	-2
267	267	-2
268	268	-2
269	269	-2
270	270	2
271	271	2
272	272	2
273	273	2
274	274	-2
275	275	-2
276	276	-2
277	277	2
278	278	2
279	279	-2
280	280	-2
281	281	-2
282	282	-2
283	283	2
284	284	-2
285	285	-2
286	286	2
287	287	-2
288	288	-2
289	289	2
290	290	2
291	291	-2
292	292	2
293	293	2
294	294	-2
295	295	-2
296	296	-2
297	297	-2
298	298	-2
299	299	2
300	300	-2
301	301	-2
302	302	-2
303	303	-2
304	304	-2
305	305	-2
306	306	-2
307	307	2
308	308	2
309	309	2
310	310	-2
311	311	2
312	312	2
313	313	-2
314	314	2
315	315	-2
316	316	2
317	317	2
318	318	-2
319	319	2
320	320	2
321	321	2
322	322	2
323	323	2
324	324	2
325	325	2
326	326	2
327	327	-2
328	328	-2
329	329	-2
330	330	2
331	331	-2
332	332	2
333	333	-2
334	334	2
335	335	-2
336	336	2
337	337	2
338	338	2
339	339	-2
340	340	-2
341	341	-2
342	342	2
343	343	2
344	344	-2
345	345	-2
346	346	2
347	347	-2
348	348	-2
349	349	-2
350	350	2
351	351	2
352	352	2
353	353	-2
354	354	2
355	355	-2
356	356	-2
357	357	2
358	358	2
359	359	-2
360	360	-2
361	361	-2
362	362	-2
363	363	-2
364	364	-2
365	365	2
366	366	2
367	367	-2
368	368	-2
369	369	-2
370	370	-2
371	371	2
372	372	2
373	373	-2
374	374	-2
375	375	-2
376	376	2
377	377	-2
378	378	2
379	379	-2
380	380	-2
381	381	-2
382	382	-2
383	383	2
384	384	2
385	385	2
386	386	2
387	387	-2
388	388	-2
389	389	-2
390	390	2
391	391	2
392	392	-2
393	393	-2
394	394	2
395	395	-2
396	396	2
397	397	-2
398	398	2
399	399	2
400	400	-2
401	401	-2
402	402	-2
403	403	-2
404	404	-2
405	405	-2
406	406	2
407	407	-2
408	408	2
409	409	-2
410	410	-2
411	411	-2
412	412	2
413	413	2
414	414	-2
415	415	2
416	416	-2
417	417	2
418	418	-2
419	419	2
420	420	-2
421	421	-2
422	422	2
423	423	2
424	424	2
425	425	2
426	426	2
427	427	-2
428	428	-2
429	429	2
430	430	-2
431	431	2
432	432	2
433	433	2
434	434	-2
435	435	-2
436	436	2
437	437	2
438	438	-2
439	439	2
440	440	2
441	441	-2
442	442	2
443	443	2
444	444	-2
445	445	-2
446	446	-2
447	447	2
448	448	-2
1	15	1
1	64	1
1	70	1
1	72	1
1	97	1
1	141	1
1	225	-2
1	276	2
1	415	2
2	45	1
2	65	1
2	79	1
2	98	1
2	173	1
2	211	1
2	309	2
2	322	2
2	339	2
3	92	1
3	159	1
3	163	1
3	203	1
3	212	1
3	215	1
3	248	2
3	257	2
3	299	2
4	30	1
4	32	1
4	158	1
4	187	1
4	205	1
4	208	1
4	228	-2
4	408	2
4	413	2
5	18	1
5	26	1
5	39	1
5	135	1
5	181	1
5	219	1
5	293	2
5	327	-2
5	426	2
6	43	1
6	107	1
6	114	1
6	115	1
6	146	1
6	195	1
6	269	-2
6	310	2
6	431	2
7	42	1
7	100	1
7	132	1
7	137	1
7	161	1
7	182	1
7	282	2
7	289	2
7	419	2
8	37	1
8	42	1
8	49	1
8	68	1
8	129	1
8	137	1
8	274	-2
8	291	2
8	390	-2
9	24	1
9	93	2
9	102	1
9	154	1
9	201	1
9	307	-2
9	409	-2
9	414	-2
10	18	1
10	19	1
10	55	1
10	112	1
10	124	1
10	147	1
10	240	-2
10	324	-2
10	411	2
11	26	1
11	52	2
11	100	1
11	170	1
11	210	1
11	312	-2
11	313	2
11	439	-2
12	50	1
12	150	1
12	152	1
12	175	1
12	192	1
12	200	1
12	343	-2
12	356	-2
12	361	-2
13	62	1
13	64	1
13	159	1
13	174	1
13	190	1
13	212	1
13	358	-2
13	393	-2
13	444	2
14	20	1
14	32	1
14	53	1
14	111	1
14	154	1
14	176	1
14	389	2
14	391	-2
14	401	-2
15	72	1
15	84	1
15	103	1
15	150	1
15	218	1
15	225	-2
15	308	-2
15	334	2
16	21	1
16	44	1
16	101	1
16	172	1
16	200	1
16	221	1
16	298	-2
16	329	-2
16	332	-2
17	29	1
17	41	1
17	74	1
17	77	1
17	88	1
17	216	1
17	348	2
17	379	-2
17	382	-2
18	26	1
18	53	1
18	55	1
18	160	1
18	240	-2
18	293	2
18	336	2
19	61	1
19	65	1
19	112	1
19	161	1
19	187	1
19	279	2
19	324	-2
19	396	-2
20	53	1
20	118	1
20	120	1
20	133	1
20	177	1
20	278	-2
20	401	-2
20	403	-2
21	44	1
21	56	1
21	83	1
21	97	1
21	196	1
21	255	2
21	298	-2
21	423	-2
22	77	1
22	111	1
22	163	1
22	165	1
22	179	1
22	217	1
22	254	-2
22	280	2
22	420	-2
23	94	1
23	136	1
23	137	1
23	143	1
23	171	1
23	209	1
23	325	-2
23	427	2
23	428	2
24	93	1
24	156	1
24	183	1
24	207	1
24	222	1
24	284	-2
24	373	2
24	414	-2
25	47	1
25	70	1
25	150	1
25	151	1
25	168	1
25	201	1
25	265	2
25	372	-2
25	447	-2
26	73	1
26	100	1
26	189	1
26	293	2
26	313	2
26	352	-2
27	47	1
27	77	1
27	149	1
27	177	1
27	197	1
27	223	1
27	241	-2
27	306	-2
27	328	2
28	36	1
28	62	1
28	107	1
28	184	2
28	216	1
28	303	-2
28	341	2
28	363	-2
29	88	1
29	101	1
29	108	1
29	186	1
29	220	1
29	250	2
29	348	2
29	353	-2
30	32	1
30	72	1
30	166	1
30	175	1
30	219	1
30	408	2
30	416	2
30	424	-2
31	38	1
31	44	1
31	49	1
31	98	1
31	117	1
31	207	1
31	304	2
31	342	2
31	405	2
32	46	1
32	142	1
32	154	1
32	243	2
32	391	-2
32	408	2
33	38	1
33	79	1
33	82	1
33	104	1
33	192	1
33	212	1
33	286	2
33	387	2
33	429	2
34	40	1
34	117	1
34	126	1
34	139	1
34	178	1
34	205	1
34	231	-2
34	300	2
34	430	2
35	48	1
35	67	1
35	156	1
35	196	1
35	221	1
35	222	1
35	247	2
35	271	-2
35	305	-2
36	128	1
36	184	1
36	199	1
36	203	1
36	218	1
36	262	2
36	341	2
36	443	-2
37	49	1
37	59	1
37	105	1
37	169	1
37	196	1
37	291	2
37	340	2
37	346	-2
38	98	1
38	182	1
38	195	1
38	212	1
38	286	2
38	342	2
38	380	2
39	110	1
39	140	1
39	189	1
39	206	1
39	219	1
39	235	2
39	327	-2
39	406	-2
40	43	1
40	63	1
40	96	1
40	139	1
40	186	1
40	234	-2
40	430	2
40	432	-2
41	68	1
41	177	1
41	194	1
41	214	1
41	216	1
41	337	-2
41	354	2
41	382	-2
42	68	1
42	89	1
42	146	1
42	161	1
42	252	2
42	282	2
42	390	-2
43	115	1
43	120	1
43	186	1
43	188	1
43	234	-2
43	269	-2
43	386	2
44	96	1
44	127	1
44	207	1
44	256	2
44	298	-2
44	405	2
45	57	1
45	79	1
45	124	1
45	129	1
45	165	1
45	251	2
45	309	2
45	448	-2
46	58	1
46	69	1
46	142	1
46	157	1
46	169	1
46	243	2
46	261	-2
46	359	2
47	60	1
47	168	1
47	223	1
47	224	1
47	306	-2
47	372	-2
47	376	2
48	113	1
48	116	1
48	151	1
48	156	1
48	182	1
48	271	-2
48	301	-2
48	397	-2
49	86	1
49	117	1
49	175	1
49	291	2
49	304	2
49	318	2
50	55	1
50	74	1
50	138	1
50	150	1
50	216	1
50	242	-2
50	330	2
50	343	-2
51	74	1
51	105	1
51	113	1
51	121	1
51	123	1
51	176	1
51	249	2
51	377	2
51	421	2
52	170	1
52	183	1
52	208	1
52	210	1
52	245	-2
52	312	-2
52	439	-2
53	78	1
53	160	1
53	167	1
53	259	2
53	336	2
53	401	-2
54	59	1
54	130	1
54	167	1
54	179	1
54	188	1
54	221	1
54	333	2
54	378	-2
54	385	-2
55	100	1
55	194	1
55	216	1
55	240	-2
55	242	-2
55	417	2
56	64	1
56	83	1
56	92	1
56	101	1
56	139	1
56	233	2
56	320	-2
56	423	-2
57	90	1
57	98	1
57	143	1
57	156	1
57	165	1
57	395	-2
57	410	2
57	448	-2
58	157	1
58	162	1
58	164	1
58	200	1
58	213	1
58	229	2
58	261	-2
58	364	2
59	96	1
59	105	1
59	130	1
59	190	1
59	346	-2
59	362	-2
59	385	-2
60	145	1
60	147	1
60	158	1
60	162	1
60	224	1
60	331	2
60	376	2
60	440	-2
61	112	1
61	121	1
61	161	1
61	214	1
61	224	1
61	357	2
61	369	2
61	396	-2
62	64	1
62	185	1
62	197	1
62	216	1
62	303	-2
62	358	-2
62	384	-2
63	96	1
63	103	1
63	125	1
63	135	1
63	202	1
63	266	-2
63	321	-2
63	432	-2
64	92	1
64	97	1
64	320	-2
64	358	-2
64	415	2
65	84	1
65	98	1
65	102	1
65	187	1
65	279	2
65	339	2
65	398	-2
66	82	1
66	134	1
66	140	1
66	141	1
66	166	1
66	214	1
66	236	-2
66	258	-2
66	437	-2
67	87	1
67	122	1
67	140	1
67	196	1
67	218	1
67	247	2
67	345	-2
67	370	-2
68	110	1
68	116	1
68	194	1
68	354	2
68	390	-2
68	446	-2
69	131	1
69	160	1
69	165	1
69	169	1
69	179	1
69	347	2
69	359	2
69	388	-2
70	81	1
70	141	1
70	150	1
70	185	1
70	265	2
70	276	2
70	316	-2
71	78	1
71	90	1
71	138	1
71	191	1
71	193	1
71	203	1
71	227	2
71	272	2
71	442	-2
72	127	1
72	175	1
72	205	1
72	225	-2
72	244	2
72	416	2
73	79	1
73	119	1
73	136	1
73	163	1
73	189	1
73	352	-2
73	368	-2
73	399	-2
74	77	1
74	105	1
74	138	1
74	330	2
74	377	2
74	379	-2
75	86	1
75	106	1
75	155	1
75	183	1
75	199	1
75	202	1
75	273	2
75	292	2
75	381	-2
76	78	1
76	91	1
76	123	1
76	148	1
76	157	1
76	206	1
76	226	-2
76	283	2
76	400	2
77	177	1
77	217	1
77	328	2
77	379	-2
77	420	-2
78	167	1
78	203	1
78	206	1
78	259	2
78	400	2
78	442	-2
79	104	1
79	136	1
79	309	2
79	368	-2
79	387	2
80	85	1
80	92	1
80	127	1
80	132	1
80	170	1
80	220	1
80	237	-2
80	392	-2
80	434	-2
81	93	1
81	102	1
81	185	1
81	217	1
81	223	1
81	316	-2
81	374	2
81	441	-2
82	141	1
82	143	1
82	171	1
82	192	1
82	236	-2
82	367	2
82	429	2
83	115	1
83	126	1
83	152	1
83	181	1
83	239	2
83	371	-2
83	423	-2
84	95	1
84	102	1
84	103	1
84	142	1
84	264	2
84	308	-2
84	398	-2
85	113	1
85	132	1
85	144	1
85	160	1
85	164	1
85	230	2
85	366	-2
85	392	-2
86	149	1
86	175	1
86	199	1
86	202	1
86	292	2
86	318	2
86	349	2
87	140	1
87	153	1
87	155	1
87	172	1
87	213	1
87	345	-2
87	425	2
87	438	-2
88	149	1
88	162	1
88	180	1
88	197	1
88	277	-2
88	348	2
88	394	2
89	91	1
89	116	1
89	146	1
89	202	1
89	209	1
89	252	2
89	311	2
89	360	2
90	133	1
90	138	1
90	142	1
90	156	1
90	272	2
90	395	-2
90	433	2
91	118	1
91	123	1
91	157	1
91	202	1
91	226	-2
91	263	-2
91	360	2
92	170	1
92	203	1
92	237	-2
92	257	2
92	320	-2
93	154	1
93	223	1
93	409	-2
93	414	-2
93	441	-2
94	136	1
94	144	1
94	148	1
94	189	1
94	220	1
94	365	2
94	404	2
94	428	2
95	103	1
95	142	1
95	193	1
95	194	1
95	204	1
95	264	2
95	270	-2
95	290	-2
96	127	1
96	190	1
96	256	2
96	362	-2
96	432	-2
97	118	1
97	196	1
97	222	1
97	255	2
97	338	-2
97	415	2
98	143	1
98	339	2
98	342	2
98	410	2
99	104	1
99	106	1
99	114	1
99	158	1
99	180	1
99	215	1
99	238	2
99	288	2
99	412	2
100	132	1
100	194	1
100	289	2
100	313	2
100	417	2
101	108	1
101	139	1
101	172	1
101	233	2
101	250	2
101	332	-2
102	201	1
102	217	1
102	307	-2
102	374	2
102	398	-2
103	194	1
103	202	1
103	266	-2
103	290	-2
103	308	-2
104	106	1
104	111	1
104	115	1
104	288	2
104	326	-2
104	387	2
105	117	1
105	187	1
105	335	-2
105	346	-2
105	377	2
106	120	1
106	199	1
106	209	1
106	273	2
106	288	2
106	418	2
107	112	1
107	145	1
107	146	1
107	184	1
107	267	-2
107	310	2
107	363	-2
108	119	1
108	131	1
108	146	1
108	154	1
108	250	2
108	260	2
108	295	2
109	119	1
109	124	1
109	145	1
109	157	1
109	178	1
109	192	1
109	350	2
109	407	-2
109	435	-2
110	116	1
110	151	1
110	155	1
110	206	1
110	235	2
110	402	2
110	446	-2
111	115	1
111	165	1
111	176	1
111	254	-2
111	326	-2
111	389	2
112	145	1
112	224	1
112	267	-2
112	324	-2
112	369	2
113	123	1
113	164	1
113	182	1
113	366	-2
113	397	-2
113	421	2
114	130	1
114	139	1
114	195	1
114	215	1
114	246	2
114	412	2
114	431	2
115	152	1
115	239	2
115	269	-2
115	326	-2
116	151	1
116	209	1
116	301	-2
116	311	2
116	446	-2
117	187	1
117	205	1
117	300	2
117	304	2
117	335	-2
118	123	1
118	177	1
118	222	1
118	263	-2
118	278	-2
118	338	-2
119	146	1
119	163	1
119	192	1
119	260	2
119	399	-2
119	435	-2
120	133	1
120	188	1
120	209	1
120	386	2
120	403	-2
120	418	2
121	122	1
121	173	1
121	176	1
121	214	1
121	249	2
121	297	2
121	357	2
122	138	1
122	173	1
122	193	1
122	218	1
122	297	2
122	370	-2
122	422	-2
123	148	1
123	263	-2
123	283	2
123	421	2
124	129	1
124	145	1
124	147	1
124	251	2
124	407	-2
124	411	2
125	133	1
125	135	1
125	152	1
125	176	1
125	178	1
125	232	2
125	253	2
125	321	-2
126	129	1
126	147	1
126	178	1
126	181	1
126	231	-2
126	371	-2
126	445	2
127	205	1
127	220	1
127	244	2
127	256	2
127	434	-2
128	161	1
128	166	1
128	198	1
128	203	1
128	211	1
128	262	2
128	285	-2
128	351	2
129	137	1
129	147	1
129	251	2
129	274	-2
129	445	2
130	139	1
130	169	1
130	173	1
130	246	2
130	314	2
130	385	-2
131	141	1
131	154	1
131	160	1
131	210	1
131	295	2
131	319	2
131	388	-2
132	174	1
132	206	1
132	287	-2
132	289	2
132	392	-2
133	142	1
133	152	1
133	253	2
133	403	-2
133	433	2
134	136	1
134	185	1
134	191	1
134	198	1
134	214	1
134	258	-2
134	268	-2
134	355	2
135	181	1
135	213	1
135	215	1
135	321	-2
135	344	-2
135	426	2
136	198	1
136	355	2
136	368	-2
136	428	2
137	182	1
137	209	1
137	274	-2
137	325	-2
137	419	2
138	193	1
138	272	2
138	330	2
138	422	-2
139	233	2
139	246	2
139	430	2
140	166	1
140	189	1
140	345	-2
140	406	-2
140	437	-2
141	210	1
141	236	-2
141	276	2
141	319	2
142	243	2
142	264	2
142	433	2
143	171	2
143	367	2
143	410	2
143	427	2
144	153	1
144	160	1
144	207	1
144	220	1
144	230	2
144	281	2
144	365	2
145	162	1
145	267	-2
145	407	-2
145	440	-2
146	252	2
146	260	2
146	310	2
147	158	1
147	331	2
147	411	2
147	445	2
148	184	1
148	189	1
148	204	1
148	283	2
148	296	2
148	404	2
149	162	1
149	197	1
149	199	1
149	241	-2
149	349	2
149	394	2
150	218	1
150	265	2
150	334	2
150	343	-2
151	155	1
151	201	1
151	301	-2
151	402	2
151	447	-2
152	192	1
152	239	2
152	253	2
152	361	-2
153	168	1
153	190	1
153	207	1
153	213	1
153	281	2
153	294	2
153	438	-2
154	295	2
154	391	-2
154	409	-2
155	172	1
155	183	1
155	381	-2
155	402	2
155	425	2
156	183	1
156	271	-2
156	284	-2
156	395	-2
157	178	1
157	226	-2
157	261	-2
157	350	2
158	180	1
158	205	1
158	238	2
158	331	2
158	413	2
159	163	1
159	181	1
159	212	1
159	217	1
159	248	2
159	436	2
159	444	2
160	230	2
160	336	2
160	388	-2
161	198	1
161	282	2
161	285	-2
161	396	-2
162	164	1
162	229	2
162	394	2
162	440	-2
163	179	1
163	248	2
163	280	2
163	399	-2
164	204	1
164	219	1
164	229	2
164	366	-2
164	375	2
165	179	1
165	254	-2
165	347	2
165	448	-2
166	211	1
166	219	1
166	351	2
166	424	-2
166	437	-2
167	186	1
167	188	1
167	223	1
167	259	2
167	317	-2
167	333	2
168	171	1
168	190	1
168	201	1
168	275	-2
168	294	2
168	372	-2
169	173	1
169	196	1
169	314	2
169	340	2
169	359	2
170	174	1
170	188	1
170	237	-2
170	302	2
170	439	-2
171	201	1
171	275	-2
171	367	2
171	427	2
172	191	1
172	195	1
172	332	-2
172	383	2
172	425	2
173	211	1
173	297	2
173	314	2
173	322	2
174	188	1
174	190	1
174	206	1
174	287	-2
174	302	2
174	393	-2
175	200	1
175	318	2
175	356	-2
175	416	2
176	178	1
176	232	2
176	249	2
176	389	2
177	214	1
177	278	-2
177	328	2
177	337	-2
178	231	-2
178	232	2
178	350	2
179	221	1
179	280	2
179	347	2
179	378	-2
180	197	1
180	208	1
180	210	1
180	238	2
180	277	-2
180	315	2
181	217	1
181	371	-2
181	426	2
181	436	2
182	195	1
182	380	2
182	397	-2
182	419	2
183	208	1
183	245	-2
183	284	-2
183	381	-2
184	204	1
184	296	2
184	341	2
184	363	-2
185	191	1
185	197	1
185	268	-2
185	316	-2
185	384	-2
186	220	1
186	223	1
186	234	-2
186	317	-2
186	353	-2
187	208	1
187	228	-2
187	279	2
187	335	-2
188	302	2
188	333	2
188	386	2
189	352	-2
189	404	2
189	406	-2
190	294	2
190	362	-2
190	393	-2
191	193	1
191	195	1
191	227	2
191	268	-2
191	383	2
192	361	-2
192	429	2
192	435	-2
193	204	1
193	227	2
193	270	-2
193	422	-2
194	290	-2
194	354	2
194	417	2
195	380	2
195	383	2
195	431	2
196	247	2
196	255	2
196	340	2
197	241	-2
197	277	-2
197	384	-2
198	211	1
198	224	1
198	285	-2
198	323	-2
198	355	2
199	218	1
199	273	2
199	349	2
199	443	-2
200	213	1
200	221	1
200	329	-2
200	356	-2
200	364	2
201	275	-2
201	307	-2
201	447	-2
202	266	-2
202	292	2
202	360	2
203	257	2
203	262	2
203	442	-2
204	219	1
204	270	-2
204	296	2
204	375	2
205	244	2
205	300	2
205	413	2
206	235	2
206	287	-2
206	400	2
207	222	1
207	281	2
207	373	2
207	405	2
208	210	1
208	228	-2
208	245	-2
208	315	2
209	311	2
209	325	-2
209	418	2
210	312	-2
210	315	2
210	319	2
211	224	1
211	322	2
211	323	-2
211	351	2
212	215	1
212	286	2
212	299	2
212	444	2
213	215	1
213	344	-2
213	364	2
213	438	-2
214	258	-2
214	337	-2
214	357	2
215	299	2
215	344	-2
215	412	2
216	242	-2
216	303	-2
216	382	-2
217	374	2
217	420	-2
217	436	2
218	334	2
218	370	-2
218	443	-2
219	327	-2
219	375	2
219	424	-2
220	353	-2
220	365	2
220	434	-2
221	222	1
221	305	-2
221	329	-2
221	378	-2
222	305	-2
222	338	-2
222	373	2
223	306	-2
223	317	-2
223	441	-2
224	323	-2
224	369	2
224	376	2
