1	1	-1
2	2	1
3	3	-1
4	4	-1
5	5	-1
6	6	-1
7	7	-3
8	8	-1
9	9	3
10	10	-1
11	11	-1
12	12	-1
13	13	-1
14	14	-1
15	15	1
16	16	-1
17	17	1
18	18	-1
19	19	-1
20	20	-1
21	21	3
22	22	1
23	23	-1
24	24	1
25	25	-1
26	26	1
27	27	1
28	28	1
29	29	3
30	30	-1
31	31	1
32	32	3
33	33	1
34	34	1
35	35	-3
36	36	1
37	37	-1
38	38	-1
39	39	-1
40	40	-1
41	41	1
42	42	-3
43	43	-3
44	44	1
45	45	1
46	46	1
47	47	-1
48	48	3
49	49	1
50	50	-1
51	51	1
52	52	-1
53	53	-1
54	54	1
55	55	-3
56	56	-3
57	57	1
58	58	1
59	59	1
60	60	3
61	61	-1
62	62	1
63	63	-1
64	64	-1
65	65	-1
66	66	1
67	67	-1
68	68	-1
69	69	1
70	70	-1
71	71	-1
72	72	-1
73	73	-3
74	74	1
75	75	-1
76	76	-1
77	77	1
78	78	1
79	79	-1
80	80	-1
81	81	-1
82	82	3
83	83	3
84	84	-3
85	85	-1
86	86	-3
87	87	3
88	88	-1
89	89	-3
90	90	-1
91	91	1
92	92	-3
93	93	1
94	94	3
95	95	1
96	96	1
97	97	-3
98	98	-1
99	99	-3
100	100	-1
101	101	-1
102	102	-1
103	103	1
104	104	-1
105	105	1
106	106	-1
107	107	-1
108	108	3
109	109	-3
110	110	-1
111	111	1
112	112	-1
113	113	1
114	114	3
115	115	1
116	116	-1
117	117	1
118	118	3
119	119	-1
120	120	1
121	121	-3
122	122	1
123	123	1
124	124	-1
125	125	-1
126	126	-3
127	127	1
128	128	1
129	129	-3
130	130	-1
131	131	-1
132	132	1
133	133	3
134	134	-3
135	135	3
136	136	-1
137	137	1
138	138	-1
139	139	-1
140	140	-1
141	141	1
142	142	-3
143	143	3
144	144	-3
145	145	1
146	146	-3
147	147	-1
148	148	-1
149	149	-1
150	150	-1
151	151	1
152	152	1
153	153	1
154	154	1
155	155	-1
156	156	-1
157	157	1
158	158	-1
159	159	-1
160	160	1
161	161	3
162	162	1
163	163	3
164	164	1
165	165	1
166	166	1
167	167	-1
168	168	1
169	169	1
170	170	1
171	171	3
172	172	1
173	173	-1
174	174	-3
175	175	1
176	176	3
177	177	1
178	178	1
179	179	1
180	180	-3
181	181	-3
182	182	-1
183	183	-1
184	184	-3
185	185	1
186	186	1
187	187	-3
188	188	-1
189	189	-1
190	190	-1
191	191	1
192	192	1
193	193	1
194	194	-1
195	195	1
196	196	-1
197	197	-1
198	198	-3
199	199	-3
200	200	-1
201	201	3
202	202	3
203	203	-1
204	204	-1
205	205	1
206	206	1
207	207	-1
208	208	1
209	209	1
210	210	-1
211	211	-3
212	212	-1
213	213	-1
214	214	1
215	215	-1
216	216	3
217	217	-1
218	218	3
219	219	3
220	220	3
221	221	-1
222	222	-1
223	223	-3
224	224	-3
225	225	-2
226	226	-2
227	227	2
228	228	2
229	229	-2
230	230	2
231	231	2
232	232	2
233	233	-2
234	234	-2
235	235	2
236	236	2
237	237	-2
238	238	2
239	239	-2
240	240	-2
241	241	-2
242	242	2
243	243	2
244	244	2
245	245	2
246	246	-2
247	247	-2
248	248	-2
249	249	2
250	250	-2
251	251	2
252	252	2
253	253	2
254	254	2
255	255	2
256	256	2
257	257	-2
258	258	-2
259	259	-2
260	260	2
261	261	2
262	262	2
263	263	-2
264	264	2
265	265	-2
266	266	2
267	267	-2
268	268	2
269	269	2
270	270	2
271	271	2
272	272	-2
273	273	-2
274	274	-2
275	275	-2
276	276	2
277	277	-2
278	278	-2
279	279	-2
280	280	-2
281	281	-2
282	282	-2
283	283	-2
284	284	-2
285	285	2
286	286	-2
287	287	2
288	288	-2
289	289	-2
290	290	2
291	291	2
292	292	2
293	293	-2
294	294	-2
295	295	-2
296	296	2
297	297	2
298	298	-2
299	299	-2
300	300	-2
301	301	-2
302	302	-2
303	303	2
304	304	-2
305	305	2
306	306	-2
307	307	-2
308	308	-2
309	309	2
310	310	-2
311	311	2
312	312	-2
313	313	-2
314	314	-2
315	315	-2
316	316	2
317	317	2
318	318	-2
319	319	-2
320	320	-2
321	321	-2
322	322	-2
323	323	-2
324	324	2
325	325	-2
326	326	2
327	327	-2
328	328	-2
329	329	-2
330	330	-2
331	331	-2
332	332	2
333	333	-2
334	334	2
335	335	-2
336	336	2
337	337	-2
338	338	2
339	339	-2
340	340	2
341	341	2
342	342	-2
343	343	2
344	344	-2
345	345	2
346	346	-2
347	347	2
348	348	-2
349	349	2
350	350	2
351	351	-2
352	352	2
353	353	2
354	354	2
355	355	-2
356	356	2
357	357	2
358	358	-2
359	359	2
360	360	2
361	361	-2
362	362	-2
363	363	2
364	364	-2
365	365	2
366	366	2
367	367	-2
368	368	2
369	369	-2
370	370	2
371	371	-2
372	372	2
373	373	2
374	374	2
375	375	2
376	376	-2
377	377	2
378	378	2
379	379	2
380	380	2
381	381	-2
382	382	2
383	383	2
384	384	2
385	385	2
386	386	-2
387	387	2
388	388	2
389	389	2
390	390	-2
391	391	-2
392	392	-2
393	393	2
394	394	-2
395	395	-2
396	396	2
397	397	-2
398	398	-2
399	399	2
400	400	2
401	401	2
402	402	-2
403	403	-2
404	404	2
405	405	2
406	406	-2
407	407	2
408	408	2
409	409	-2
410	410	-2
411	411	-2
412	412	-2
413	413	2
414	414	-2
415	415	2
416	416	-2
417	417	2
418	418	-2
419	419	-2
420	420	-2
421	421	-2
422	422	2
423	423	-2
424	424	-2
425	425	-2
426	426	-2
427	427	2
428	428	2
429	429	-2
430	430	2
431	431	2
432	432	2
433	433	2
434	434	2
435	435	-2
436	436	2
437	437	2
438	438	2
439	439	2
440	440	2
441	441	-2
442	442	2
443	443	-2
444	444	-2
445	445	2
446	446	2
447	447	2
448	448	-2
1	40	1
1	93	1
1	154	1
1	157	1
1	159	1
1	187	1
1	247	2
1	321	-2
1	414	2
2	20	1
2	106	1
2	127	1
2	133	1
2	134	1
2	200	1
2	248	2
2	275	-2
2	377	2
3	28	1
3	37	1
3	88	1
3	90	1
3	108	1
3	214	1
3	265	2
3	298	2
3	426	-2
4	8	1
4	17	1
4	22	1
4	59	1
4	168	1
4	170	1
4	316	-2
4	424	-2
4	444	2
5	37	1
5	75	1
5	94	1
5	126	1
5	130	1
5	177	1
5	244	2
5	393	-2
5	448	2
6	23	1
6	26	1
6	46	1
6	61	1
6	100	1
6	193	1
6	334	-2
6	425	2
6	428	2
7	34	1
7	55	1
7	69	1
7	137	1
7	165	1
7	224	1
7	285	-2
7	394	2
7	440	-2
8	18	1
8	22	1
8	114	1
8	181	1
8	222	1
8	228	2
8	326	-2
8	444	2
9	14	1
9	91	1
9	94	1
9	114	1
9	118	1
9	133	1
9	239	-2
9	345	2
9	447	2
10	44	1
10	73	1
10	131	1
10	161	1
10	184	1
10	196	1
10	319	2
10	368	2
10	381	2
11	14	1
11	35	1
11	65	1
11	159	1
11	204	1
11	213	1
11	406	-2
11	409	2
11	418	2
12	47	1
12	51	1
12	95	1
12	98	1
12	107	1
12	183	1
12	359	-2
12	415	-2
12	417	2
13	58	1
13	80	1
13	102	1
13	115	1
13	182	1
13	214	1
13	291	-2
13	294	-2
13	357	-2
14	65	1
14	86	1
14	118	1
14	180	1
14	324	-2
14	418	2
14	447	2
15	17	1
15	21	1
15	32	1
15	71	1
15	122	1
15	199	1
15	343	-2
15	372	2
15	435	-2
16	63	1
16	90	1
16	92	1
16	120	1
16	145	1
16	162	1
16	259	2
16	384	-2
16	431	2
17	32	1
17	93	1
17	141	1
17	168	1
17	316	-2
17	372	2
17	398	-2
18	107	1
18	114	1
18	155	1
18	181	1
18	192	1
18	228	2
18	300	2
18	329	2
19	54	1
19	121	1
19	144	1
19	155	1
19	168	1
19	173	1
19	226	-2
19	289	2
19	302	2
20	41	1
20	127	1
20	136	1
20	199	1
20	204	1
20	253	-2
20	275	-2
20	301	2
21	58	1
21	83	1
21	98	1
21	122	1
21	170	1
21	401	2
21	407	2
21	435	-2
22	30	1
22	34	1
22	148	1
22	176	1
22	237	-2
22	254	2
22	444	2
23	43	1
23	120	1
23	134	1
23	149	1
23	193	1
23	312	2
23	373	-2
23	428	2
24	60	1
24	62	1
24	67	1
24	85	1
24	143	1
24	179	1
24	238	2
24	361	-2
24	395	2
25	26	1
25	71	1
25	72	1
25	99	1
25	166	1
25	211	1
25	242	-2
25	278	-2
25	292	-2
26	61	1
26	72	1
26	175	1
26	195	1
26	278	-2
26	334	-2
26	360	2
27	37	1
27	57	1
27	112	1
27	192	1
27	207	1
27	217	1
27	305	2
27	382	-2
27	405	2
28	34	1
28	108	1
28	146	1
28	157	1
28	176	1
28	257	-2
28	426	-2
28	430	-2
29	93	1
29	100	1
29	160	1
29	171	1
29	202	1
29	219	1
29	293	-2
29	308	-2
29	320	-2
30	31	1
30	72	1
30	74	1
30	148	1
30	211	1
30	231	-2
30	237	-2
30	392	2
31	50	1
31	74	1
31	105	1
31	125	1
31	140	1
31	274	-2
31	392	2
31	402	-2
32	44	1
32	120	1
32	196	1
32	203	1
32	354	2
32	372	2
32	439	2
33	47	1
33	123	1
33	190	1
33	195	1
33	201	1
33	209	1
33	283	-2
33	322	2
33	332	2
34	176	2
34	224	1
34	254	2
34	257	-2
34	285	-2
35	43	1
35	77	1
35	147	1
35	175	1
35	213	1
35	350	-2
35	409	2
35	432	-2
36	38	1
36	86	1
36	91	1
36	127	1
36	160	1
36	163	1
36	286	2
36	318	-2
36	325	-2
37	57	1
37	90	1
37	126	1
37	298	2
37	405	2
37	448	2
38	91	1
38	92	1
38	141	1
38	191	1
38	223	1
38	229	2
38	317	-2
38	325	-2
39	64	1
39	104	1
39	114	1
39	152	1
39	184	1
39	217	1
39	323	-2
39	365	-2
39	380	-2
40	102	1
40	142	1
40	150	1
40	172	1
40	187	1
40	410	-2
40	414	2
40	423	2
41	70	1
41	108	1
41	145	1
41	166	1
41	199	1
41	253	-2
41	313	-2
41	367	-2
42	79	1
42	105	1
42	129	1
42	174	1
42	198	1
42	221	1
42	246	2
42	348	2
42	427	-2
43	59	1
43	77	1
43	134	1
43	144	1
43	312	2
43	350	-2
43	422	-2
44	63	1
44	92	1
44	161	1
44	196	1
44	233	2
44	368	2
44	439	2
45	46	1
45	52	1
45	102	1
45	171	1
45	206	1
45	217	1
45	264	2
45	383	2
45	403	2
46	88	1
46	100	1
46	136	1
46	171	1
46	282	-2
46	383	2
46	425	2
47	50	1
47	99	1
47	107	1
47	201	1
47	307	2
47	332	2
47	359	-2
48	51	1
48	81	1
48	104	1
48	111	1
48	113	1
48	157	1
48	234	-2
48	236	2
48	336	2
49	74	1
49	118	1
49	141	1
49	153	1
49	210	1
49	215	1
49	277	-2
49	314	-2
49	374	-2
50	76	1
50	89	1
50	99	1
50	140	1
50	266	-2
50	307	2
50	402	-2
51	65	1
51	81	1
51	95	1
51	164	1
51	236	2
51	385	-2
51	417	2
52	76	1
52	102	1
52	124	1
52	135	1
52	174	1
52	276	2
52	341	-2
52	403	2
53	58	1
53	81	1
53	84	1
53	94	1
53	99	1
53	113	1
53	358	2
53	391	-2
53	416	2
54	80	1
54	132	1
54	168	1
54	177	1
54	201	1
54	226	-2
54	240	2
54	412	-2
55	85	1
55	121	1
55	123	1
55	137	1
55	149	1
55	399	-2
55	433	-2
55	440	-2
56	61	1
56	121	1
56	138	1
56	178	1
56	193	1
56	194	1
56	284	2
56	310	2
56	441	2
57	80	1
57	91	1
57	162	1
57	222	1
57	263	2
57	333	-2
57	405	2
58	80	1
58	83	1
58	94	1
58	357	-2
58	391	-2
58	407	2
59	83	1
59	144	1
59	147	1
59	170	1
59	281	-2
59	422	-2
59	424	-2
60	87	1
60	111	1
60	113	1
60	143	1
60	145	1
60	241	-2
60	273	-2
60	361	-2
61	112	1
61	138	1
61	220	1
61	310	2
61	334	-2
61	442	2
62	64	1
62	78	1
62	82	1
62	158	1
62	179	1
62	238	2
62	356	2
62	364	2
63	90	1
63	92	1
63	151	1
63	175	1
63	233	2
63	259	2
63	352	2
64	114	1
64	125	1
64	158	1
64	200	1
64	272	2
64	323	-2
64	364	2
65	164	1
65	216	1
65	218	1
65	353	2
65	385	-2
65	418	2
66	72	1
66	122	1
66	131	1
66	185	1
66	208	1
66	220	1
66	230	2
66	249	-2
66	420	-2
67	85	1
67	106	1
67	128	1
67	165	1
67	203	1
67	304	-2
67	395	2
67	421	2
68	109	1
68	124	1
68	147	1
68	158	1
68	216	1
68	223	1
68	270	2
68	299	2
68	387	-2
69	82	2
69	164	1
69	165	1
69	197	1
69	290	2
69	394	2
69	434	2
70	89	1
70	97	1
70	108	1
70	110	1
70	154	1
70	313	-2
70	369	2
70	388	-2
71	77	1
71	165	1
71	199	1
71	211	1
71	242	-2
71	343	-2
71	413	2
72	122	1
72	211	1
72	231	-2
72	249	-2
72	278	-2
73	139	1
73	151	1
73	174	1
73	184	1
73	196	1
73	319	2
73	351	2
73	443	2
74	122	1
74	141	1
74	222	1
74	258	-2
74	314	-2
74	392	2
75	130	1
75	139	1
75	158	1
75	161	1
75	170	1
75	339	-2
75	340	-2
75	393	-2
76	89	1
76	135	1
76	159	1
76	197	1
76	266	-2
76	269	-2
76	276	2
77	165	1
77	210	1
77	214	1
77	350	-2
77	379	2
77	413	2
78	82	1
78	110	1
78	117	1
78	172	1
78	186	1
78	250	2
78	262	2
78	356	2
79	148	1
79	188	1
79	198	1
79	205	1
79	213	1
79	246	2
79	268	-2
79	335	-2
80	162	1
80	177	1
80	240	2
80	333	-2
80	357	-2
81	84	1
81	187	1
81	212	1
81	236	2
81	256	-2
81	358	2
82	164	1
82	197	1
82	290	2
82	356	2
82	434	2
83	115	1
83	147	1
83	193	1
83	281	-2
83	337	-2
83	407	2
84	109	1
84	111	1
84	198	1
84	212	1
84	347	-2
84	358	2
84	376	2
85	123	1
85	176	1
85	202	1
85	378	2
85	395	2
85	399	-2
86	106	1
86	115	1
86	160	1
86	180	1
86	252	-2
86	286	2
86	324	-2
87	113	1
87	119	1
87	155	1
87	189	1
87	213	1
87	241	-2
87	287	2
87	303	2
88	130	1
88	136	1
88	156	1
88	214	1
88	265	2
88	282	-2
88	390	2
89	97	1
89	110	1
89	190	1
89	251	-2
89	266	-2
89	388	-2
90	116	1
90	135	1
90	259	2
90	298	2
90	349	2
91	133	1
91	222	1
91	263	2
91	325	-2
91	345	2
92	141	1
92	145	1
92	229	2
92	233	2
92	384	-2
93	100	1
93	141	1
93	159	1
93	247	2
93	293	-2
93	398	-2
94	114	1
94	177	1
94	239	-2
94	244	2
94	391	-2
95	107	1
95	132	1
95	138	1
95	183	1
95	271	-2
95	417	2
95	429	-2
96	133	1
96	142	1
96	150	1
96	169	1
96	188	1
96	219	1
96	261	2
96	279	-2
96	389	-2
97	124	1
97	154	1
97	190	1
97	223	1
97	251	-2
97	369	2
97	371	2
98	119	1
98	170	1
98	183	1
98	206	1
98	401	2
98	404	-2
98	415	-2
99	113	1
99	166	1
99	292	-2
99	307	2
99	416	2
100	127	1
100	148	1
100	293	-2
100	297	-2
100	425	2
101	131	1
101	146	1
101	162	1
101	205	1
101	209	1
101	224	1
101	255	-2
101	330	2
101	438	2
102	172	1
102	182	1
102	291	-2
102	403	2
102	410	-2
103	143	1
103	156	1
103	160	1
103	168	1
103	183	1
103	189	1
103	227	2
103	280	-2
103	419	2
104	144	1
104	152	1
104	157	1
104	207	1
104	336	2
104	365	-2
104	436	-2
105	125	1
105	137	1
105	174	1
105	219	1
105	274	-2
105	427	-2
105	445	2
106	115	1
106	134	1
106	165	1
106	248	2
106	252	-2
106	304	-2
107	138	1
107	181	1
107	300	2
107	359	-2
107	429	-2
108	194	1
108	195	1
108	313	-2
108	426	-2
108	446	2
109	150	1
109	158	1
109	198	1
109	200	1
109	288	2
109	376	2
109	387	-2
110	173	1
110	186	1
110	197	1
110	262	2
110	315	2
110	388	-2
111	113	1
111	145	1
111	212	1
111	234	-2
111	273	-2
111	347	-2
112	153	1
112	182	1
112	217	1
112	220	1
112	370	-2
112	382	-2
112	442	2
113	234	-2
113	241	-2
113	416	2
114	228	2
114	239	-2
114	323	-2
115	193	1
115	214	1
115	252	-2
115	294	-2
115	337	-2
116	135	1
116	167	1
116	180	1
116	196	1
116	199	1
116	328	2
116	331	2
116	349	2
117	161	1
117	163	1
117	172	1
117	191	1
117	208	1
117	250	2
117	396	2
117	411	-2
118	149	1
118	153	1
118	167	1
118	277	-2
118	295	-2
118	447	2
119	187	1
119	206	1
119	210	1
119	213	1
119	260	-2
119	287	2
119	404	-2
120	149	1
120	162	1
120	203	1
120	354	2
120	373	-2
120	431	2
121	144	1
121	149	1
121	178	1
121	284	2
121	289	2
121	433	-2
122	222	1
122	249	-2
122	258	-2
122	435	-2
123	178	1
123	185	1
123	190	1
123	283	-2
123	366	2
123	399	-2
124	174	1
124	216	1
124	223	1
124	270	2
124	341	-2
124	371	2
125	189	1
125	194	1
125	200	1
125	272	2
125	274	-2
125	375	-2
126	129	1
126	140	1
126	188	1
126	208	1
126	327	2
126	346	2
126	448	2
127	148	1
127	163	1
127	275	-2
127	297	-2
127	318	-2
128	130	1
128	135	1
128	169	1
128	172	1
128	203	1
128	363	2
128	400	2
128	421	2
129	136	1
129	169	1
129	208	1
129	221	1
129	327	2
129	342	2
129	348	2
130	135	1
130	156	1
130	390	2
130	393	-2
130	400	2
131	184	1
131	220	1
131	224	1
131	255	-2
131	381	2
131	420	-2
132	173	1
132	183	1
132	201	1
132	220	1
132	271	-2
132	412	-2
132	437	2
133	169	1
133	200	1
133	279	-2
133	345	2
133	377	2
134	179	1
134	181	1
134	248	2
134	312	2
134	355	2
135	276	2
135	349	2
135	400	2
136	169	1
136	204	1
136	282	-2
136	301	2
136	342	2
137	151	1
137	156	1
137	219	1
137	245	2
137	440	-2
137	445	2
138	205	1
138	221	1
138	310	2
138	408	-2
138	429	-2
139	170	1
139	184	1
139	191	1
139	215	1
139	340	-2
139	351	2
139	386	-2
140	142	1
140	188	1
140	203	1
140	309	-2
140	346	2
140	402	-2
141	229	2
141	314	-2
141	398	-2
142	150	1
142	188	1
142	203	1
142	309	-2
142	389	-2
142	423	2
143	153	1
143	160	1
143	212	1
143	243	2
143	280	-2
143	361	-2
144	207	1
144	289	2
144	422	-2
144	436	-2
145	166	1
145	273	-2
145	367	-2
145	384	-2
146	157	1
146	162	1
146	167	1
146	204	1
146	330	2
146	338	-2
146	430	-2
147	175	1
147	223	1
147	281	-2
147	299	2
147	432	-2
148	213	1
148	237	-2
148	268	-2
148	297	-2
149	167	1
149	295	-2
149	373	-2
149	433	-2
150	200	1
150	219	1
150	261	2
150	288	2
150	423	2
151	156	1
151	174	1
151	175	1
151	245	2
151	352	2
151	443	2
152	154	1
152	163	1
152	166	1
152	209	1
152	235	2
152	267	-2
152	365	-2
153	182	1
153	212	1
153	243	2
153	277	-2
153	370	-2
154	157	1
154	166	1
154	267	-2
154	321	-2
154	369	2
155	173	1
155	189	1
155	192	1
155	302	2
155	303	2
155	329	2
156	189	1
156	245	2
156	390	2
156	419	2
157	321	-2
157	336	2
157	430	-2
158	161	1
158	339	-2
158	364	2
158	387	-2
159	197	1
159	204	1
159	247	2
159	269	-2
159	406	-2
160	202	1
160	280	-2
160	286	2
160	320	-2
161	163	1
161	339	-2
161	368	2
161	396	2
162	330	2
162	333	-2
162	431	2
163	209	1
163	235	2
163	318	-2
163	396	2
164	171	1
164	178	1
164	290	2
164	306	-2
164	385	-2
165	304	-2
165	394	2
165	413	2
166	267	-2
166	292	-2
166	367	-2
167	196	1
167	204	1
167	295	-2
167	331	2
167	338	-2
168	183	1
168	226	-2
168	227	2
168	316	-2
169	172	1
169	279	-2
169	342	2
169	363	2
170	340	-2
170	401	2
170	424	-2
171	178	1
171	219	1
171	306	-2
171	308	-2
171	383	2
172	250	2
172	363	2
172	410	-2
173	197	1
173	220	1
173	302	2
173	315	2
173	437	2
174	341	-2
174	427	-2
174	443	2
175	195	1
175	352	2
175	360	2
175	432	-2
176	202	1
176	254	2
176	257	-2
176	378	2
177	202	1
177	218	1
177	232	2
177	240	2
177	244	2
178	185	1
178	284	2
178	306	-2
178	366	2
179	181	1
179	218	1
179	221	1
179	238	2
179	355	2
179	362	-2
180	186	1
180	199	1
180	215	1
180	225	2
180	324	-2
180	328	2
181	222	1
181	300	2
181	326	-2
181	355	2
182	186	1
182	201	1
182	291	-2
182	311	2
182	370	-2
183	227	2
183	271	-2
183	415	-2
184	217	1
184	351	2
184	380	-2
184	381	2
185	198	1
185	208	1
185	224	1
185	230	2
185	344	2
185	366	2
186	201	1
186	215	1
186	225	2
186	262	2
186	311	2
187	210	1
187	212	1
187	256	-2
187	260	-2
187	414	2
188	205	1
188	335	-2
188	346	2
188	389	-2
189	194	1
189	303	2
189	375	-2
189	419	2
190	207	1
190	211	1
190	251	-2
190	283	-2
190	397	2
191	208	1
191	215	1
191	223	1
191	317	-2
191	386	-2
191	411	-2
192	206	1
192	207	1
192	216	1
192	296	2
192	305	2
192	329	2
193	194	1
193	337	-2
193	428	2
193	441	2
194	195	1
194	375	-2
194	441	2
194	446	2
195	209	1
195	322	2
195	360	2
195	446	2
196	319	2
196	331	2
196	439	2
197	269	-2
197	315	2
197	434	2
198	224	1
198	246	2
198	344	2
198	376	2
199	253	-2
199	328	2
199	343	-2
200	272	2
200	288	2
200	377	2
201	311	2
201	332	2
201	412	-2
202	218	1
202	232	2
202	320	-2
202	378	2
203	309	-2
203	354	2
203	421	2
204	301	2
204	338	-2
204	406	-2
205	209	1
205	221	1
205	335	-2
205	408	-2
205	438	2
206	216	1
206	217	1
206	264	2
206	296	2
206	404	-2
207	211	1
207	305	2
207	397	2
207	436	-2
208	230	2
208	327	2
208	411	-2
209	235	2
209	322	2
209	438	2
210	214	1
210	215	1
210	260	-2
210	374	-2
210	379	2
211	231	-2
211	242	-2
211	397	2
212	243	2
212	256	-2
212	347	-2
213	268	-2
213	287	2
213	409	2
214	265	2
214	294	-2
214	379	2
215	225	2
215	374	-2
215	386	-2
216	218	1
216	270	2
216	296	2
216	353	2
217	264	2
217	380	-2
217	382	-2
218	221	1
218	232	2
218	353	2
218	362	-2
219	261	2
219	308	-2
219	445	2
220	420	-2
220	437	2
220	442	2
221	348	2
221	362	-2
221	408	-2
222	258	-2
222	263	2
222	326	-2
223	299	2
223	317	-2
223	371	2
224	255	-2
224	285	-2
224	344	2
