1	1	1
2	2	-3
3	3	1
4	4	-1
5	5	1
6	6	-1
7	7	1
8	8	-3
9	9	1
10	10	-1
11	11	-1
12	12	-1
13	13	1
14	14	-1
15	15	-1
16	16	-1
17	17	-1
18	18	-1
19	19	-3
20	20	3
21	21	-3
22	22	-1
23	23	3
24	24	1
25	25	-1
26	26	-1
27	27	1
28	28	1
29	29	1
30	30	1
31	31	1
32	32	3
33	33	1
34	34	-1
35	35	3
36	36	-1
37	37	-3
38	38	1
39	39	3
40	40	1
41	41	-1
42	42	-3
43	43	-1
44	44	1
45	45	-3
46	46	1
47	47	3
48	48	1
49	49	1
50	50	-1
51	51	1
52	52	-1
53	53	-1
54	54	-1
55	55	-1
56	56	1
57	57	1
58	58	-1
59	59	1
60	60	-1
61	61	1
62	62	3
63	63	1
64	64	1
65	65	-1
66	66	3
67	67	3
68	68	-3
69	69	3
70	70	3
71	71	1
72	72	1
73	73	1
74	74	-1
75	75	1
76	76	-1
77	77	3
78	78	3
79	79	1
80	80	-1
81	81	2
82	82	-2
83	83	-2
84	84	2
85	85	-2
86	86	2
87	87	-2
88	88	2
89	89	-2
90	90	-2
91	91	2
92	92	2
93	93	-2
94	94	2
95	95	-2
96	96	2
97	97	-2
98	98	2
99	99	2
100	100	2
101	101	2
102	102	-2
103	103	-2
104	104	2
105	105	-2
106	106	2
107	107	2
108	108	-2
109	109	2
110	110	-2
111	111	-2
112	112	2
113	113	-2
114	114	-2
115	115	-2
116	116	2
117	117	2
118	118	-2
119	119	-2
120	120	2
121	121	-2
122	122	-2
123	123	-2
124	124	-2
125	125	-2
126	126	2
127	127	-2
128	128	2
129	129	2
130	130	2
131	131	2
132	132	-2
133	133	-2
134	134	2
135	135	2
136	136	2
137	137	2
138	138	-2
139	139	2
140	140	-2
141	141	2
142	142	-2
143	143	-2
144	144	2
145	145	-2
146	146	-2
147	147	-2
148	148	2
149	149	-2
150	150	-2
151	151	2
152	152	-2
153	153	2
154	154	-2
155	155	2
156	156	-2
157	157	-2
158	158	2
159	159	2
160	160	-2
1	2	1
1	23	2
1	25	1
1	35	1
1	47	1
1	93	-2
1	123	2
1	135	2
2	6	2
2	8	1
2	25	1
2	72	1
2	110	2
2	123	2
2	125	2
3	12	1
3	26	1
3	47	1
3	59	1
3	60	1
3	77	1
3	89	-2
3	113	2
3	129	2
4	25	1
4	32	1
4	43	1
4	45	1
4	52	1
4	71	1
4	88	-2
4	101	2
4	103	2
5	18	1
5	26	1
5	35	1
5	41	1
5	69	1
5	70	1
5	99	-2
5	120	2
5	156	-2
6	8	1
6	12	1
6	48	1
6	72	1
6	95	-2
6	110	2
6	125	2
7	20	1
7	22	1
7	38	1
7	53	1
7	63	1
7	66	1
7	83	-2
7	121	-2
7	126	-2
8	37	1
8	52	1
8	65	2
8	100	-2
8	110	2
8	144	-2
9	21	1
9	28	1
9	29	1
9	31	1
9	36	1
9	51	1
9	91	-2
9	138	-2
9	146	-2
10	18	1
10	27	1
10	29	1
10	37	1
10	55	1
10	79	1
10	108	-2
10	132	2
10	157	2
11	22	1
11	43	1
11	53	1
11	58	1
11	66	1
11	80	1
11	87	-2
11	111	2
11	148	-2
12	16	1
12	46	1
12	48	1
12	60	1
12	95	-2
12	113	2
12	150	2
13	39	1
13	54	1
13	64	1
13	71	1
13	73	2
13	119	-2
13	137	2
13	155	-2
14	15	1
14	31	1
14	40	1
14	61	2
14	68	1
14	84	2
14	106	-2
14	128	-2
15	48	1
15	61	1
15	68	1
15	76	1
15	79	1
15	106	-2
15	136	2
15	140	2
16	21	1
16	37	1
16	46	1
16	67	1
16	77	1
16	112	-2
16	150	2
16	160	-2
17	18	1
17	21	1
17	33	2
17	44	2
17	86	2
17	97	2
17	141	-2
18	27	1
18	35	1
18	44	1
18	120	2
18	132	2
18	141	-2
19	29	1
19	34	2
19	54	1
19	56	1
19	76	1
19	109	-2
19	124	2
19	149	2
20	53	1
20	56	1
20	66	1
20	67	1
20	75	1
20	81	2
20	83	-2
20	131	2
21	33	1
21	36	1
21	37	1
21	91	-2
21	97	2
21	112	-2
22	53	2
22	72	1
22	73	1
22	126	-2
22	148	-2
22	153	2
23	35	1
23	38	1
23	47	1
23	56	1
23	93	-2
23	116	2
23	135	2
24	31	1
24	39	1
24	44	1
24	45	1
24	50	1
24	64	1
24	96	2
24	98	-2
24	105	-2
25	45	1
25	65	1
25	77	1
25	88	-2
25	107	2
25	123	2
26	38	1
26	41	1
26	45	1
26	47	1
26	89	-2
26	99	-2
26	142	2
27	69	1
27	70	2
27	78	1
27	115	-2
27	132	2
27	154	-2
28	47	1
28	51	1
28	68	1
28	72	1
28	80	1
28	127	-2
28	146	-2
28	152	2
29	31	1
29	34	1
29	79	1
29	108	-2
29	109	-2
29	138	-2
30	32	1
30	41	1
30	42	1
30	54	1
30	62	1
30	63	1
30	85	-2
30	143	-2
30	151	-2
31	44	1
31	68	1
31	105	-2
31	128	-2
31	138	-2
32	35	1
32	62	2
32	71	1
32	101	2
32	134	2
32	143	-2
33	34	1
33	44	1
33	67	1
33	86	2
33	90	-2
33	97	2
34	54	1
34	67	1
34	90	-2
34	109	-2
34	149	2
35	62	1
35	120	2
35	134	2
35	135	2
36	40	1
36	49	1
36	51	1
36	78	1
36	91	-2
36	104	2
36	117	-2
37	55	1
37	65	1
37	100	-2
37	112	-2
37	157	2
38	45	1
38	56	1
38	63	1
38	116	2
38	121	-2
38	142	2
39	50	1
39	55	1
39	64	1
39	66	1
39	82	-2
39	96	2
39	137	2
40	55	1
40	61	1
40	63	1
40	78	1
40	84	2
40	104	2
40	114	2
41	58	1
41	63	1
41	79	1
41	85	-2
41	92	-2
41	99	-2
42	43	1
42	50	1
42	54	1
42	60	1
42	75	1
42	122	2
42	145	2
42	151	-2
43	52	1
43	66	1
43	75	1
43	87	-2
43	103	2
43	122	2
44	86	2
44	105	-2
44	141	-2
45	64	1
45	88	-2
45	98	-2
45	142	2
46	52	1
46	57	1
46	74	1
46	75	1
46	130	2
46	139	2
46	150	2
47	72	1
47	89	-2
47	93	-2
47	127	-2
48	59	1
48	64	1
48	68	1
48	95	-2
48	140	2
48	158	2
49	51	1
49	58	1
49	62	1
49	71	1
49	78	1
49	94	2
49	117	-2
49	159	2
50	60	1
50	74	1
50	76	1
50	96	2
50	102	2
50	145	2
51	60	1
51	80	1
51	117	-2
51	133	-2
51	146	-2
52	57	1
52	65	1
52	103	2
52	130	2
52	144	-2
53	67	1
53	81	2
53	126	-2
53	148	-2
54	73	1
54	119	-2
54	149	2
54	151	-2
55	63	1
55	66	1
55	82	-2
55	114	2
55	157	2
56	75	1
56	76	1
56	116	2
56	124	2
56	131	2
57	59	1
57	61	1
57	69	1
57	74	1
57	118	2
57	130	2
57	147	-2
58	62	1
58	79	1
58	80	1
58	92	-2
58	111	2
58	159	2
59	64	1
59	74	1
59	77	1
59	118	2
59	129	2
59	158	2
60	80	1
60	113	2
60	133	-2
60	145	2
61	69	1
61	84	2
61	106	-2
61	147	-2
62	134	2
62	143	-2
62	159	2
63	85	-2
63	114	2
63	121	-2
64	98	-2
64	137	2
64	158	2
65	77	1
65	100	-2
65	107	2
65	144	-2
66	82	-2
66	83	-2
66	87	-2
67	77	1
67	81	2
67	90	-2
67	160	-2
68	80	1
68	128	-2
68	140	2
68	152	2
69	70	2
69	147	-2
69	154	-2
69	156	-2
70	78	1
70	115	-2
70	154	-2
70	156	-2
71	73	1
71	78	1
71	94	2
71	101	2
71	155	-2
72	73	1
72	125	2
72	127	-2
72	153	2
73	119	-2
73	153	2
73	155	-2
74	75	1
74	76	1
74	102	2
74	118	2
74	139	2
75	122	2
75	131	2
75	139	2
76	79	1
76	102	2
76	124	2
76	136	2
77	107	2
77	129	2
77	160	-2
78	94	2
78	104	2
78	115	-2
79	92	-2
79	108	-2
79	136	2
80	111	2
80	133	-2
80	152	2
