1	1	-3
2	2	-3
3	3	1
4	4	1
5	5	-3
6	6	1
7	7	1
8	8	-1
9	9	-1
10	10	-1
11	11	-1
12	12	3
13	13	-1
14	14	-3
15	15	1
16	16	1
17	17	1
18	18	1
19	19	3
20	20	-1
21	21	1
22	22	-1
23	23	-1
24	24	-3
25	25	-3
26	26	-1
27	27	-1
28	28	1
29	29	-1
30	30	1
31	31	1
32	32	-1
33	33	3
34	34	-1
35	35	1
36	36	-1
37	37	-3
38	38	1
39	39	-1
40	40	1
41	41	1
42	42	3
43	43	-3
44	44	-3
45	45	1
46	46	3
47	47	-1
48	48	-3
49	49	-3
50	50	1
51	51	1
52	52	1
53	53	-1
54	54	-3
55	55	-1
56	56	-1
57	57	1
58	58	1
59	59	1
60	60	-3
61	61	1
62	62	1
63	63	-1
64	64	1
65	65	-3
66	66	-3
67	67	1
68	68	-1
69	69	1
70	70	-1
71	71	1
72	72	-1
73	73	2
74	74	-2
75	75	-2
76	76	2
77	77	2
78	78	-2
79	79	-2
80	80	2
81	81	-2
82	82	2
83	83	2
84	84	2
85	85	2
86	86	-2
87	87	-2
88	88	2
89	89	2
90	90	-2
91	91	-2
92	92	2
93	93	2
94	94	-2
95	95	2
96	96	2
97	97	2
98	98	2
99	99	2
100	100	-2
101	101	-2
102	102	-2
103	103	2
104	104	2
105	105	-2
106	106	2
107	107	2
108	108	2
109	109	2
110	110	2
111	111	-2
112	112	-2
113	113	-2
114	114	2
115	115	2
116	116	2
117	117	2
118	118	2
119	119	-2
120	120	-2
121	121	2
122	122	2
123	123	2
124	124	2
125	125	2
126	126	2
127	127	-2
128	128	-2
129	129	2
130	130	-2
131	131	2
132	132	2
133	133	2
134	134	2
135	135	-2
136	136	-2
137	137	2
138	138	-2
139	139	-2
140	140	2
141	141	2
142	142	2
143	143	-2
144	144	2
1	2	1
1	11	1
1	13	1
1	14	1
1	23	1
1	37	1
1	97	-2
1	119	2
1	141	-2
2	15	1
2	29	1
2	37	1
2	43	1
2	49	1
2	97	-2
2	101	2
2	144	-2
3	18	1
3	21	1
3	23	1
3	24	1
3	41	1
3	42	1
3	87	-2
3	90	-2
3	100	2
4	9	1
4	17	1
4	25	1
4	41	1
4	57	1
4	64	1
4	104	2
4	115	-2
4	127	-2
5	13	1
5	18	1
5	27	1
5	34	1
5	66	1
5	71	1
5	107	-2
5	114	-2
5	139	2
6	10	1
6	15	1
6	35	1
6	40	1
6	61	1
6	71	1
6	75	2
6	80	2
6	98	2
7	12	1
7	26	1
7	40	1
7	48	1
7	50	1
7	58	1
7	103	2
7	134	-2
7	137	2
8	26	1
8	51	1
8	52	1
8	55	1
8	59	1
8	70	1
8	82	2
8	92	-2
8	138	2
9	25	2
9	32	1
9	46	1
9	54	1
9	81	-2
9	83	-2
9	115	-2
10	37	1
10	39	1
10	40	1
10	46	1
10	69	1
10	75	2
10	130	2
10	143	-2
11	14	1
11	21	1
11	35	1
11	39	1
11	69	1
11	119	2
11	131	2
11	142	-2
12	16	1
12	18	1
12	19	1
12	26	1
12	51	1
12	122	2
12	124	2
12	137	2
13	23	1
13	34	1
13	42	1
13	58	1
13	102	-2
13	107	-2
13	141	-2
14	30	1
14	31	1
14	44	1
14	63	1
14	119	2
14	123	-2
14	133	-2
15	43	1
15	50	1
15	68	1
15	71	1
15	98	2
15	118	2
15	144	-2
16	18	1
16	29	1
16	47	1
16	49	1
16	61	1
16	84	2
16	88	-2
16	122	2
17	19	1
17	36	1
17	52	1
17	57	1
17	59	1
17	77	2
17	91	2
17	104	2
18	21	1
18	66	1
18	90	-2
18	114	-2
18	122	2
19	31	1
19	51	1
19	52	1
19	59	1
19	77	2
19	79	-2
19	124	2
20	38	1
20	39	1
20	44	1
20	47	1
20	48	1
20	70	1
20	93	-2
20	95	-2
20	112	-2
21	36	1
21	39	1
21	72	1
21	90	-2
21	111	2
21	131	2
22	32	1
22	35	1
22	37	1
22	57	1
22	67	2
22	73	-2
22	106	2
22	117	-2
23	24	1
23	51	1
23	63	1
23	100	2
23	109	2
23	141	-2
24	26	1
24	43	1
24	54	1
24	65	1
24	85	-2
24	100	2
24	120	2
25	47	1
25	53	1
25	54	1
25	83	-2
25	89	-2
25	115	-2
26	51	1
26	65	1
26	85	-2
26	92	-2
26	137	2
27	29	1
27	38	1
27	55	1
27	69	1
27	71	1
27	110	2
27	121	-2
27	139	2
28	33	1
28	36	1
28	45	1
28	54	1
28	64	1
28	72	1
28	99	-2
28	113	-2
28	116	2
29	49	1
29	55	1
29	61	1
29	84	2
29	101	2
29	121	-2
30	31	2
30	33	1
30	38	1
30	57	1
30	74	-2
30	123	-2
30	129	2
31	38	1
31	59	1
31	74	-2
31	79	-2
31	123	-2
32	37	1
32	46	1
32	62	1
32	65	1
32	81	-2
32	117	-2
32	136	2
33	36	1
33	53	1
33	57	1
33	62	1
33	96	2
33	116	2
33	129	2
34	45	1
34	56	1
34	68	1
34	71	1
34	78	2
34	107	-2
34	135	-2
35	61	1
35	67	1
35	69	1
35	80	2
35	106	2
35	142	-2
36	59	1
36	72	1
36	91	2
36	111	2
36	116	2
37	39	1
37	97	-2
37	117	-2
37	130	2
38	44	1
38	69	1
38	74	-2
38	93	-2
38	110	2
39	48	1
39	95	-2
39	130	2
39	131	2
40	46	1
40	50	1
40	58	1
40	75	2
40	103	2
40	132	2
41	42	1
41	43	1
41	64	1
41	66	1
41	86	2
41	87	-2
41	127	-2
42	45	1
42	58	1
42	67	1
42	76	2
42	87	-2
42	102	-2
43	54	1
43	66	1
43	86	2
43	120	2
43	144	-2
44	53	1
44	63	1
44	66	1
44	93	-2
44	126	-2
44	133	-2
45	67	1
45	68	1
45	72	1
45	76	2
45	78	2
45	113	-2
46	58	1
46	69	1
46	81	-2
46	132	2
46	143	-2
47	49	1
47	53	1
47	70	1
47	88	-2
47	89	-2
47	112	-2
48	58	1
48	68	1
48	70	1
48	95	-2
48	105	2
48	134	-2
49	60	1
49	63	1
49	88	-2
49	101	2
49	108	-2
50	55	1
50	61	1
50	68	1
50	103	2
50	118	2
50	128	2
51	63	1
51	92	-2
51	109	2
51	124	2
52	62	1
52	64	1
52	70	1
52	77	2
52	138	2
52	140	2
53	62	1
53	66	1
53	89	-2
53	96	2
53	126	-2
54	64	1
54	83	-2
54	99	-2
54	120	2
55	59	1
55	61	1
55	82	2
55	121	-2
55	128	2
56	60	2
56	65	1
56	71	1
56	72	1
56	94	2
56	125	-2
56	135	-2
57	67	1
57	73	-2
57	104	2
57	129	2
58	102	-2
58	132	2
58	134	-2
59	79	-2
59	82	2
59	91	2
60	63	1
60	65	1
60	72	1
60	94	2
60	108	-2
60	125	-2
61	80	2
61	84	2
61	128	2
62	64	1
62	65	1
62	96	2
62	136	2
62	140	2
63	108	-2
63	109	2
63	133	-2
64	99	-2
64	127	-2
64	140	2
65	85	-2
65	125	-2
65	136	2
66	86	2
66	114	-2
66	126	-2
67	73	-2
67	76	2
67	106	2
68	70	1
68	78	2
68	105	2
68	118	2
69	110	2
69	142	-2
69	143	-2
70	105	2
70	112	-2
70	138	2
71	98	2
71	135	-2
71	139	2
72	94	2
72	111	2
72	113	-2
