1	1	-1
2	2	1
3	3	1
4	4	1
5	5	-1
6	6	-1
7	7	-3
8	8	-1
9	9	1
10	10	3
11	11	1
12	12	-1
13	13	-1
14	14	-1
15	15	3
16	16	-1
17	17	-1
18	18	-1
19	19	3
20	20	1
21	21	1
22	22	-3
23	23	1
24	24	1
25	25	1
26	26	1
27	27	1
28	28	-1
29	29	1
30	30	3
31	31	1
32	32	-3
33	33	1
34	34	-3
35	35	1
36	36	-1
37	37	1
38	38	-1
39	39	1
40	40	-1
41	41	1
42	42	-1
43	43	1
44	44	1
45	45	-1
46	46	-1
47	47	-3
48	48	1
49	49	1
50	50	1
51	51	1
52	52	-1
53	53	3
54	54	1
55	55	-1
56	56	-1
57	57	3
58	58	-1
59	59	-1
60	60	1
61	61	-3
62	62	-3
63	63	-3
64	64	1
65	65	1
66	66	-1
67	67	-1
68	68	-1
69	69	-3
70	70	-1
71	71	-1
72	72	1
73	73	3
74	74	-3
75	75	1
76	76	-1
77	77	1
78	78	1
79	79	-1
80	80	-1
81	81	-1
82	82	1
83	83	-1
84	84	1
85	85	3
86	86	3
87	87	-1
88	88	-1
89	89	-3
90	90	-1
91	91	-3
92	92	3
93	93	3
94	94	3
95	95	-3
96	96	1
97	97	1
98	98	-3
99	99	1
100	100	-1
101	101	-1
102	102	-1
103	103	-1
104	104	-1
105	105	1
106	106	-3
107	107	1
108	108	3
109	109	-1
110	110	1
111	111	1
112	112	1
113	113	3
114	114	1
115	115	1
116	116	-1
117	117	1
118	118	1
119	119	-1
120	120	-1
121	121	-1
122	122	-3
123	123	-3
124	124	1
125	125	1
126	126	-1
127	127	-1
128	128	-1
129	129	1
130	130	1
131	131	-1
132	132	1
133	133	1
134	134	1
135	135	1
136	136	-1
137	137	-1
138	138	-1
139	139	1
140	140	-3
141	141	1
142	142	3
143	143	1
144	144	-3
145	145	1
146	146	-1
147	147	1
148	148	3
149	149	1
150	150	1
151	151	-3
152	152	-1
153	153	-1
154	154	-1
155	155	-3
156	156	-3
157	157	-1
158	158	-1
159	159	1
160	160	-1
161	161	1
162	162	1
163	163	-3
164	164	-1
165	165	-1
166	166	3
167	167	-1
168	168	1
169	169	1
170	170	-1
171	171	-3
172	172	1
173	173	1
174	174	-1
175	175	-1
176	176	3
177	177	-3
178	178	3
179	179	-1
180	180	-1
181	181	1
182	182	1
183	183	-1
184	184	1
185	185	-1
186	186	-3
187	187	1
188	188	-3
189	189	-1
190	190	1
191	191	-1
192	192	1
193	193	1
194	194	1
195	195	1
196	196	1
197	197	1
198	198	3
199	199	1
200	200	1
201	201	3
202	202	3
203	203	3
204	204	-3
205	205	-1
206	206	-3
207	207	1
208	208	1
209	209	-1
210	210	-3
211	211	-1
212	212	-3
213	213	3
214	214	1
215	215	-1
216	216	3
217	217	-1
218	218	-1
219	219	-1
220	220	3
221	221	-3
222	222	-3
223	223	-1
224	224	-1
225	225	-1
226	226	-1
227	227	1
228	228	-3
229	229	1
230	230	1
231	231	1
232	232	-1
233	233	-1
234	234	1
235	235	1
236	236	1
237	237	1
238	238	3
239	239	1
240	240	-3
241	241	1
242	242	1
243	243	1
244	244	1
245	245	3
246	246	-1
247	247	1
248	248	3
249	249	1
250	250	1
251	251	1
252	252	-3
253	253	-1
254	254	1
255	255	1
256	256	-1
257	257	1
258	258	1
259	259	-1
260	260	-1
261	261	-1
262	262	1
263	263	-1
264	264	-1
265	265	1
266	266	-3
267	267	-3
268	268	-1
269	269	1
270	270	1
271	271	1
272	272	1
273	273	3
274	274	3
275	275	-1
276	276	-3
277	277	-3
278	278	1
279	279	-3
280	280	3
281	281	1
282	282	-1
283	283	1
284	284	-3
285	285	-1
286	286	-1
287	287	1
288	288	1
289	289	3
290	290	-1
291	291	1
292	292	-1
293	293	-1
294	294	-3
295	295	-3
296	296	-1
297	297	-1
298	298	-1
299	299	1
300	300	1
301	301	-3
302	302	1
303	303	1
304	304	-1
305	305	1
306	306	1
307	307	-3
308	308	1
309	309	-3
310	310	-1
311	311	3
312	312	3
313	313	-1
314	314	3
315	315	-3
316	316	1
317	317	1
318	318	-3
319	319	-1
320	320	1
321	321	1
322	322	-3
323	323	-3
324	324	-1
325	325	-1
326	326	1
327	327	1
328	328	1
329	329	-1
330	330	1
331	331	1
332	332	-1
333	333	-3
334	334	-1
335	335	3
336	336	1
337	337	-3
338	338	1
339	339	1
340	340	-1
341	341	-1
342	342	1
343	343	-1
344	344	-1
345	345	1
346	346	1
347	347	1
348	348	-1
349	349	3
350	350	-1
351	351	1
352	352	-1
353	353	1
354	354	-3
355	355	-1
356	356	-1
357	357	1
358	358	1
359	359	1
360	360	-3
361	361	1
362	362	1
363	363	1
364	364	1
365	365	1
366	366	-1
367	367	1
368	368	1
369	369	1
370	370	-3
371	371	-1
372	372	1
373	373	-1
374	374	-1
375	375	-1
376	376	1
377	377	-1
378	378	1
379	379	-3
380	380	1
381	381	-1
382	382	1
383	383	1
384	384	1
385	385	3
386	386	1
387	387	1
388	388	-1
389	389	1
390	390	1
391	391	1
392	392	1
393	393	1
394	394	-1
395	395	-1
396	396	3
397	397	1
398	398	1
399	399	1
400	400	1
401	401	3
402	402	1
403	403	-3
404	404	1
405	405	1
406	406	1
407	407	-3
408	408	3
409	409	1
410	410	-3
411	411	-1
412	412	-1
413	413	1
414	414	-3
415	415	1
416	416	1
417	417	3
418	418	1
419	419	-3
420	420	-3
421	421	-1
422	422	-1
423	423	1
424	424	-1
425	425	-1
426	426	1
427	427	-3
428	428	-1
429	429	-3
430	430	-1
431	431	-1
432	432	-1
433	433	1
434	434	-1
435	435	-1
436	436	-3
437	437	-1
438	438	-1
439	439	1
440	440	-1
441	441	1
442	442	-1
443	443	-1
444	444	1
445	445	1
446	446	-3
447	447	-1
448	448	1
449	449	1
450	450	1
451	451	1
452	452	1
453	453	-1
454	454	-1
455	455	-1
456	456	-1
457	457	-1
458	458	-1
459	459	-3
460	460	-1
461	461	-1
462	462	-1
463	463	-1
464	464	-1
465	465	3
466	466	-1
467	467	-1
468	468	1
469	469	3
470	470	3
471	471	3
472	472	-1
473	473	-1
474	474	1
475	475	3
476	476	1
477	477	1
478	478	1
479	479	-3
480	480	-1
481	481	1
482	482	1
483	483	1
484	484	1
485	485	-1
486	486	1
487	487	-3
488	488	1
489	489	3
490	490	-1
491	491	-1
492	492	-1
493	493	-1
494	494	-3
495	495	1
496	496	3
497	497	-1
498	498	3
499	499	1
500	500	-3
501	501	-1
502	502	3
503	503	3
504	504	-1
505	505	-1
506	506	-3
507	507	-1
508	508	-1
509	509	3
510	510	1
511	511	1
512	512	1
513	513	2
514	514	-2
515	515	-2
516	516	-2
517	517	2
518	518	-2
519	519	-2
520	520	2
521	521	2
522	522	2
523	523	-2
524	524	2
525	525	2
526	526	2
527	527	-2
528	528	2
529	529	2
530	530	2
531	531	-2
532	532	2
533	533	2
534	534	-2
535	535	-2
536	536	-2
537	537	2
538	538	-2
539	539	2
540	540	2
541	541	2
542	542	-2
543	543	-2
544	544	-2
545	545	-2
546	546	2
547	547	2
548	548	2
549	549	-2
550	550	-2
551	551	-2
552	552	2
553	553	-2
554	554	-2
555	555	2
556	556	2
557	557	2
558	558	-2
559	559	2
560	560	2
561	561	2
562	562	-2
563	563	2
564	564	-2
565	565	2
566	566	2
567	567	-2
568	568	2
569	569	-2
570	570	-2
571	571	-2
572	572	-2
573	573	-2
574	574	2
575	575	2
576	576	-2
577	577	2
578	578	2
579	579	-2
580	580	-2
581	581	-2
582	582	2
583	583	2
584	584	-2
585	585	-2
586	586	-2
587	587	2
588	588	-2
589	589	-2
590	590	-2
591	591	-2
592	592	-2
593	593	-2
594	594	2
595	595	2
596	596	2
597	597	-2
598	598	-2
599	599	2
600	600	-2
601	601	-2
602	602	-2
603	603	-2
604	604	2
605	605	-2
606	606	-2
607	607	-2
608	608	2
609	609	-2
610	610	2
611	611	-2
612	612	-2
613	613	-2
614	614	-2
615	615	-2
616	616	-2
617	617	2
618	618	-2
619	619	2
620	620	2
621	621	-2
622	622	-2
623	623	2
624	624	2
625	625	2
626	626	2
627	627	-2
628	628	2
629	629	-2
630	630	-2
631	631	2
632	632	-2
633	633	2
634	634	-2
635	635	-2
636	636	-2
637	637	-2
638	638	-2
639	639	-2
640	640	2
641	641	2
642	642	2
643	643	2
644	644	-2
645	645	-2
646	646	-2
647	647	-2
648	648	-2
649	649	-2
650	650	2
651	651	2
652	652	-2
653	653	2
654	654	-2
655	655	2
656	656	-2
657	657	2
658	658	2
659	659	2
660	660	-2
661	661	-2
662	662	-2
663	663	2
664	664	2
665	665	2
666	666	2
667	667	-2
668	668	-2
669	669	-2
670	670	-2
671	671	2
672	672	2
673	673	-2
674	674	2
675	675	2
676	676	2
677	677	2
678	678	-2
679	679	-2
680	680	2
681	681	-2
682	682	2
683	683	-2
684	684	-2
685	685	-2
686	686	2
687	687	2
688	688	-2
689	689	2
690	690	-2
691	691	2
692	692	-2
693	693	2
694	694	2
695	695	2
696	696	-2
697	697	2
698	698	2
699	699	2
700	700	2
701	701	-2
702	702	2
703	703	-2
704	704	-2
705	705	-2
706	706	-2
707	707	2
708	708	2
709	709	2
710	710	-2
711	711	2
712	712	2
713	713	-2
714	714	-2
715	715	-2
716	716	-2
717	717	2
718	718	2
719	719	2
720	720	2
721	721	-2
722	722	-2
723	723	-2
724	724	2
725	725	-2
726	726	-2
727	727	-2
728	728	-2
729	729	-2
730	730	-2
731	731	2
732	732	2
733	733	-2
734	734	2
735	735	2
736	736	-2
737	737	-2
738	738	-2
739	739	-2
740	740	-2
741	741	-2
742	742	2
743	743	2
744	744	-2
745	745	2
746	746	2
747	747	2
748	748	2
749	749	-2
750	750	-2
751	751	-2
752	752	2
753	753	2
754	754	2
755	755	-2
756	756	-2
757	757	2
758	758	2
759	759	-2
760	760	-2
761	761	2
762	762	-2
763	763	-2
764	764	-2
765	765	-2
766	766	2
767	767	2
768	768	-2
769	769	2
770	770	2
771	771	-2
772	772	2
773	773	2
774	774	-2
775	775	-2
776	776	2
777	777	2
778	778	2
779	779	2
780	780	2
781	781	2
782	782	2
783	783	2
784	784	2
785	785	-2
786	786	2
787	787	2
788	788	-2
789	789	-2
790	790	-2
791	791	-2
792	792	2
793	793	2
794	794	2
795	795	2
796	796	2
797	797	2
798	798	-2
799	799	2
800	800	-2
801	801	2
802	802	2
803	803	2
804	804	2
805	805	2
806	806	2
807	807	-2
808	808	-2
809	809	2
810	810	-2
811	811	-2
812	812	2
813	813	2
814	814	2
815	815	2
816	816	2
817	817	-2
818	818	2
819	819	-2
820	820	2
821	821	-2
822	822	-2
823	823	-2
824	824	-2
825	825	2
826	826	-2
827	827	-2
828	828	-2
829	829	2
830	830	-2
831	831	2
832	832	-2
833	833	2
834	834	2
835	835	2
836	836	2
837	837	2
838	838	-2
839	839	-2
840	840	2
841	841	-2
842	842	-2
843	843	2
844	844	2
845	845	2
846	846	-2
847	847	2
848	848	-2
849	849	-2
850	850	2
851	851	-2
852	852	2
853	853	-2
854	854	-2
855	855	2
856	856	-2
857	857	2
858	858	-2
859	859	2
860	860	-2
861	861	-2
862	862	2
863	863	2
864	864	-2
865	865	-2
866	866	2
867	867	2
868	868	2
869	869	2
870	870	-2
871	871	2
872	872	2
873	873	2
874	874	2
875	875	-2
876	876	-2
877	877	2
878	878	2
879	879	-2
880	880	2
881	881	-2
882	882	-2
883	883	-2
884	884	-2
885	885	2
886	886	-2
887	887	2
888	888	-2
889	889	-2
890	890	-2
891	891	2
892	892	2
893	893	-2
894	894	-2
895	895	-2
896	896	-2
897	897	2
898	898	2
899	899	2
900	900	2
901	901	2
902	902	-2
903	903	2
904	904	-2
905	905	-2
906	906	-2
907	907	2
908	908	-2
909	909	-2
910	910	-2
911	911	-2
912	912	-2
913	913	-2
914	914	-2
915	915	-2
916	916	-2
917	917	2
918	918	2
919	919	2
920	920	-2
921	921	-2
922	922	-2
923	923	2
924	924	-2
925	925	2
926	926	2
927	927	2
928	928	-2
929	929	2
930	930	2
931	931	-2
932	932	-2
933	933	2
934	934	2
935	935	2
936	936	-2
937	937	-2
938	938	-2
939	939	-2
940	940	-2
941	941	2
942	942	2
943	943	2
944	944	-2
945	945	-2
946	946	2
947	947	-2
948	948	2
949	949	2
950	950	2
951	951	-2
952	952	2
953	953	2
954	954	-2
955	955	-2
956	956	2
957	957	2
958	958	2
959	959	-2
960	960	2
961	961	-2
962	962	2
963	963	2
964	964	2
965	965	2
966	966	2
967	967	-2
968	968	-2
969	969	-2
970	970	-2
971	971	-2
972	972	2
973	973	2
974	974	-2
975	975	-2
976	976	2
977	977	-2
978	978	-2
979	979	-2
980	980	2
981	981	2
982	982	-2
983	983	2
984	984	2
985	985	2
986	986	-2
987	987	-2
988	988	-2
989	989	-2
990	990	-2
991	991	2
992	992	-2
993	993	2
994	994	2
995	995	2
996	996	-2
997	997	-2
998	998	-2
999	999	2
1000	1000	2
1001	1001	-2
1002	1002	2
1003	1003	2
1004	1004	2
1005	1005	2
1006	1006	2
1007	1007	-2
1008	1008	2
1009	1009	2
1010	1010	2
1011	1011	-2
1012	1012	2
1013	1013	2
1014	1014	-2
1015	1015	2
1016	1016	-2
1017	1017	2
1018	1018	2
1019	1019	2
1020	1020	-2
1021	1021	-2
1022	1022	-2
1023	1023	2
1024	1024	2
1	98	1
1	217	1
1	238	1
1	248	1
1	352	1
1	490	1
1	515	2
1	584	2
1	1000	2
2	29	1
2	110	1
2	200	1
2	247	1
2	299	1
2	317	1
2	595	-2
2	657	2
2	853	-2
3	56	1
3	96	1
3	197	1
3	203	1
3	432	1
3	488	1
3	674	2
3	776	2
3	888	2
4	11	1
4	325	1
4	343	1
4	345	1
4	395	1
4	411	1
4	567	-2
4	702	2
4	741	2
5	15	1
5	34	1
5	155	2
5	258	1
5	500	1
5	536	2
5	686	-2
5	784	2
6	170	1
6	275	1
6	300	1
6	344	1
6	423	1
6	428	1
6	759	2
6	982	2
6	1024	2
7	41	1
7	60	1
7	115	1
7	141	1
7	218	1
7	429	1
7	565	-2
7	665	-2
7	987	2
8	97	1
8	148	1
8	206	1
8	252	1
8	393	1
8	494	1
8	518	2
8	828	2
8	949	2
9	17	1
9	73	1
9	187	1
9	277	1
9	361	1
9	387	1
9	755	2
9	967	-2
9	988	-2
10	19	1
10	102	1
10	113	1
10	385	1
10	390	1
10	396	1
10	725	-2
10	872	2
10	996	-2
11	48	1
11	132	1
11	161	1
11	395	1
11	476	1
11	569	-2
11	741	2
11	878	2
12	289	1
12	406	1
12	416	1
12	442	1
12	459	1
12	468	1
12	557	-2
12	668	-2
12	995	-2
13	62	1
13	169	1
13	177	1
13	281	1
13	376	1
13	416	1
13	623	2
13	761	-2
13	979	2
14	51	1
14	66	1
14	135	1
14	232	1
14	380	1
14	407	1
14	522	2
14	876	2
14	942	-2
15	133	1
15	208	1
15	258	1
15	280	1
15	428	1
15	528	2
15	784	2
15	902	-2
16	56	1
16	114	1
16	140	1
16	212	1
16	270	1
16	305	1
16	639	2
16	709	2
16	754	-2
17	73	1
17	98	1
17	139	1
17	429	1
17	479	1
17	612	2
17	635	2
17	988	-2
18	58	1
18	95	1
18	160	1
18	334	1
18	438	1
18	439	1
18	720	2
18	721	2
18	989	2
19	216	1
19	220	1
19	229	1
19	352	1
19	396	1
19	660	-2
19	725	-2
19	735	2
20	39	1
20	196	1
20	301	1
20	368	1
20	456	1
20	479	1
20	713	-2
20	891	2
20	991	-2
21	43	1
21	112	1
21	199	1
21	217	1
21	262	1
21	358	1
21	550	-2
21	648	-2
21	880	-2
22	131	1
22	143	1
22	168	1
22	461	1
22	506	1
22	508	1
22	683	2
22	933	-2
22	999	-2
23	71	1
23	85	1
23	174	1
23	182	1
23	292	1
23	359	1
23	516	-2
23	666	2
23	984	-2
24	49	1
24	125	1
24	189	1
24	270	1
24	468	1
24	494	1
24	572	2
24	680	2
24	859	2
25	179	1
25	216	1
25	259	1
25	475	1
25	507	1
25	509	1
25	646	2
25	829	2
25	990	-2
26	246	1
26	388	1
26	470	1
26	478	1
26	486	1
26	499	1
26	779	-2
26	823	-2
26	997	-2
27	152	1
27	173	1
27	220	1
27	315	1
27	468	1
27	483	1
27	918	2
27	947	-2
27	954	2
28	78	1
28	88	1
28	188	1
28	312	1
28	368	1
28	419	1
28	576	2
28	688	2
28	752	2
29	116	1
29	247	1
29	274	1
29	366	1
29	470	1
29	595	-2
29	839	-2
29	912	-2
30	49	1
30	60	1
30	246	1
30	281	1
30	443	1
30	474	1
30	764	-2
30	802	2
30	1011	-2
31	142	1
31	144	1
31	162	1
31	374	1
31	392	1
31	457	1
31	703	2
31	715	-2
31	885	2
32	68	1
32	158	1
32	420	1
32	449	1
32	457	1
32	506	1
32	867	-2
32	883	2
32	971	2
33	53	1
33	71	1
33	75	1
33	170	1
33	243	1
33	431	1
33	650	2
33	824	2
33	908	-2
34	155	1
34	422	1
34	432	1
34	445	1
34	466	1
34	536	2
34	748	-2
34	895	2
35	111	1
35	120	1
35	202	1
35	220	1
35	255	1
35	264	1
35	573	-2
35	786	-2
35	953	2
36	100	1
36	255	1
36	287	1
36	307	1
36	372	1
36	383	1
36	537	-2
36	863	-2
36	1002	2
37	110	1
37	251	1
37	382	1
37	383	1
37	397	1
37	398	1
37	609	-2
37	663	2
37	832	2
38	63	1
38	92	1
38	359	1
38	413	1
38	461	1
38	502	1
38	523	2
38	837	2
38	1009	-2
39	71	1
39	86	1
39	200	1
39	456	1
39	491	1
39	891	2
39	928	-2
39	968	2
40	50	1
40	139	1
40	149	1
40	205	1
40	208	1
40	276	1
40	531	2
40	546	-2
40	945	-2
41	45	1
41	141	1
41	299	1
41	398	1
41	415	1
41	898	2
41	974	-2
41	987	2
42	128	1
42	256	1
42	299	1
42	370	1
42	381	1
42	450	1
42	597	-2
42	607	2
42	870	2
43	61	1
43	134	1
43	137	1
43	166	1
43	358	1
43	544	-2
43	648	-2
43	892	-2
44	149	1
44	188	1
44	223	1
44	385	1
44	441	1
44	474	1
44	553	2
44	692	-2
44	894	-2
45	50	1
45	58	1
45	84	1
45	147	1
45	299	1
45	617	-2
45	699	-2
45	974	-2
46	290	1
46	294	1
46	316	1
46	364	1
46	413	1
46	440	1
46	625	-2
46	966	-2
46	980	2
47	210	1
47	228	1
47	266	1
47	303	1
47	366	1
47	374	1
47	698	-2
47	807	2
47	972	-2
48	150	1
48	327	1
48	330	1
48	362	1
48	476	1
48	569	-2
48	706	2
48	732	2
49	125	1
49	404	1
49	429	1
49	443	1
49	802	2
49	859	2
49	1023	-2
50	139	1
50	147	1
50	225	1
50	280	1
50	617	-2
50	796	2
50	945	-2
51	124	1
51	161	1
51	198	1
51	232	1
51	342	1
51	733	-2
51	762	-2
51	876	2
52	86	1
52	116	1
52	122	1
52	165	1
52	241	1
52	440	1
52	548	-2
52	693	-2
52	792	2
53	117	1
53	170	1
53	207	1
53	273	1
53	412	1
53	650	2
53	717	2
53	718	2
54	159	1
54	214	1
54	260	1
54	287	1
54	294	1
54	413	1
54	555	2
54	1012	-2
54	1021	-2
55	65	1
55	129	1
55	324	1
55	445	1
55	460	1
55	493	1
55	783	-2
55	793	-2
55	827	-2
56	82	1
56	140	1
56	471	1
56	488	1
56	639	2
56	888	2
56	956	2
57	67	1
57	101	1
57	268	1
57	304	1
57	444	1
57	482	1
57	769	2
57	959	-2
57	969	-2
58	84	1
58	112	1
58	138	1
58	438	1
58	699	-2
58	720	2
58	787	-2
59	70	1
59	85	1
59	226	1
59	233	1
59	296	1
59	335	1
59	664	-2
59	813	2
59	950	-2
60	81	1
60	218	1
60	422	1
60	474	1
60	624	2
60	665	-2
60	764	-2
61	137	1
61	197	1
61	300	1
61	304	1
61	391	1
61	851	2
61	892	-2
61	910	2
62	128	1
62	253	1
62	267	1
62	281	1
62	366	1
62	552	-2
62	761	-2
62	800	2
63	151	1
63	293	1
63	413	1
63	451	1
63	467	1
63	523	2
63	684	2
63	694	-2
64	201	1
64	229	1
64	317	1
64	422	1
64	489	1
64	509	1
64	730	-2
64	816	-2
64	830	-2
65	109	1
65	175	1
65	211	1
65	445	1
65	488	1
65	811	2
65	827	-2
65	913	-2
66	87	1
66	120	1
66	234	1
66	334	1
66	380	1
66	522	2
66	594	-2
66	1015	-2
67	304	1
67	309	1
67	360	1
67	424	1
67	427	1
67	564	2
67	656	2
67	959	-2
68	118	1
68	184	1
68	256	1
68	341	1
68	449	1
68	900	-2
68	971	2
68	1001	-2
69	153	1
69	163	1
69	267	1
69	355	1
69	414	1
69	443	1
69	549	2
69	632	2
69	916	2
70	233	1
70	266	1
70	271	1
70	277	1
70	283	1
70	526	2
70	664	-2
70	831	-2
71	75	1
71	86	1
71	182	1
71	824	2
71	928	-2
71	984	-2
72	101	1
72	219	1
72	286	1
72	303	1
72	447	1
72	461	1
72	532	-2
72	791	-2
72	808	-2
73	147	1
73	401	1
73	416	1
73	444	1
73	700	2
73	798	-2
73	988	-2
74	98	1
74	163	1
74	252	1
74	284	1
74	412	1
74	480	1
74	545	2
74	626	-2
74	722	2
75	142	1
75	146	1
75	223	1
75	417	1
75	653	2
75	728	-2
75	824	2
76	181	1
76	185	1
76	268	1
76	317	1
76	363	1
76	436	1
76	705	-2
76	746	-2
76	1019	-2
77	124	1
77	148	1
77	314	1
77	386	1
77	395	1
77	408	1
77	766	2
77	818	-2
77	860	-2
78	119	1
78	154	1
78	156	1
78	219	1
78	312	1
78	577	-2
78	752	2
78	994	2
79	99	1
79	136	1
79	180	1
79	213	1
79	230	1
79	337	1
79	593	2
79	951	2
79	963	2
80	117	1
80	209	1
80	215	1
80	284	1
80	446	1
80	493	1
80	658	2
80	777	-2
80	1004	-2
81	132	1
81	157	1
81	313	1
81	422	1
81	463	1
81	624	2
81	778	-2
81	790	2
82	114	1
82	342	1
82	424	1
82	471	1
82	478	1
82	806	-2
82	956	2
82	970	-2
83	141	1
83	240	1
83	253	1
83	326	1
83	446	1
83	494	1
83	756	-2
83	797	-2
83	1010	-2
84	172	1
84	397	1
84	401	1
84	495	1
84	699	-2
84	917	2
84	946	2
85	335	1
85	359	2
85	485	1
85	586	-2
85	666	2
85	813	2
86	241	1
86	250	1
86	339	1
86	527	-2
86	792	2
86	928	-2
87	106	1
87	120	1
87	125	1
87	218	1
87	235	1
87	616	-2
87	992	2
87	1015	-2
88	227	1
88	319	1
88	333	1
88	368	1
88	466	1
88	640	2
88	688	2
88	943	-2
89	151	1
89	205	1
89	237	1
89	379	1
89	453	1
89	505	1
89	866	-2
89	882	2
89	890	2
90	127	1
90	157	1
90	340	1
90	345	1
90	357	1
90	490	1
90	570	2
90	621	2
90	919	2
91	214	1
91	222	1
91	310	1
91	329	1
91	355	1
91	421	1
91	629	2
91	677	-2
91	977	2
92	124	1
92	392	1
92	406	1
92	497	1
92	502	1
92	837	2
92	906	-2
92	1005	2
93	105	1
93	139	1
93	367	1
93	387	1
93	433	1
93	462	1
93	840	2
93	849	-2
93	923	2
94	164	1
94	185	1
94	232	1
94	271	1
94	365	1
94	452	1
94	932	-2
94	983	2
94	1022	-2
95	160	1
95	183	1
95	284	1
95	369	1
95	492	1
95	561	-2
95	712	-2
95	721	2
96	197	1
96	229	1
96	294	1
96	297	1
96	301	1
96	729	-2
96	776	2
96	927	-2
97	148	1
97	228	1
97	307	1
97	355	1
97	476	1
97	740	2
97	909	-2
97	949	2
98	217	1
98	429	1
98	480	1
98	584	2
98	612	2
98	722	2
99	100	1
99	129	1
99	250	1
99	265	1
99	337	1
99	593	2
99	633	2
99	641	2
100	155	1
100	250	1
100	287	1
100	309	1
100	537	-2
100	633	2
100	826	2
101	219	1
101	370	1
101	482	1
101	491	1
101	532	-2
101	559	-2
101	769	2
102	222	1
102	232	1
102	362	1
102	385	1
102	436	1
102	714	2
102	872	2
102	893	2
103	104	1
103	331	1
103	426	1
103	447	1
103	473	1
103	502	1
103	601	2
103	751	2
103	874	2
104	177	1
104	263	1
104	331	1
104	383	1
104	418	1
104	601	2
104	815	-2
104	852	2
105	123	1
105	209	1
105	405	1
105	433	1
105	503	1
105	637	2
105	840	2
105	981	2
106	218	1
106	261	1
106	296	1
106	427	1
106	472	1
106	631	-2
106	896	2
106	992	2
107	186	1
107	190	1
107	288	1
107	399	1
107	426	1
107	509	1
107	530	2
107	737	2
107	795	2
108	230	1
108	261	1
108	303	1
108	409	1
108	424	1
108	451	1
108	643	2
108	810	-2
108	819	-2
109	211	1
109	332	1
109	404	1
109	484	1
109	506	1
109	742	2
109	811	2
109	836	-2
110	246	1
110	317	1
110	373	1
110	398	1
110	609	-2
110	657	2
110	681	2
111	118	1
111	120	1
111	141	1
111	202	1
111	356	1
111	786	-2
111	926	2
111	1018	2
112	138	1
112	262	1
112	336	1
112	369	1
112	550	-2
112	687	2
112	787	-2
113	218	1
113	263	1
113	390	1
113	465	1
113	505	1
113	585	-2
113	682	2
113	996	-2
114	244	1
114	305	1
114	360	1
114	478	1
114	583	-2
114	709	2
114	970	-2
115	143	1
115	176	1
115	273	1
115	429	1
115	464	1
115	565	-2
115	726	-2
115	862	2
116	122	1
116	219	1
116	276	1
116	366	1
116	548	-2
116	757	-2
116	912	-2
117	209	1
117	273	1
117	337	1
117	455	1
117	658	2
117	667	2
117	718	2
118	165	1
118	256	1
118	356	1
118	475	1
118	514	-2
118	900	-2
118	926	2
119	156	1
119	168	1
119	361	1
119	446	1
119	459	1
119	577	-2
119	739	-2
119	844	-2
120	190	1
120	320	1
120	786	-2
120	978	-2
120	1015	-2
121	189	1
121	210	1
121	264	1
121	379	1
121	439	1
121	503	1
121	799	2
121	833	-2
121	1008	-2
122	173	1
122	381	1
122	444	1
122	457	1
122	548	-2
122	781	-2
122	920	2
123	209	1
123	221	1
123	282	1
123	414	1
123	453	1
123	568	-2
123	637	2
123	744	2
124	161	1
124	392	1
124	395	1
124	762	-2
124	818	-2
124	1005	2
125	235	1
125	241	1
125	250	1
125	616	-2
125	859	2
125	905	2
126	316	1
126	377	1
126	410	1
126	432	1
126	465	1
126	511	1
126	538	2
126	821	-2
126	929	-2
127	199	1
127	329	1
127	345	1
127	420	1
127	453	1
127	621	2
127	662	2
127	877	2
128	159	1
128	256	1
128	366	1
128	388	1
128	552	-2
128	597	-2
128	901	-2
129	195	1
129	265	1
129	395	1
129	460	1
129	641	2
129	783	-2
129	965	2
130	235	1
130	243	1
130	297	1
130	336	1
130	425	1
130	458	1
130	535	-2
130	547	-2
130	907	2
131	136	1
131	181	1
131	311	1
131	330	1
131	508	1
131	575	-2
131	683	2
131	881	-2
132	157	1
132	161	1
132	308	1
132	396	1
132	678	-2
132	790	2
132	878	2
133	208	1
133	247	1
133	288	1
133	439	1
133	447	1
133	543	-2
133	655	-2
133	902	-2
134	166	1
134	349	1
134	351	1
134	374	1
134	449	1
134	544	-2
134	566	2
134	937	2
135	258	1
135	364	1
135	384	1
135	407	1
135	481	1
135	899	2
135	939	-2
135	942	-2
136	137	1
136	181	1
136	213	1
136	333	1
136	575	-2
136	805	-2
136	963	2
137	326	1
137	333	1
137	477	1
137	578	2
137	805	-2
137	892	-2
138	310	1
138	328	1
138	430	1
138	463	1
138	533	-2
138	696	-2
138	787	-2
139	387	1
139	479	1
139	635	2
139	923	2
139	945	-2
140	146	1
140	318	1
140	354	1
140	367	1
140	606	2
140	639	2
140	724	-2
141	202	1
141	253	1
141	756	-2
141	987	2
141	1018	2
142	417	1
142	452	1
142	457	1
142	510	1
142	653	2
142	697	2
142	715	-2
143	168	1
143	293	1
143	440	1
143	464	1
143	772	2
143	862	2
143	933	-2
144	164	1
144	308	1
144	323	1
144	346	1
144	392	1
144	703	2
144	809	-2
144	869	-2
145	168	1
145	221	1
145	225	1
145	262	1
145	287	1
145	306	1
145	562	-2
145	848	-2
145	955	2
146	223	1
146	235	1
146	318	1
146	436	1
146	606	2
146	728	-2
146	861	2
147	183	1
147	281	1
147	401	1
147	617	-2
147	771	-2
147	798	-2
148	167	1
148	234	1
148	408	1
148	675	2
148	860	-2
148	949	2
149	227	1
149	276	1
149	353	1
149	385	1
149	531	2
149	857	2
149	894	-2
150	182	1
150	327	1
150	406	1
150	508	1
150	512	1
150	620	2
150	706	2
150	962	2
151	373	1
151	453	1
151	467	1
151	478	1
151	694	-2
151	738	2
151	866	-2
152	156	1
152	171	1
152	220	1
152	319	1
152	360	1
152	691	-2
152	747	-2
152	918	2
153	289	1
153	355	1
153	375	1
153	473	1
153	502	1
153	574	2
153	632	2
153	914	2
154	170	1
154	185	1
154	219	1
154	292	1
154	485	1
154	782	-2
154	994	2
154	998	2
155	309	1
155	500	1
155	536	2
155	686	-2
155	826	2
156	171	1
156	420	1
156	505	1
156	577	-2
156	676	-2
156	691	-2
157	343	1
157	376	1
157	490	1
157	790	2
157	919	2
157	986	2
158	196	1
158	457	1
158	472	1
158	493	1
158	507	1
158	842	-2
158	867	-2
158	957	-2
159	214	1
159	388	1
159	409	1
159	489	1
159	555	2
159	760	-2
159	901	-2
160	206	1
160	247	1
160	318	1
160	481	1
160	721	2
160	897	-2
160	930	2
161	177	1
161	414	1
161	762	-2
161	775	2
161	878	2
162	187	1
162	230	1
162	374	1
162	394	1
162	428	1
162	885	2
162	887	2
162	936	2
163	193	1
163	284	1
163	437	1
163	443	1
163	549	2
163	626	-2
163	690	2
164	295	1
164	346	1
164	425	1
164	452	1
164	773	-2
164	809	-2
164	932	-2
165	370	1
165	390	1
165	440	1
165	475	1
165	514	-2
165	693	-2
165	938	2
166	251	1
166	449	1
166	471	1
166	472	1
166	544	-2
166	716	-2
166	745	2
167	191	1
167	234	1
167	438	1
167	464	1
167	500	1
167	651	-2
167	669	2
167	675	2
168	287	1
168	361	1
168	739	-2
168	848	-2
168	933	-2
169	177	1
169	298	1
169	321	1
169	353	1
169	450	1
169	765	-2
169	820	2
169	979	2
170	275	1
170	292	1
170	650	2
170	982	2
170	998	2
171	207	1
171	212	1
171	337	1
171	442	1
171	691	-2
171	834	-2
171	850	-2
172	345	1
172	365	1
172	397	1
172	434	1
172	462	1
172	520	-2
172	556	2
172	946	2
173	382	1
173	393	1
173	444	1
173	483	1
173	671	2
173	920	2
173	947	-2
174	192	1
174	292	1
174	304	1
174	377	1
174	443	1
174	516	-2
174	948	-2
174	993	-2
175	253	1
175	403	1
175	487	1
175	488	1
175	497	1
175	598	2
175	768	2
175	913	-2
176	273	1
176	302	1
176	340	1
176	346	1
176	375	1
176	541	2
176	726	-2
176	814	2
177	263	1
177	414	1
177	775	2
177	815	-2
177	979	2
178	326	1
178	338	1
178	437	1
178	455	1
178	491	1
178	498	1
178	679	-2
178	753	2
178	812	2
179	259	1
179	278	1
179	309	1
179	335	1
179	435	1
179	646	2
179	964	-2
179	1003	2
180	194	1
180	230	1
180	341	1
180	483	1
180	508	1
180	622	2
180	868	2
180	951	2
181	324	1
181	357	1
181	363	1
181	575	-2
181	628	2
181	705	-2
182	192	1
182	215	1
182	406	1
182	592	-2
182	962	2
182	984	-2
183	190	1
183	281	1
183	323	1
183	369	1
183	542	2
183	561	-2
183	771	-2
184	236	1
184	270	1
184	341	1
184	402	1
184	501	1
184	524	-2
184	838	-2
184	1001	-2
185	365	1
185	436	1
185	485	1
185	782	-2
185	983	2
185	1019	-2
186	399	1
186	407	1
186	427	1
186	464	1
186	492	1
186	673	2
186	737	2
186	961	2
187	280	1
187	361	1
187	396	1
187	428	1
187	685	-2
187	936	2
187	967	-2
188	223	1
188	305	1
188	336	1
188	419	1
188	553	2
188	576	2
188	1006	-2
189	210	1
189	259	1
189	269	1
189	494	1
189	517	2
189	572	2
189	1008	-2
190	320	1
190	323	1
190	426	1
190	542	2
190	795	2
190	978	-2
191	212	1
191	291	1
191	381	1
191	418	1
191	500	1
191	651	-2
191	825	-2
191	889	-2
192	215	1
192	304	1
192	351	1
192	467	1
192	592	-2
192	788	-2
192	993	-2
193	320	1
193	329	1
193	372	1
193	400	1
193	437	1
193	571	-2
193	634	-2
193	690	2
194	256	1
194	390	1
194	482	1
194	483	1
194	498	1
194	868	2
194	960	2
194	976	-2
195	210	1
195	245	1
195	254	1
195	395	1
195	486	1
195	672	2
195	904	2
195	965	2
196	226	1
196	315	1
196	368	1
196	493	1
196	513	-2
196	713	-2
196	842	-2
197	203	1
197	300	1
197	347	1
197	776	2
197	851	2
197	1020	-2
198	201	1
198	236	1
198	269	1
198	313	1
198	342	1
198	615	-2
198	719	2
198	733	-2
199	217	1
199	453	1
199	492	1
199	496	1
199	780	2
199	877	2
199	880	-2
200	260	1
200	299	1
200	312	1
200	491	1
200	654	-2
200	853	-2
200	968	2
201	213	1
201	236	1
201	278	1
201	317	1
201	615	-2
201	830	-2
201	922	-2
202	220	1
202	291	1
202	335	1
202	695	2
202	953	2
202	1018	2
203	211	1
203	347	1
203	432	1
203	469	1
203	674	2
203	708	2
203	1020	-2
204	378	1
204	397	1
204	452	1
204	454	1
204	456	1
204	459	1
204	605	2
204	727	2
204	822	2
205	208	1
205	347	1
205	349	1
205	379	1
205	546	-2
205	882	2
205	884	-2
206	318	1
206	347	1
206	494	1
206	504	1
206	518	2
206	845	-2
206	897	-2
207	212	1
207	363	1
207	412	1
207	448	1
207	717	2
207	731	2
207	850	-2
208	234	1
208	305	1
208	546	-2
208	774	-2
208	902	-2
209	318	1
209	350	1
209	637	2
209	658	2
209	835	-2
210	303	1
210	486	1
210	698	-2
210	904	2
210	1008	-2
211	271	1
211	407	1
211	469	1
211	708	2
211	811	2
211	925	-2
212	270	1
212	418	1
212	754	-2
212	825	-2
212	850	-2
213	278	1
213	283	1
213	358	1
213	558	-2
213	922	-2
213	963	2
214	274	1
214	329	1
214	426	1
214	555	2
214	855	2
214	977	2
215	284	1
215	361	1
215	448	1
215	592	-2
215	804	-2
215	1004	-2
216	229	1
216	349	1
216	362	1
216	475	1
216	551	-2
216	735	2
216	829	2
217	391	1
217	393	1
217	560	2
217	584	2
217	880	-2
218	465	1
218	665	-2
218	682	2
218	992	2
219	276	1
219	532	-2
219	757	-2
219	994	2
220	352	1
220	660	-2
220	918	2
220	953	2
221	225	1
221	285	1
221	414	1
221	466	1
221	568	-2
221	599	-2
221	955	2
222	232	1
222	264	1
222	310	1
222	333	1
222	579	2
222	629	2
222	893	2
223	410	1
223	433	1
223	553	2
223	728	-2
223	803	-2
224	233	1
224	238	1
224	286	1
224	295	1
224	458	1
224	485	1
224	644	2
224	871	-2
224	875	-2
225	280	1
225	348	1
225	354	1
225	582	-2
225	796	2
225	955	2
226	296	1
226	315	1
226	389	1
226	417	1
226	513	-2
226	618	-2
226	950	-2
227	249	1
227	353	1
227	466	1
227	499	1
227	640	2
227	817	2
227	857	2
228	307	1
228	366	1
228	375	1
228	425	1
228	740	2
228	807	2
228	985	-2
229	297	1
229	422	1
229	729	-2
229	735	2
229	816	-2
230	394	1
230	409	1
230	810	-2
230	887	2
230	951	2
231	331	1
231	382	1
231	469	1
231	486	1
231	500	1
231	503	1
231	580	-2
231	864	2
231	903	2
232	271	1
232	876	2
232	893	2
232	1022	-2
233	238	1
233	279	1
233	402	1
233	642	-2
233	664	-2
233	875	-2
234	305	1
234	334	1
234	594	-2
234	675	2
234	774	-2
235	425	1
235	436	1
235	535	-2
235	616	-2
235	861	2
236	282	1
236	380	1
236	501	1
236	524	-2
236	615	-2
236	1014	-2
237	244	1
237	312	1
237	367	1
237	505	1
237	512	1
237	539	2
237	563	2
237	890	2
238	248	1
238	338	1
238	433	1
238	785	-2
238	875	-2
238	1000	2
239	242	1
239	275	1
239	325	1
239	327	1
239	332	1
239	388	1
239	603	2
239	614	-2
239	975	-2
240	340	1
240	343	1
240	403	1
240	415	1
240	494	1
240	649	2
240	659	-2
240	797	-2
241	250	1
241	373	1
241	475	1
241	792	2
241	905	2
241	958	2
242	291	1
242	350	1
242	371	1
242	388	1
242	496	1
242	711	-2
242	736	-2
242	975	-2
243	336	1
243	411	1
243	431	1
243	476	1
243	627	2
243	907	2
243	908	-2
244	308	1
244	348	1
244	360	1
244	512	1
244	539	2
244	583	-2
244	886	-2
245	248	1
245	254	1
245	421	1
245	454	1
245	469	1
245	652	-2
245	672	2
245	749	-2
246	281	1
246	373	1
246	388	1
246	681	2
246	779	-2
246	1011	-2
247	439	1
247	481	1
247	543	-2
247	595	-2
247	930	2
248	408	1
248	441	1
248	469	1
248	652	-2
248	841	-2
248	1000	2
249	327	1
249	451	1
249	465	1
249	499	1
249	504	1
249	817	2
249	940	-2
249	944	-2
250	339	1
250	527	-2
250	633	2
250	905	2
251	273	1
251	383	1
251	405	1
251	449	1
251	716	-2
251	832	2
251	854	-2
252	285	1
252	301	1
252	393	1
252	412	1
252	545	2
252	750	2
252	828	2
253	267	1
253	497	1
253	756	-2
253	768	2
253	800	2
254	257	1
254	325	1
254	369	1
254	409	1
254	554	2
254	638	-2
254	672	2
255	264	1
255	383	1
255	410	1
255	441	1
255	521	-2
255	573	-2
255	1002	2
256	482	1
256	597	-2
256	900	-2
256	976	-2
257	328	1
257	369	1
257	477	1
257	483	1
257	511	1
257	638	-2
257	856	-2
257	952	-2
258	272	1
258	481	2
258	707	-2
258	784	2
258	939	-2
259	269	1
259	306	1
259	321	1
259	517	2
259	646	2
259	1017	-2
260	294	1
260	312	1
260	356	1
260	389	1
260	589	2
260	654	-2
260	1012	-2
261	344	1
261	353	1
261	424	1
261	472	1
261	611	2
261	643	2
261	896	2
262	306	1
262	324	1
262	430	1
262	519	2
262	550	-2
262	562	-2
263	394	1
263	438	1
263	505	1
263	585	-2
263	704	2
263	815	-2
264	333	1
264	379	1
264	573	-2
264	579	2
264	833	-2
265	302	1
265	322	1
265	434	1
265	463	1
265	641	2
265	794	2
265	934	-2
266	277	1
266	292	1
266	374	1
266	495	1
266	647	2
266	831	-2
266	972	-2
267	414	1
267	431	1
267	484	1
267	800	2
267	865	2
267	916	2
268	317	1
268	444	1
268	487	1
268	497	1
268	746	-2
268	767	-2
268	969	-2
269	313	1
269	330	1
269	358	1
269	517	2
269	701	2
269	719	2
270	402	1
270	468	1
270	680	2
270	754	-2
270	838	-2
271	283	1
271	407	1
271	526	2
271	925	-2
271	1022	-2
272	316	1
272	328	1
272	334	1
272	435	1
272	481	1
272	525	2
272	540	2
272	707	-2
273	405	1
273	718	2
273	726	-2
273	854	-2
274	296	1
274	426	1
274	470	1
274	471	1
274	610	2
274	839	-2
274	855	2
275	288	1
275	325	1
275	430	1
275	603	2
275	758	2
275	982	2
276	315	1
276	467	1
276	531	2
276	630	2
276	757	-2
277	339	1
277	387	1
277	431	1
277	689	-2
277	755	2
277	831	-2
278	335	1
278	379	1
278	511	1
278	670	2
278	922	-2
278	1003	2
279	310	1
279	402	1
279	419	1
279	437	1
279	490	1
279	642	-2
279	723	2
279	879	2
280	396	1
280	428	1
280	528	2
280	685	-2
280	796	2
281	761	-2
281	771	-2
281	1011	-2
282	313	1
282	380	1
282	419	1
282	453	1
282	744	2
282	801	-2
282	1014	-2
283	354	1
283	358	1
283	477	1
283	526	2
283	558	-2
283	600	2
284	492	1
284	626	-2
284	712	-2
284	1004	-2
285	300	1
285	301	1
285	466	1
285	482	1
285	596	2
285	599	-2
285	750	2
286	303	1
286	341	1
286	435	1
286	458	1
286	791	-2
286	843	-2
286	871	-2
287	413	1
287	537	-2
287	848	-2
287	1021	-2
288	430	1
288	447	1
288	509	1
288	530	2
288	655	-2
288	758	2
289	391	1
289	468	1
289	470	1
289	502	1
289	574	2
289	668	-2
289	846	-2
290	363	1
290	440	1
290	448	1
290	501	1
290	510	1
290	608	-2
290	619	2
290	966	-2
291	335	1
291	350	1
291	381	1
291	695	2
291	711	-2
291	889	-2
292	495	1
292	516	-2
292	647	2
292	998	2
293	384	1
293	440	1
293	451	1
293	487	1
293	684	2
293	772	2
293	911	2
294	301	1
294	364	1
294	625	-2
294	927	-2
294	1012	-2
295	425	1
295	485	1
295	501	1
295	504	1
295	636	2
295	644	2
295	773	-2
296	427	1
296	471	1
296	610	2
296	631	-2
296	950	-2
297	352	1
297	394	1
297	458	1
297	547	-2
297	729	-2
297	763	2
298	322	1
298	344	1
298	371	1
298	450	1
298	456	1
298	710	2
298	734	-2
298	765	-2
299	370	1
299	853	-2
299	870	2
299	974	-2
300	344	1
300	482	1
300	596	2
300	851	2
300	1024	2
301	479	1
301	750	2
301	927	-2
301	991	-2
302	322	1
302	338	1
302	375	1
302	463	1
302	794	2
302	814	2
302	935	-2
303	451	1
303	698	-2
303	791	-2
303	819	-2
304	391	1
304	910	2
304	959	-2
304	993	-2
305	336	1
305	709	2
305	774	-2
305	1006	-2
306	321	1
306	400	1
306	434	1
306	562	-2
306	602	-2
306	1017	-2
307	372	1
307	400	1
307	460	1
307	740	2
307	863	-2
307	1007	2
308	323	1
308	348	1
308	396	1
308	678	-2
308	869	-2
308	886	-2
309	424	1
309	435	1
309	656	2
309	826	2
309	964	-2
310	328	1
310	437	1
310	629	2
310	696	-2
310	879	2
311	330	1
311	364	1
311	377	1
311	401	1
311	423	1
311	858	-2
311	881	-2
311	1013	2
312	367	1
312	563	2
312	654	-2
312	752	2
313	419	1
313	463	1
313	719	2
313	778	-2
313	801	-2
314	378	1
314	386	1
314	392	1
314	399	1
314	498	1
314	529	2
314	661	-2
314	766	2
315	467	1
315	468	1
315	513	-2
315	630	2
315	954	2
316	377	1
316	413	1
316	435	1
316	538	2
316	540	2
316	980	2
317	657	2
317	746	-2
317	830	-2
318	350	1
318	606	2
318	835	-2
318	897	-2
319	333	1
319	360	1
319	489	1
319	499	1
319	747	-2
319	873	2
319	943	-2
320	329	1
320	398	1
320	454	1
320	571	-2
320	590	2
320	978	-2
321	353	1
321	386	1
321	458	1
321	820	2
321	915	-2
321	1017	-2
322	338	1
322	434	1
322	456	1
322	734	-2
322	934	-2
322	935	-2
323	412	1
323	507	1
323	542	2
323	743	-2
323	869	-2
324	357	1
324	430	1
324	493	1
324	519	2
324	628	2
324	793	-2
325	345	1
325	409	1
325	554	2
325	567	-2
325	603	2
326	437	1
326	446	1
326	477	1
326	578	2
326	812	2
326	1010	-2
327	332	1
327	504	1
327	614	-2
327	706	2
327	940	-2
328	334	1
328	483	1
328	525	2
328	696	-2
328	952	-2
329	420	1
329	571	-2
329	662	2
329	977	2
330	358	1
330	362	1
330	701	2
330	732	2
330	881	-2
331	442	1
331	496	1
331	503	1
331	588	-2
331	601	2
331	903	2
332	365	1
332	455	1
332	506	1
332	614	-2
332	836	-2
332	847	-2
333	579	2
333	805	-2
333	943	-2
334	439	1
334	525	2
334	594	-2
334	989	2
335	695	2
335	813	2
335	1003	2
336	369	1
336	687	2
336	907	2
336	1006	-2
337	442	1
337	455	1
337	593	2
337	667	2
337	834	-2
338	433	1
338	491	1
338	679	-2
338	785	-2
338	935	-2
339	402	1
339	431	1
339	495	1
339	527	-2
339	581	-2
339	689	-2
340	346	1
340	357	1
340	403	1
340	541	2
340	570	2
340	649	2
341	435	1
341	508	1
341	622	2
341	843	-2
341	1001	-2
342	350	1
342	368	1
342	424	1
342	613	-2
342	733	-2
342	806	-2
343	376	1
343	411	1
343	415	1
343	659	-2
343	702	2
343	986	2
344	353	1
344	371	1
344	611	2
344	710	2
344	1024	2
345	365	1
345	556	2
345	567	-2
345	621	2
346	376	1
346	445	1
346	541	2
346	770	2
346	809	-2
347	349	1
347	504	1
347	845	-2
347	884	-2
347	1020	-2
348	354	1
348	371	1
348	462	1
348	582	-2
348	789	2
348	886	-2
349	362	1
349	449	1
349	551	-2
349	566	2
349	884	-2
350	368	1
350	613	-2
350	711	-2
350	835	-2
351	374	1
351	385	1
351	389	1
351	467	1
351	788	-2
351	937	2
351	1016	-2
352	394	1
352	490	1
352	515	2
352	660	-2
352	763	2
353	611	2
353	820	2
353	857	2
354	367	1
354	477	1
354	582	-2
354	600	2
354	724	-2
355	421	1
355	476	1
355	632	2
355	677	-2
355	909	-2
356	389	1
356	403	1
356	421	1
356	589	2
356	645	2
356	926	2
357	372	1
357	408	1
357	570	2
357	628	2
357	924	-2
358	558	-2
358	648	-2
358	701	2
359	461	1
359	485	1
359	586	-2
359	666	2
359	1009	-2
360	427	1
360	564	2
360	583	-2
360	747	-2
361	448	1
361	739	-2
361	804	-2
361	967	-2
362	436	1
362	551	-2
362	714	2
362	732	2
363	448	1
363	510	1
363	608	-2
363	705	-2
363	731	2
364	377	1
364	384	1
364	625	-2
364	858	-2
364	899	2
365	455	1
365	556	2
365	847	-2
365	983	2
366	552	-2
366	807	2
366	912	-2
367	462	1
367	563	2
367	724	-2
367	849	-2
368	613	-2
368	688	2
368	713	-2
369	561	-2
369	638	-2
369	687	2
370	390	1
370	491	1
370	559	-2
370	870	2
370	938	2
371	462	1
371	496	1
371	710	2
371	736	-2
371	789	2
372	400	1
372	408	1
372	634	-2
372	863	-2
372	924	-2
373	475	1
373	478	1
373	681	2
373	738	2
373	958	2
374	885	2
374	937	2
374	972	-2
375	425	1
375	473	1
375	814	2
375	914	2
375	985	-2
376	416	1
376	445	1
376	623	2
376	770	2
376	986	2
377	443	1
377	538	2
377	858	-2
377	948	-2
378	399	1
378	423	1
378	454	1
378	510	1
378	529	2
378	591	-2
378	822	2
379	511	1
379	670	2
379	833	-2
379	882	2
380	473	1
380	480	1
380	522	2
380	941	-2
380	1014	-2
381	450	1
381	457	1
381	607	2
381	781	-2
381	889	-2
382	393	1
382	397	1
382	500	1
382	663	2
382	671	2
382	864	2
383	418	1
383	832	2
383	852	2
383	1002	2
384	387	1
384	484	1
384	487	1
384	534	-2
384	899	2
384	911	2
385	389	1
385	872	2
385	894	-2
385	1016	-2
386	411	1
386	458	1
386	512	1
386	766	2
386	915	-2
386	921	2
387	484	1
387	534	-2
387	755	2
387	923	2
388	779	-2
388	901	-2
388	975	-2
389	417	1
389	589	2
389	618	-2
389	1016	-2
390	498	1
390	938	2
390	960	2
390	996	-2
391	393	1
391	470	1
391	560	2
391	846	-2
391	910	2
392	498	1
392	661	-2
392	703	2
392	1005	2
393	560	2
393	671	2
393	828	2
394	438	1
394	704	2
394	763	2
394	887	2
395	741	2
395	818	-2
395	965	2
396	678	-2
396	685	-2
396	725	-2
397	456	1
397	663	2
397	727	2
397	946	2
398	415	1
398	454	1
398	590	2
398	609	-2
398	898	2
399	450	1
399	460	1
399	529	2
399	587	2
399	737	2
400	434	1
400	460	1
400	602	-2
400	634	-2
400	1007	2
401	423	1
401	495	1
401	798	-2
401	917	2
401	1013	2
402	495	1
402	581	-2
402	642	-2
402	838	-2
403	421	1
403	487	1
403	598	2
403	645	2
403	649	2
404	418	1
404	429	1
404	484	1
404	488	1
404	742	2
404	973	2
404	1023	-2
405	474	1
405	479	1
405	503	1
405	854	-2
405	931	2
405	981	2
406	459	1
406	497	1
406	557	-2
406	906	-2
406	962	2
407	427	1
407	673	2
407	925	-2
407	942	-2
408	441	1
408	841	-2
408	860	-2
408	924	-2
409	489	1
409	554	2
409	760	-2
409	810	-2
410	432	1
410	433	1
410	441	1
410	521	-2
410	803	-2
410	929	-2
411	476	1
411	512	1
411	627	2
411	702	2
411	921	2
412	507	1
412	545	2
412	717	2
412	743	-2
413	523	2
413	980	2
413	1021	-2
414	568	-2
414	775	2
414	916	2
415	417	1
415	480	1
415	604	2
415	659	-2
415	898	2
416	442	1
416	444	1
416	623	2
416	700	2
416	995	-2
417	480	1
417	604	2
417	618	-2
417	653	2
418	488	1
418	825	-2
418	852	2
418	973	2
419	490	1
419	576	2
419	723	2
419	801	-2
420	505	1
420	506	1
420	662	2
420	676	-2
420	883	2
421	454	1
421	645	2
421	677	-2
421	749	-2
422	445	1
422	624	2
422	748	-2
422	816	-2
423	428	1
423	510	1
423	591	-2
423	759	2
423	1013	2
424	643	2
424	656	2
424	806	-2
425	535	-2
425	773	-2
425	985	-2
426	447	1
426	751	2
426	795	2
426	855	2
427	564	2
427	631	-2
427	673	2
428	528	2
428	759	2
428	936	2
429	565	-2
429	612	2
429	1023	-2
430	463	1
430	519	2
430	533	-2
430	758	2
431	484	1
431	689	-2
431	865	2
431	908	-2
432	466	1
432	674	2
432	895	2
432	929	-2
433	785	-2
433	803	-2
433	840	2
434	462	1
434	520	-2
434	602	-2
434	934	-2
435	540	2
435	843	-2
435	964	-2
436	714	2
436	861	2
436	1019	-2
437	690	2
437	812	2
437	879	2
438	464	1
438	669	2
438	704	2
438	720	2
439	503	1
439	543	-2
439	799	2
439	989	2
440	693	-2
440	772	2
440	966	-2
441	474	1
441	521	-2
441	692	-2
441	841	-2
442	496	1
442	588	-2
442	834	-2
442	995	-2
443	549	2
443	802	2
443	948	-2
444	700	2
444	920	2
444	969	-2
445	748	-2
445	770	2
445	827	-2
446	459	1
446	493	1
446	777	-2
446	844	-2
446	1010	-2
447	461	1
447	655	-2
447	751	2
447	808	-2
448	501	1
448	619	2
448	731	2
448	804	-2
449	566	2
449	716	-2
449	971	2
450	460	1
450	587	2
450	607	2
450	765	-2
451	465	1
451	684	2
451	819	-2
451	944	-2
452	459	1
452	510	1
452	605	2
452	697	2
452	932	-2
453	744	2
453	866	-2
453	877	2
454	590	2
454	749	-2
454	822	2
455	498	1
455	667	2
455	753	2
455	847	-2
456	727	2
456	734	-2
456	891	2
457	715	-2
457	781	-2
457	867	-2
458	547	-2
458	871	-2
458	915	-2
459	557	-2
459	605	2
459	844	-2
460	587	2
460	783	-2
460	1007	2
461	506	1
461	808	-2
461	999	-2
461	1009	-2
462	520	-2
462	789	2
462	849	-2
463	533	-2
463	778	-2
463	794	2
464	492	1
464	669	2
464	862	2
464	961	2
465	511	1
465	682	2
465	821	-2
465	944	-2
466	599	-2
466	640	2
466	895	2
467	630	2
467	694	-2
467	788	-2
468	668	-2
468	680	2
468	954	2
469	486	1
469	580	-2
469	652	-2
469	708	2
470	499	1
470	839	-2
470	846	-2
470	997	-2
471	472	1
471	610	2
471	745	2
471	956	2
472	507	1
472	745	2
472	896	2
472	957	-2
473	480	1
473	502	1
473	874	2
473	914	2
473	941	-2
474	479	1
474	692	-2
474	764	-2
474	931	2
475	514	-2
475	829	2
475	958	2
476	569	-2
476	627	2
476	909	-2
477	511	1
477	578	2
477	600	2
477	856	-2
478	486	1
478	738	2
478	823	-2
478	970	-2
479	635	2
479	931	2
479	991	-2
480	604	2
480	722	2
480	941	-2
481	707	-2
481	930	2
481	939	-2
482	596	2
482	769	2
482	976	-2
483	868	2
483	947	-2
483	952	-2
484	534	-2
484	742	2
484	865	2
485	586	-2
485	644	2
485	782	-2
486	580	-2
486	823	-2
486	904	2
487	497	1
487	598	2
487	767	-2
487	911	2
488	888	2
488	913	-2
488	973	2
489	499	1
489	509	1
489	730	-2
489	760	-2
489	873	2
490	515	2
490	723	2
490	919	2
491	559	-2
491	679	-2
491	968	2
492	496	1
492	712	-2
492	780	2
492	961	2
493	777	-2
493	793	-2
493	842	-2
494	518	2
494	572	2
494	797	-2
495	581	-2
495	647	2
495	917	2
496	588	-2
496	736	-2
496	780	2
497	767	-2
497	768	2
497	906	-2
498	661	-2
498	753	2
498	960	2
499	817	2
499	873	2
499	997	-2
500	651	-2
500	686	-2
500	864	2
501	504	1
501	524	-2
501	619	2
501	636	2
502	574	2
502	837	2
502	874	2
503	799	2
503	903	2
503	981	2
504	636	2
504	845	-2
504	940	-2
505	585	-2
505	676	-2
505	890	2
506	836	-2
506	883	2
506	999	-2
507	509	1
507	743	-2
507	957	-2
507	990	-2
508	512	1
508	620	2
508	622	2
508	683	2
509	530	2
509	730	-2
509	990	-2
510	591	-2
510	608	-2
510	697	2
511	670	2
511	821	-2
511	856	-2
512	539	2
512	620	2
512	921	2
