1	1	1
2	2	-1
3	3	1
4	4	1
5	5	1
6	6	-1
7	7	1
8	8	1
9	9	-3
10	10	-1
11	11	3
12	12	1
13	13	1
14	14	-1
15	15	-1
16	16	-1
17	17	1
18	18	-1
19	19	-1
20	20	-1
21	21	-1
22	22	1
23	23	1
24	24	-3
25	25	-1
26	26	1
27	27	-1
28	28	3
29	29	-3
30	30	1
31	31	-1
32	32	-3
33	33	3
34	34	-1
35	35	-1
36	36	-1
37	37	1
38	38	1
39	39	-1
40	40	-1
41	41	3
42	42	-3
43	43	-1
44	44	1
45	45	1
46	46	-1
47	47	-1
48	48	-1
49	49	-1
50	50	-1
51	51	1
52	52	-1
53	53	-1
54	54	-1
55	55	1
56	56	3
57	57	-1
58	58	-1
59	59	-1
60	60	3
61	61	-3
62	62	1
63	63	3
64	64	1
65	65	-3
66	66	-3
67	67	3
68	68	-1
69	69	1
70	70	-3
71	71	1
72	72	1
73	73	-3
74	74	-1
75	75	1
76	76	-1
77	77	-1
78	78	1
79	79	-1
80	80	1
81	81	-1
82	82	3
83	83	3
84	84	-1
85	85	3
86	86	-3
87	87	-1
88	88	1
89	89	1
90	90	1
91	91	1
92	92	-3
93	93	-1
94	94	3
95	95	1
96	96	3
97	97	-3
98	98	3
99	99	3
100	100	3
101	101	-3
102	102	-1
103	103	-1
104	104	-1
105	105	-1
106	106	-1
107	107	1
108	108	-1
109	109	-1
110	110	3
111	111	-1
112	112	1
113	113	-1
114	114	-1
115	115	1
116	116	-1
117	117	1
118	118	-3
119	119	1
120	120	1
121	121	1
122	122	-1
123	123	-1
124	124	-1
125	125	1
126	126	1
127	127	1
128	128	-3
129	129	-1
130	130	3
131	131	-3
132	132	-1
133	133	-1
134	134	-3
135	135	-1
136	136	1
137	137	-3
138	138	-3
139	139	-1
140	140	1
141	141	-3
142	142	3
143	143	1
144	144	-1
145	145	1
146	146	-1
147	147	1
148	148	1
149	149	-1
150	150	1
151	151	1
152	152	-1
153	153	1
154	154	-1
155	155	-1
156	156	1
157	157	1
158	158	3
159	159	1
160	160	-3
161	161	1
162	162	1
163	163	1
164	164	-1
165	165	-1
166	166	1
167	167	1
168	168	1
169	169	1
170	170	-1
171	171	1
172	172	-1
173	173	3
174	174	3
175	175	-1
176	176	-1
177	177	-1
178	178	1
179	179	1
180	180	-1
181	181	1
182	182	-1
183	183	-1
184	184	1
185	185	-1
186	186	-1
187	187	3
188	188	-3
189	189	1
190	190	3
191	191	1
192	192	1
193	193	-1
194	194	3
195	195	-1
196	196	3
197	197	-3
198	198	3
199	199	-3
200	200	-1
201	201	1
202	202	-1
203	203	3
204	204	-1
205	205	-3
206	206	1
207	207	-1
208	208	1
209	209	1
210	210	1
211	211	1
212	212	-1
213	213	-1
214	214	-3
215	215	1
216	216	-1
217	217	2
218	218	-2
219	219	-2
220	220	-2
221	221	-2
222	222	2
223	223	2
224	224	2
225	225	2
226	226	-2
227	227	-2
228	228	2
229	229	-2
230	230	-2
231	231	2
232	232	-2
233	233	-2
234	234	2
235	235	2
236	236	-2
237	237	-2
238	238	-2
239	239	2
240	240	-2
241	241	2
242	242	2
243	243	-2
244	244	-2
245	245	2
246	246	-2
247	247	2
248	248	2
249	249	2
250	250	2
251	251	-2
252	252	2
253	253	-2
254	254	-2
255	255	-2
256	256	-2
257	257	2
258	258	2
259	259	2
260	260	-2
261	261	-2
262	262	2
263	263	2
264	264	2
265	265	-2
266	266	2
267	267	-2
268	268	2
269	269	-2
270	270	-2
271	271	-2
272	272	2
273	273	2
274	274	-2
275	275	-2
276	276	2
277	277	2
278	278	-2
279	279	2
280	280	-2
281	281	2
282	282	-2
283	283	2
284	284	2
285	285	-2
286	286	-2
287	287	2
288	288	-2
289	289	2
290	290	-2
291	291	2
292	292	-2
293	293	-2
294	294	-2
295	295	-2
296	296	-2
297	297	2
298	298	-2
299	299	-2
300	300	2
301	301	2
302	302	2
303	303	2
304	304	-2
305	305	2
306	306	2
307	307	2
308	308	2
309	309	-2
310	310	2
311	311	-2
312	312	-2
313	313	2
314	314	-2
315	315	2
316	316	2
317	317	-2
318	318	-2
319	319	-2
320	320	-2
321	321	-2
322	322	-2
323	323	-2
324	324	-2
325	325	2
326	326	-2
327	327	-2
328	328	2
329	329	2
330	330	2
331	331	2
332	332	-2
333	333	2
334	334	-2
335	335	-2
336	336	2
337	337	-2
338	338	2
339	339	2
340	340	2
341	341	2
342	342	2
343	343	2
344	344	-2
345	345	-2
346	346	-2
347	347	2
348	348	-2
349	349	-2
350	350	2
351	351	-2
352	352	2
353	353	-2
354	354	2
355	355	-2
356	356	-2
357	357	2
358	358	2
359	359	-2
360	360	-2
361	361	-2
362	362	-2
363	363	2
364	364	2
365	365	-2
366	366	2
367	367	2
368	368	2
369	369	2
370	370	2
371	371	2
372	372	2
373	373	2
374	374	2
375	375	2
376	376	2
377	377	-2
378	378	2
379	379	2
380	380	-2
381	381	2
382	382	2
383	383	-2
384	384	2
385	385	-2
386	386	-2
387	387	2
388	388	-2
389	389	-2
390	390	-2
391	391	-2
392	392	-2
393	393	-2
394	394	-2
395	395	2
396	396	-2
397	397	2
398	398	2
399	399	2
400	400	2
401	401	2
402	402	2
403	403	-2
404	404	2
405	405	2
406	406	2
407	407	-2
408	408	2
409	409	2
410	410	-2
411	411	-2
412	412	2
413	413	-2
414	414	2
415	415	2
416	416	2
417	417	-2
418	418	-2
419	419	2
420	420	-2
421	421	-2
422	422	-2
423	423	2
424	424	2
425	425	-2
426	426	-2
427	427	2
428	428	-2
429	429	2
430	430	-2
431	431	2
432	432	-2
1	4	1
1	150	1
1	167	1
1	189	1
1	200	1
1	203	1
1	285	2
1	309	-2
1	415	2
2	18	1
2	36	1
2	41	1
2	66	1
2	133	1
2	202	1
2	261	2
2	366	2
2	420	2
3	35	1
3	51	1
3	74	1
3	78	1
3	153	1
3	200	1
3	231	2
3	302	2
3	335	2
4	30	1
4	32	1
4	101	1
4	190	1
4	200	1
4	239	-2
4	309	-2
4	369	2
5	26	1
5	34	1
5	58	1
5	89	1
5	133	1
5	209	1
5	313	2
5	357	2
5	390	2
6	77	1
6	80	1
6	95	1
6	119	1
6	140	1
6	199	1
6	263	-2
6	286	2
6	293	-2
7	17	1
7	69	1
7	102	1
7	117	1
7	167	1
7	169	1
7	251	-2
7	370	2
7	408	-2
8	11	1
8	57	1
8	63	1
8	105	1
8	180	1
8	191	1
8	217	-2
8	310	2
8	354	2
9	44	1
9	87	1
9	105	1
9	111	1
9	134	1
9	137	1
9	228	-2
9	341	-2
9	365	2
10	69	1
10	70	1
10	106	1
10	120	1
10	149	1
10	175	1
10	240	-2
10	306	-2
10	425	2
11	67	1
11	105	1
11	150	1
11	172	1
11	173	1
11	224	2
11	288	-2
11	310	2
12	14	1
12	47	1
12	85	1
12	112	1
12	151	1
12	158	1
12	287	-2
12	391	-2
12	398	2
13	25	1
13	28	1
13	78	1
13	92	1
13	121	1
13	170	1
13	222	-2
13	235	2
13	386	-2
14	32	1
14	47	1
14	70	1
14	87	1
14	90	1
14	287	-2
14	331	-2
14	431	2
15	34	1
15	50	1
15	72	1
15	184	1
15	197	1
15	211	1
15	343	-2
15	351	-2
15	384	-2
16	29	1
16	34	1
16	100	1
16	188	1
16	202	1
16	216	1
16	268	-2
16	276	2
16	325	-2
17	19	1
17	102	1
17	122	1
17	174	1
17	199	1
17	273	-2
17	370	2
17	389	-2
18	23	1
18	41	1
18	129	1
18	137	1
18	160	1
18	363	-2
18	366	2
18	396	2
19	24	1
19	102	1
19	177	1
19	199	1
19	212	1
19	264	-2
19	273	-2
19	327	-2
20	25	1
20	64	1
20	66	1
20	144	1
20	146	1
20	182	1
20	338	-2
20	348	2
20	358	2
21	45	1
21	76	1
21	131	1
21	151	1
21	152	1
21	154	1
21	250	-2
21	289	2
21	392	2
22	84	1
22	89	1
22	136	1
22	145	1
22	148	1
22	179	1
22	372	2
22	409	-2
22	423	2
23	37	1
23	119	1
23	120	1
23	129	1
23	204	1
23	347	2
23	394	-2
23	396	2
24	40	1
24	102	1
24	133	1
24	155	1
24	197	1
24	264	-2
24	277	-2
24	388	2
25	64	1
25	86	1
25	92	1
25	186	1
25	222	-2
25	233	2
25	358	2
26	42	1
26	54	1
26	58	1
26	145	1
26	178	1
26	311	-2
26	357	2
26	405	-2
27	62	1
27	140	1
27	169	1
27	180	1
27	193	1
27	200	1
27	246	2
27	255	2
27	320	-2
28	90	1
28	121	1
28	124	1
28	142	1
28	166	1
28	226	-2
28	275	-2
28	386	-2
29	64	1
29	131	1
29	147	1
29	165	1
29	188	1
29	323	2
29	325	-2
29	380	2
30	78	1
30	98	1
30	128	1
30	190	1
30	207	1
30	284	2
30	369	2
30	428	2
31	48	1
31	59	1
31	89	1
31	135	1
31	182	1
31	205	1
31	230	2
31	308	-2
31	421	-2
32	70	1
32	75	1
32	101	1
32	166	1
32	239	-2
32	331	-2
32	336	-2
33	38	1
33	62	1
33	75	1
33	85	1
33	100	1
33	207	1
33	265	-2
33	297	2
33	346	-2
34	72	1
34	89	1
34	100	1
34	276	2
34	343	-2
34	390	2
35	39	1
35	86	1
35	153	1
35	168	1
35	171	1
35	301	-2
35	302	2
35	402	-2
36	48	1
36	66	1
36	68	1
36	132	1
36	147	1
36	342	-2
36	412	2
36	420	2
37	55	1
37	103	1
37	120	1
37	212	1
37	215	1
37	278	2
37	329	2
37	347	2
38	75	1
38	82	1
38	112	1
38	177	1
38	195	1
38	241	2
38	315	-2
38	346	-2
39	70	1
39	99	1
39	171	1
39	179	1
39	191	1
39	274	-2
39	312	2
39	402	-2
40	42	1
40	52	1
40	61	1
40	71	1
40	133	1
40	218	2
40	248	2
40	277	-2
41	130	1
41	144	1
41	181	1
41	183	1
41	223	2
41	366	2
41	426	-2
42	53	1
42	54	1
42	61	1
42	81	1
42	218	2
42	300	-2
42	405	-2
43	47	1
43	116	1
43	164	1
43	175	1
43	185	1
43	205	1
43	219	2
43	271	2
43	344	-2
44	56	1
44	91	1
44	104	1
44	105	1
44	157	1
44	269	-2
44	341	-2
44	411	-2
45	52	1
45	151	1
45	169	1
45	194	1
45	211	1
45	289	2
45	401	2
45	403	2
46	50	1
46	77	1
46	138	1
46	154	1
46	171	1
46	206	1
46	282	-2
46	299	2
46	328	-2
47	103	1
47	114	1
47	175	1
47	287	-2
47	344	-2
47	417	2
48	68	2
48	164	1
48	205	1
48	308	-2
48	342	-2
48	422	-2
49	73	1
49	97	1
49	99	1
49	123	1
49	162	1
49	190	1
49	360	2
49	376	2
49	416	-2
50	60	1
50	115	1
50	138	1
50	197	1
50	328	-2
50	384	-2
50	427	2
51	74	1
51	136	1
51	164	1
51	176	1
51	213	1
51	231	2
51	266	2
51	364	-2
52	71	1
52	76	1
52	197	1
52	211	1
52	248	2
52	333	-2
52	403	2
53	55	1
53	81	1
53	159	1
53	192	1
53	201	1
53	283	-2
53	300	-2
53	373	2
54	75	1
54	88	1
54	123	1
54	142	1
54	295	-2
54	324	2
54	405	-2
55	98	1
55	110	1
55	192	1
55	215	1
55	283	-2
55	329	2
55	352	2
56	63	1
56	77	1
56	157	1
56	187	1
56	209	1
56	337	-2
56	367	2
56	411	-2
57	71	1
57	72	1
57	113	1
57	156	1
57	180	1
57	217	-2
57	243	2
57	353	-2
58	92	1
58	159	1
58	204	1
58	205	1
58	350	-2
58	357	2
58	418	2
59	108	1
59	118	1
59	135	1
59	163	1
59	208	1
59	230	2
59	296	-2
59	359	2
60	69	1
60	115	1
60	156	1
60	166	1
60	178	1
60	321	-2
60	393	-2
60	427	2
61	87	1
61	92	1
61	124	1
61	208	1
61	218	2
61	307	-2
61	322	2
62	85	1
62	181	1
62	192	1
62	200	1
62	253	-2
62	255	2
62	265	-2
63	64	1
63	108	1
63	187	1
63	191	1
63	238	-2
63	354	2
63	367	2
64	108	1
64	165	1
64	238	-2
64	323	2
64	358	2
65	91	1
65	111	1
65	122	1
65	148	1
65	176	1
65	184	1
65	225	-2
65	256	2
65	280	2
66	144	1
66	155	1
66	204	1
66	330	-2
66	338	-2
66	420	2
67	80	1
67	95	1
67	152	1
67	171	1
67	172	1
67	288	-2
67	361	-2
67	407	-2
68	153	1
68	164	1
68	188	1
68	317	2
68	342	-2
68	422	-2
69	117	1
69	166	1
69	175	1
69	251	-2
69	321	-2
69	425	2
70	149	1
70	191	1
70	306	-2
70	312	2
70	331	-2
71	113	1
71	126	1
71	194	1
71	243	2
71	248	2
71	379	2
72	88	1
72	156	1
72	196	1
72	343	-2
72	353	-2
72	429	2
73	93	1
73	123	1
73	141	1
73	143	1
73	172	1
73	340	-2
73	410	2
73	416	-2
74	97	1
74	172	1
74	183	1
74	186	1
74	231	2
74	290	2
74	432	2
75	142	1
75	166	1
75	295	-2
75	336	-2
75	346	-2
76	154	1
76	161	1
76	194	1
76	197	1
76	250	-2
76	304	-2
76	333	-2
77	140	1
77	154	1
77	209	1
77	263	-2
77	299	2
77	337	-2
78	98	1
78	170	1
78	200	1
78	235	2
78	284	2
78	335	2
79	82	1
79	104	1
79	107	1
79	145	1
79	165	1
79	168	1
79	227	2
79	270	2
79	400	2
80	129	1
80	171	1
80	192	1
80	199	1
80	286	2
80	361	-2
80	383	-2
81	94	1
81	128	1
81	134	1
81	206	1
81	300	-2
81	382	-2
81	430	-2
82	142	1
82	168	1
82	195	1
82	215	1
82	241	2
82	258	2
82	400	2
83	121	1
83	126	1
83	158	1
83	167	1
83	174	1
83	186	1
83	292	-2
83	319	-2
83	356	-2
84	89	1
84	109	1
84	128	1
84	170	1
84	182	1
84	234	-2
84	254	2
84	372	2
85	99	1
85	149	1
85	151	1
85	265	-2
85	371	2
85	391	-2
86	90	1
86	168	1
86	186	1
86	216	1
86	233	2
86	301	-2
86	385	2
87	90	1
87	111	1
87	124	1
87	228	-2
87	322	2
87	431	2
88	123	1
88	158	1
88	196	1
88	198	1
88	221	-2
88	324	2
88	429	2
89	182	1
89	372	2
89	390	2
89	421	-2
90	124	1
90	216	1
90	226	-2
90	385	2
90	431	2
91	96	1
91	104	1
91	153	1
91	184	1
91	269	-2
91	280	2
91	303	2
92	205	1
92	208	1
92	222	-2
92	307	-2
92	418	2
93	114	1
93	137	1
93	139	1
93	141	1
93	210	1
93	381	-2
93	397	2
93	410	2
94	130	1
94	143	1
94	174	1
94	206	1
94	208	1
94	377	-2
94	406	2
94	430	-2
95	119	1
95	127	1
95	152	1
95	188	1
95	267	2
95	293	-2
95	407	-2
96	153	1
96	154	1
96	159	1
96	161	1
96	168	1
96	303	2
96	345	-2
96	368	2
97	119	1
97	129	1
97	162	1
97	183	1
97	290	2
97	360	2
97	395	-2
98	110	1
98	143	1
98	146	1
98	284	2
98	352	2
98	419	2
99	149	1
99	179	1
99	190	1
99	274	-2
99	371	2
99	376	2
100	117	1
100	193	1
100	207	1
100	276	2
100	297	2
100	318	-2
101	122	1
101	132	1
101	156	1
101	170	1
101	239	-2
101	247	-2
101	294	2
102	113	1
102	126	1
102	245	-2
102	264	-2
102	370	2
103	114	1
103	191	1
103	203	1
103	212	1
103	278	2
103	387	2
103	417	2
104	152	1
104	165	1
104	209	1
104	227	2
104	269	-2
104	355	2
105	177	1
105	178	1
105	310	2
105	341	-2
105	404	-2
106	118	1
106	120	1
106	157	1
106	199	1
106	210	1
106	240	-2
106	252	-2
106	399	-2
107	130	1
107	145	1
107	150	1
107	189	1
107	213	1
107	270	2
107	291	2
107	339	2
108	118	1
108	139	1
108	144	1
108	238	-2
108	298	2
108	359	2
109	120	1
109	147	1
109	161	1
109	170	1
109	196	1
109	237	-2
109	254	2
109	305	-2
110	123	1
110	148	1
110	187	1
110	189	1
110	279	2
110	334	-2
110	352	2
111	122	1
111	165	1
111	173	1
111	228	-2
111	256	2
111	326	-2
112	157	1
112	158	1
112	162	1
112	177	1
112	315	-2
112	378	2
112	398	2
113	126	1
113	180	1
113	216	1
113	243	2
113	245	-2
113	259	2
114	163	1
114	195	1
114	210	1
114	374	-2
114	397	2
114	417	2
115	118	1
115	127	1
115	195	1
115	196	1
115	375	-2
115	414	2
115	427	2
116	131	1
116	136	1
116	185	1
116	203	1
116	214	1
116	219	2
116	249	2
116	362	2
117	134	1
117	183	1
117	193	1
117	251	-2
117	314	2
117	318	-2
118	195	1
118	199	1
118	359	2
118	375	-2
118	399	-2
119	129	1
119	204	1
119	293	-2
119	394	-2
119	395	-2
120	161	1
120	240	-2
120	305	-2
120	347	2
121	160	1
121	186	1
121	206	1
121	319	-2
121	349	2
121	386	-2
122	156	1
122	174	1
122	247	-2
122	256	2
122	389	-2
123	189	1
123	279	2
123	324	2
123	416	-2
124	132	1
124	141	1
124	226	-2
124	242	-2
124	322	2
125	127	1
125	155	1
125	179	1
125	185	1
125	190	1
125	207	1
125	220	-2
125	260	2
125	332	-2
126	174	1
126	194	1
126	245	-2
126	356	-2
126	379	2
127	155	1
127	188	1
127	196	1
127	267	2
127	332	-2
127	414	2
128	134	1
128	182	1
128	207	1
128	234	-2
128	382	-2
128	428	2
129	192	1
129	383	-2
129	395	-2
129	396	2
130	150	1
130	174	1
130	181	1
130	223	2
130	339	2
130	377	-2
131	147	1
131	152	1
131	214	1
131	362	2
131	380	2
131	392	2
132	141	1
132	147	1
132	170	1
132	242	-2
132	294	2
132	412	2
133	202	1
133	209	1
133	261	2
133	277	-2
133	313	2
134	137	1
134	183	1
134	314	2
134	365	2
134	382	-2
135	163	1
135	198	1
135	212	1
135	215	1
135	230	2
135	236	2
135	424	2
136	176	1
136	179	1
136	203	1
136	249	2
136	266	2
136	409	-2
137	139	1
137	160	1
137	363	-2
137	365	2
137	381	-2
138	141	1
138	146	1
138	175	1
138	214	1
138	257	-2
138	316	-2
138	328	-2
139	144	1
139	184	1
139	210	1
139	298	2
139	381	-2
139	413	-2
140	169	1
140	202	1
140	211	1
140	229	-2
140	263	-2
140	320	-2
141	214	1
141	242	-2
141	316	-2
141	410	2
142	166	1
142	215	1
142	258	2
142	275	-2
142	295	-2
143	146	1
143	172	1
143	208	1
143	340	-2
143	406	2
143	419	2
144	183	1
144	298	2
144	338	-2
144	426	-2
145	148	1
145	178	1
145	270	2
145	311	-2
145	423	2
146	175	1
146	182	1
146	257	-2
146	348	2
146	419	2
147	196	1
147	237	-2
147	380	2
147	412	2
148	176	1
148	187	1
148	225	-2
148	334	-2
148	423	2
149	193	1
149	214	1
149	262	-2
149	306	-2
149	371	2
150	173	1
150	189	1
150	224	2
150	285	2
150	339	2
151	176	1
151	201	1
151	244	2
151	289	2
151	391	-2
152	209	1
152	355	2
152	392	2
152	407	-2
153	188	1
153	302	2
153	303	2
153	317	2
154	159	1
154	250	-2
154	299	2
154	368	2
155	197	1
155	204	1
155	330	-2
155	332	-2
155	388	2
156	178	1
156	247	-2
156	353	-2
156	393	-2
157	162	1
157	210	1
157	252	-2
157	378	2
157	411	-2
158	167	1
158	198	1
158	221	-2
158	292	-2
158	398	2
159	201	1
159	204	1
159	350	-2
159	368	2
159	373	2
160	181	1
160	206	1
160	213	1
160	281	-2
160	349	2
160	363	-2
161	168	1
161	194	1
161	304	-2
161	305	-2
161	345	-2
162	173	1
162	185	1
162	272	2
162	360	2
162	378	2
163	195	1
163	198	1
163	208	1
163	296	-2
163	374	-2
163	424	2
164	205	1
164	213	1
164	271	2
164	364	-2
164	422	-2
165	173	1
165	227	2
165	323	2
165	326	-2
166	275	-2
166	321	-2
166	336	-2
167	169	1
167	203	1
167	292	-2
167	408	-2
167	415	2
168	301	-2
168	345	-2
168	400	2
169	194	1
169	320	-2
169	401	2
169	408	-2
170	235	2
170	254	2
170	294	2
171	206	1
171	282	-2
171	361	-2
171	402	-2
172	186	1
172	288	-2
172	340	-2
172	432	2
173	185	1
173	224	2
173	272	2
173	326	-2
174	356	-2
174	377	-2
174	389	-2
175	257	-2
175	344	-2
175	425	2
176	201	1
176	225	-2
176	244	2
176	266	2
177	178	1
177	212	1
177	315	-2
177	327	-2
177	404	-2
178	311	-2
178	393	-2
178	404	-2
179	190	1
179	220	-2
179	274	-2
179	409	-2
180	193	1
180	216	1
180	217	-2
180	246	2
180	259	2
181	192	1
181	213	1
181	223	2
181	253	-2
181	281	-2
182	234	-2
182	348	2
182	421	-2
183	290	2
183	314	2
183	426	-2
184	210	1
184	211	1
184	280	2
184	351	-2
184	413	-2
185	207	1
185	219	2
185	260	2
185	272	2
186	233	2
186	319	-2
186	432	2
187	198	1
187	201	1
187	232	-2
187	334	-2
187	367	2
188	267	2
188	317	2
188	325	-2
189	213	1
189	279	2
189	285	2
189	291	2
190	220	-2
190	369	2
190	376	2
191	203	1
191	312	2
191	354	2
191	387	2
192	253	-2
192	283	-2
192	383	-2
193	214	1
193	246	2
193	262	-2
193	318	-2
194	304	-2
194	379	2
194	401	2
195	241	2
195	374	-2
195	375	-2
196	237	-2
196	414	2
196	429	2
197	333	-2
197	384	-2
197	388	2
198	201	1
198	221	-2
198	232	-2
198	424	2
199	273	-2
199	286	2
199	399	-2
200	255	2
200	309	-2
200	335	2
201	232	-2
201	244	2
201	373	2
202	211	1
202	216	1
202	229	-2
202	261	2
202	268	-2
203	249	2
203	387	2
203	415	2
204	330	-2
204	350	-2
204	394	-2
205	271	2
205	308	-2
205	418	2
206	282	-2
206	349	2
206	430	-2
207	260	2
207	297	2
207	428	2
208	296	-2
208	307	-2
208	406	2
209	313	2
209	337	-2
209	355	2
210	252	-2
210	397	2
210	413	-2
211	229	-2
211	351	-2
211	403	2
212	215	1
212	236	2
212	278	2
212	327	-2
213	281	-2
213	291	2
213	364	-2
214	262	-2
214	316	-2
214	362	2
215	236	2
215	258	2
215	329	2
216	259	2
216	268	-2
216	385	2
