1	1	-1
2	2	-3
3	3	1
4	4	1
5	5	-1
6	6	1
7	7	-1
8	8	3
9	9	1
10	10	-3
11	11	-1
12	12	-1
13	13	1
14	14	3
15	15	-1
16	16	1
17	17	-1
18	18	1
19	19	-1
20	20	-1
21	21	-1
22	22	1
23	23	-1
24	24	-1
25	25	-1
26	26	1
27	27	-1
28	28	1
29	29	-1
30	30	1
31	31	1
32	32	-1
33	33	1
34	34	3
35	35	1
36	36	3
37	37	-3
38	38	-3
39	39	1
40	40	-1
41	41	-1
42	42	1
43	43	-3
44	44	3
45	45	-1
46	46	-3
47	47	-1
48	48	-1
49	49	1
50	50	1
51	51	-3
52	52	-1
53	53	1
54	54	-1
55	55	1
56	56	1
57	57	-1
58	58	-1
59	59	-1
60	60	3
61	61	-1
62	62	-1
63	63	3
64	64	1
65	65	1
66	66	1
67	67	-3
68	68	1
69	69	3
70	70	1
71	71	-1
72	72	-1
73	73	1
74	74	3
75	75	-3
76	76	1
77	77	-3
78	78	1
79	79	3
80	80	3
81	81	1
82	82	1
83	83	1
84	84	-1
85	85	-1
86	86	3
87	87	1
88	88	1
89	89	1
90	90	-1
91	91	-1
92	92	-1
93	93	-1
94	94	1
95	95	-1
96	96	-1
97	97	-1
98	98	-1
99	99	1
100	100	-1
101	101	-3
102	102	1
103	103	1
104	104	3
105	105	1
106	106	3
107	107	3
108	108	-3
109	109	1
110	110	1
111	111	-1
112	112	1
113	113	-3
114	114	-1
115	115	-1
116	116	-3
117	117	1
118	118	1
119	119	-3
120	120	-3
121	121	-1
122	122	1
123	123	3
124	124	-1
125	125	1
126	126	1
127	127	1
128	128	-1
129	129	1
130	130	-1
131	131	-1
132	132	-1
133	133	1
134	134	-3
135	135	1
136	136	1
137	137	-1
138	138	-1
139	139	-1
140	140	1
141	141	1
142	142	1
143	143	-3
144	144	3
145	145	-1
146	146	3
147	147	-3
148	148	3
149	149	1
150	150	-1
151	151	-1
152	152	-1
153	153	-1
154	154	-3
155	155	1
156	156	1
157	157	-3
158	158	-1
159	159	1
160	160	-1
161	161	3
162	162	1
163	163	1
164	164	1
165	165	3
166	166	-1
167	167	1
168	168	-1
169	169	1
170	170	-1
171	171	1
172	172	1
173	173	-3
174	174	-3
175	175	-3
176	176	-1
177	177	-3
178	178	3
179	179	1
180	180	-1
181	181	-1
182	182	1
183	183	1
184	184	-1
185	185	3
186	186	-1
187	187	-1
188	188	1
189	189	1
190	190	-1
191	191	-1
192	192	1
193	193	1
194	194	1
195	195	3
196	196	-1
197	197	-1
198	198	-3
199	199	-1
200	200	1
201	201	-1
202	202	3
203	203	3
204	204	-1
205	205	-1
206	206	-3
207	207	-1
208	208	-1
209	209	1
210	210	-1
211	211	3
212	212	-1
213	213	1
214	214	1
215	215	3
216	216	1
217	217	-1
218	218	-3
219	219	-1
220	220	-1
221	221	-3
222	222	3
223	223	-1
224	224	-1
225	225	1
226	226	1
227	227	1
228	228	-1
229	229	1
230	230	-1
231	231	-1
232	232	1
233	233	-1
234	234	-1
235	235	1
236	236	1
237	237	1
238	238	-1
239	239	1
240	240	-1
241	241	-3
242	242	1
243	243	-1
244	244	-3
245	245	3
246	246	-1
247	247	1
248	248	-3
249	249	3
250	250	-1
251	251	3
252	252	1
253	253	3
254	254	1
255	255	-1
256	256	3
257	257	3
258	258	-1
259	259	-1
260	260	3
261	261	-3
262	262	-1
263	263	1
264	264	-1
265	265	3
266	266	1
267	267	-1
268	268	1
269	269	-1
270	270	1
271	271	-1
272	272	1
273	273	-1
274	274	-1
275	275	-1
276	276	1
277	277	1
278	278	1
279	279	1
280	280	-1
281	281	-1
282	282	3
283	283	-1
284	284	1
285	285	1
286	286	-3
287	287	-1
288	288	-1
289	289	-1
290	290	1
291	291	1
292	292	1
293	293	1
294	294	-1
295	295	1
296	296	-3
297	297	-1
298	298	1
299	299	-1
300	300	-1
301	301	-1
302	302	-3
303	303	-3
304	304	-1
305	305	3
306	306	-1
307	307	-1
308	308	1
309	309	1
310	310	1
311	311	-1
312	312	-1
313	313	-1
314	314	-1
315	315	1
316	316	1
317	317	-1
318	318	1
319	319	-1
320	320	3
321	321	1
322	322	-1
323	323	1
324	324	3
325	325	-1
326	326	-1
327	327	1
328	328	1
329	329	1
330	330	-3
331	331	-1
332	332	1
333	333	-3
334	334	1
335	335	-1
336	336	-1
337	337	-1
338	338	1
339	339	-3
340	340	1
341	341	-3
342	342	-1
343	343	1
344	344	1
345	345	3
346	346	1
347	347	1
348	348	-1
349	349	1
350	350	-1
351	351	1
352	352	-1
353	353	3
354	354	1
355	355	-1
356	356	3
357	357	-3
358	358	-3
359	359	1
360	360	1
361	361	3
362	362	-1
363	363	1
364	364	-1
365	365	1
366	366	-1
367	367	3
368	368	1
369	369	3
370	370	3
371	371	1
372	372	1
373	373	1
374	374	-1
375	375	-1
376	376	1
377	377	-1
378	378	-1
379	379	-3
380	380	-3
381	381	-1
382	382	1
383	383	-1
384	384	1
385	385	-1
386	386	-3
387	387	-1
388	388	3
389	389	1
390	390	-1
391	391	1
392	392	-1
393	393	-1
394	394	-1
395	395	1
396	396	3
397	397	3
398	398	-1
399	399	1
400	400	-3
401	401	-1
402	402	1
403	403	-3
404	404	-3
405	405	1
406	406	1
407	407	-1
408	408	-3
409	409	-1
410	410	-1
411	411	-3
412	412	-1
413	413	-1
414	414	3
415	415	-3
416	416	-1
417	417	1
418	418	-1
419	419	-1
420	420	-1
421	421	-1
422	422	3
423	423	1
424	424	-1
425	425	1
426	426	1
427	427	-1
428	428	-3
429	429	-1
430	430	3
431	431	1
432	432	1
433	433	-3
434	434	-3
435	435	-1
436	436	-3
437	437	1
438	438	3
439	439	1
440	440	1
441	441	-1
442	442	1
443	443	-3
444	444	3
445	445	1
446	446	-1
447	447	-1
448	448	-1
449	449	1
450	450	-3
451	451	-1
452	452	1
453	453	-1
454	454	3
455	455	-1
456	456	-1
457	457	-1
458	458	1
459	459	1
460	460	-3
461	461	-1
462	462	-1
463	463	-3
464	464	-1
465	465	-1
466	466	-1
467	467	-1
468	468	-3
469	469	-1
470	470	-3
471	471	3
472	472	1
473	473	1
474	474	-1
475	475	-3
476	476	3
477	477	-1
478	478	1
479	479	1
480	480	1
481	481	-1
482	482	-1
483	483	-1
484	484	-3
485	485	1
486	486	1
487	487	1
488	488	1
489	489	3
490	490	-1
491	491	-3
492	492	1
493	493	1
494	494	1
495	495	-3
496	496	-3
497	497	-3
498	498	1
499	499	1
500	500	-1
501	501	1
502	502	3
503	503	-1
504	504	1
505	505	3
506	506	-1
507	507	3
508	508	1
509	509	-1
510	510	-3
511	511	1
512	512	-1
513	513	-1
514	514	-1
515	515	-1
516	516	3
517	517	3
518	518	3
519	519	-1
520	520	-1
521	521	-1
522	522	1
523	523	-3
524	524	-1
525	525	-1
526	526	-1
527	527	1
528	528	-1
529	529	-1
530	530	1
531	531	-1
532	532	-1
533	533	-1
534	534	3
535	535	1
536	536	-1
537	537	1
538	538	-1
539	539	1
540	540	-1
541	541	-3
542	542	-3
543	543	1
544	544	-1
545	545	-1
546	546	1
547	547	-1
548	548	1
549	549	3
550	550	3
551	551	1
552	552	-1
553	553	3
554	554	-3
555	555	1
556	556	-3
557	557	1
558	558	3
559	559	-1
560	560	1
561	561	1
562	562	1
563	563	-1
564	564	-3
565	565	3
566	566	3
567	567	1
568	568	-1
569	569	3
570	570	-1
571	571	-1
572	572	1
573	573	1
574	574	-1
575	575	1
576	576	-1
577	577	1
578	578	3
579	579	-1
580	580	1
581	581	-1
582	582	-1
583	583	-1
584	584	-1
585	585	-3
586	586	1
587	587	3
588	588	-1
589	589	-1
590	590	-3
591	591	-1
592	592	-1
593	593	3
594	594	-1
595	595	-1
596	596	1
597	597	-1
598	598	-3
599	599	-1
600	600	-1
601	601	1
602	602	-3
603	603	1
604	604	3
605	605	3
606	606	-1
607	607	-3
608	608	1
609	609	-3
610	610	1
611	611	1
612	612	-1
613	613	-1
614	614	1
615	615	-1
616	616	-1
617	617	-1
618	618	-3
619	619	-3
620	620	1
621	621	3
622	622	-1
623	623	-1
624	624	-1
625	625	3
626	626	1
627	627	3
628	628	1
629	629	1
630	630	3
631	631	3
632	632	-3
633	633	1
634	634	1
635	635	-1
636	636	1
637	637	-1
638	638	-1
639	639	-1
640	640	1
641	641	-1
642	642	-3
643	643	1
644	644	1
645	645	3
646	646	1
647	647	-1
648	648	-1
649	649	1
650	650	1
651	651	-1
652	652	-1
653	653	-1
654	654	-1
655	655	1
656	656	1
657	657	-1
658	658	1
659	659	1
660	660	3
661	661	1
662	662	-1
663	663	3
664	664	-3
665	665	1
666	666	1
667	667	1
668	668	3
669	669	1
670	670	1
671	671	-1
672	672	1
673	673	-1
674	674	-1
675	675	-1
676	676	1
677	677	1
678	678	1
679	679	-1
680	680	1
681	681	1
682	682	-1
683	683	1
684	684	-1
685	685	1
686	686	3
687	687	1
688	688	1
689	689	-3
690	690	1
691	691	3
692	692	3
693	693	-1
694	694	-1
695	695	1
696	696	-1
697	697	1
698	698	-1
699	699	-3
700	700	3
701	701	-1
702	702	-3
703	703	1
704	704	-1
705	705	-1
706	706	1
707	707	1
708	708	-1
709	709	-3
710	710	-1
711	711	1
712	712	-1
713	713	-1
714	714	-1
715	715	1
716	716	-1
717	717	3
718	718	-1
719	719	-1
720	720	1
721	721	1
722	722	-1
723	723	3
724	724	-1
725	725	-1
726	726	1
727	727	3
728	728	3
729	729	-1
730	730	-1
731	731	-1
732	732	-1
733	733	1
734	734	-1
735	735	-1
736	736	1
737	737	-1
738	738	1
739	739	3
740	740	1
741	741	-1
742	742	-3
743	743	1
744	744	-1
745	745	-1
746	746	1
747	747	-3
748	748	1
749	749	-1
750	750	1
751	751	1
752	752	1
753	753	-1
754	754	1
755	755	3
756	756	-1
757	757	-1
758	758	1
759	759	1
760	760	1
761	761	1
762	762	3
763	763	-1
764	764	1
765	765	-1
766	766	3
767	767	1
768	768	1
769	769	-1
770	770	3
771	771	-1
772	772	3
773	773	1
774	774	1
775	775	-1
776	776	1
777	777	3
778	778	1
779	779	-1
780	780	1
781	781	1
782	782	-3
783	783	-1
784	784	1
785	785	-1
786	786	-1
787	787	1
788	788	1
789	789	1
790	790	-3
791	791	-3
792	792	1
793	793	3
794	794	-3
795	795	3
796	796	1
797	797	1
798	798	-3
799	799	1
800	800	1
801	801	-1
802	802	-1
803	803	1
804	804	1
805	805	-3
806	806	-1
807	807	1
808	808	-1
809	809	1
810	810	-1
811	811	1
812	812	-1
813	813	3
814	814	3
815	815	-3
816	816	1
817	817	-1
818	818	1
819	819	-3
820	820	-3
821	821	-1
822	822	1
823	823	-1
824	824	1
825	825	1
826	826	-1
827	827	1
828	828	-1
829	829	-1
830	830	-1
831	831	1
832	832	-1
833	833	-3
834	834	-1
835	835	1
836	836	-1
837	837	-1
838	838	1
839	839	-1
840	840	-3
841	841	1
842	842	3
843	843	-3
844	844	-1
845	845	1
846	846	1
847	847	1
848	848	-1
849	849	-1
850	850	-1
851	851	1
852	852	1
853	853	1
854	854	3
855	855	1
856	856	-1
857	857	1
858	858	-1
859	859	3
860	860	-1
861	861	-1
862	862	-1
863	863	-1
864	864	1
865	865	3
866	866	-1
867	867	1
868	868	3
869	869	1
870	870	-1
871	871	1
872	872	1
873	873	1
874	874	3
875	875	-1
876	876	1
877	877	3
878	878	-1
879	879	3
880	880	1
881	881	1
882	882	1
883	883	1
884	884	1
885	885	-3
886	886	1
887	887	-1
888	888	-1
889	889	-3
890	890	1
891	891	1
892	892	1
893	893	1
894	894	3
895	895	-1
896	896	1
897	897	3
898	898	1
899	899	-3
900	900	-1
901	901	-1
902	902	3
903	903	3
904	904	1
905	905	-1
906	906	-1
907	907	1
908	908	1
909	909	3
910	910	3
911	911	1
912	912	-1
913	913	-1
914	914	1
915	915	-3
916	916	-1
917	917	-1
918	918	1
919	919	-1
920	920	-1
921	921	3
922	922	-1
923	923	-1
924	924	-1
925	925	-3
926	926	1
927	927	3
928	928	-1
929	929	-1
930	930	-1
931	931	1
932	932	1
933	933	-1
934	934	1
935	935	-1
936	936	-3
937	937	-1
938	938	-1
939	939	1
940	940	-1
941	941	-3
942	942	-1
943	943	1
944	944	1
945	945	-3
946	946	1
947	947	-3
948	948	1
949	949	1
950	950	1
951	951	1
952	952	-1
953	953	3
954	954	1
955	955	-1
956	956	1
957	957	-1
958	958	1
959	959	-1
960	960	1
961	961	1
962	962	3
963	963	-3
964	964	3
965	965	1
966	966	-3
967	967	1
968	968	-1
969	969	-1
970	970	-3
971	971	1
972	972	-1
973	973	3
974	974	1
975	975	-1
976	976	1
977	977	1
978	978	1
979	979	1
980	980	1
981	981	-3
982	982	-3
983	983	1
984	984	3
985	985	-1
986	986	1
987	987	1
988	988	-3
989	989	-1
990	990	3
991	991	1
992	992	1
993	993	-1
994	994	-1
995	995	1
996	996	1
997	997	1
998	998	1
999	999	-1
1000	1000	1
1001	1001	-1
1002	1002	-3
1003	1003	1
1004	1004	1
1005	1005	-3
1006	1006	-3
1007	1007	1
1008	1008	-1
1009	1009	1
1010	1010	-3
1011	1011	1
1012	1012	-1
1013	1013	3
1014	1014	1
1015	1015	1
1016	1016	1
1017	1017	1
1018	1018	1
1019	1019	-1
1020	1020	-1
1021	1021	-1
1022	1022	-3
1023	1023	1
1024	1024	1
1025	1025	2
1026	1026	2
1027	1027	2
1028	1028	2
1029	1029	2
1030	1030	-2
1031	1031	-2
1032	1032	-2
1033	1033	2
1034	1034	-2
1035	1035	-2
1036	1036	2
1037	1037	2
1038	1038	-2
1039	1039	-2
1040	1040	2
1041	1041	2
1042	1042	2
1043	1043	-2
1044	1044	-2
1045	1045	-2
1046	1046	-2
1047	1047	2
1048	1048	-2
1049	1049	2
1050	1050	-2
1051	1051	2
1052	1052	2
1053	1053	2
1054	1054	2
1055	1055	-2
1056	1056	2
1057	1057	2
1058	1058	2
1059	1059	-2
1060	1060	-2
1061	1061	-2
1062	1062	-2
1063	1063	2
1064	1064	-2
1065	1065	2
1066	1066	2
1067	1067	2
1068	1068	-2
1069	1069	-2
1070	1070	2
1071	1071	2
1072	1072	2
1073	1073	-2
1074	1074	-2
1075	1075	-2
1076	1076	-2
1077	1077	-2
1078	1078	2
1079	1079	-2
1080	1080	-2
1081	1081	2
1082	1082	2
1083	1083	2
1084	1084	2
1085	1085	-2
1086	1086	-2
1087	1087	-2
1088	1088	-2
1089	1089	2
1090	1090	-2
1091	1091	2
1092	1092	-2
1093	1093	2
1094	1094	-2
1095	1095	-2
1096	1096	-2
1097	1097	-2
1098	1098	2
1099	1099	-2
1100	1100	-2
1101	1101	-2
1102	1102	2
1103	1103	2
1104	1104	2
1105	1105	-2
1106	1106	2
1107	1107	-2
1108	1108	2
1109	1109	-2
1110	1110	2
1111	1111	2
1112	1112	-2
1113	1113	-2
1114	1114	2
1115	1115	2
1116	1116	-2
1117	1117	-2
1118	1118	2
1119	1119	-2
1120	1120	-2
1121	1121	-2
1122	1122	-2
1123	1123	-2
1124	1124	-2
1125	1125	2
1126	1126	2
1127	1127	-2
1128	1128	2
1129	1129	-2
1130	1130	-2
1131	1131	2
1132	1132	2
1133	1133	-2
1134	1134	2
1135	1135	2
1136	1136	-2
1137	1137	2
1138	1138	2
1139	1139	2
1140	1140	-2
1141	1141	2
1142	1142	-2
1143	1143	2
1144	1144	-2
1145	1145	-2
1146	1146	-2
1147	1147	2
1148	1148	2
1149	1149	2
1150	1150	2
1151	1151	-2
1152	1152	-2
1153	1153	-2
1154	1154	-2
1155	1155	2
1156	1156	-2
1157	1157	2
1158	1158	-2
1159	1159	-2
1160	1160	2
1161	1161	-2
1162	1162	-2
1163	1163	2
1164	1164	2
1165	1165	-2
1166	1166	-2
1167	1167	2
1168	1168	-2
1169	1169	-2
1170	1170	-2
1171	1171	-2
1172	1172	-2
1173	1173	-2
1174	1174	-2
1175	1175	-2
1176	1176	-2
1177	1177	2
1178	1178	2
1179	1179	2
1180	1180	-2
1181	1181	2
1182	1182	2
1183	1183	-2
1184	1184	-2
1185	1185	2
1186	1186	2
1187	1187	-2
1188	1188	2
1189	1189	-2
1190	1190	2
1191	1191	-2
1192	1192	2
1193	1193	-2
1194	1194	-2
1195	1195	2
1196	1196	2
1197	1197	2
1198	1198	2
1199	1199	2
1200	1200	-2
1201	1201	2
1202	1202	-2
1203	1203	-2
1204	1204	-2
1205	1205	-2
1206	1206	2
1207	1207	-2
1208	1208	-2
1209	1209	2
1210	1210	-2
1211	1211	-2
1212	1212	-2
1213	1213	2
1214	1214	-2
1215	1215	2
1216	1216	2
1217	1217	2
1218	1218	2
1219	1219	2
1220	1220	2
1221	1221	-2
1222	1222	-2
1223	1223	2
1224	1224	-2
1225	1225	-2
1226	1226	-2
1227	1227	-2
1228	1228	-2
1229	1229	2
1230	1230	2
1231	1231	-2
1232	1232	2
1233	1233	-2
1234	1234	-2
1235	1235	2
1236	1236	-2
1237	1237	2
1238	1238	-2
1239	1239	-2
1240	1240	-2
1241	1241	2
1242	1242	-2
1243	1243	-2
1244	1244	-2
1245	1245	2
1246	1246	-2
1247	1247	-2
1248	1248	2
1249	1249	2
1250	1250	2
1251	1251	-2
1252	1252	2
1253	1253	-2
1254	1254	2
1255	1255	2
1256	1256	2
1257	1257	-2
1258	1258	2
1259	1259	-2
1260	1260	-2
1261	1261	-2
1262	1262	2
1263	1263	2
1264	1264	-2
1265	1265	-2
1266	1266	2
1267	1267	2
1268	1268	-2
1269	1269	2
1270	1270	-2
1271	1271	2
1272	1272	-2
1273	1273	-2
1274	1274	2
1275	1275	-2
1276	1276	-2
1277	1277	2
1278	1278	-2
1279	1279	2
1280	1280	-2
1281	1281	-2
1282	1282	-2
1283	1283	-2
1284	1284	2
1285	1285	2
1286	1286	2
1287	1287	-2
1288	1288	2
1289	1289	2
1290	1290	2
1291	1291	-2
1292	1292	-2
1293	1293	-2
1294	1294	-2
1295	1295	-2
1296	1296	-2
1297	1297	2
1298	1298	2
1299	1299	2
1300	1300	2
1301	1301	2
1302	1302	2
1303	1303	-2
1304	1304	-2
1305	1305	2
1306	1306	2
1307	1307	-2
1308	1308	-2
1309	1309	2
1310	1310	-2
1311	1311	2
1312	1312	-2
1313	1313	-2
1314	1314	-2
1315	1315	-2
1316	1316	2
1317	1317	-2
1318	1318	2
1319	1319	-2
1320	1320	2
1321	1321	2
1322	1322	2
1323	1323	2
1324	1324	2
1325	1325	2
1326	1326	-2
1327	1327	-2
1328	1328	2
1329	1329	2
1330	1330	2
1331	1331	-2
1332	1332	-2
1333	1333	-2
1334	1334	-2
1335	1335	2
1336	1336	-2
1337	1337	-2
1338	1338	-2
1339	1339	-2
1340	1340	2
1341	1341	2
1342	1342	2
1343	1343	2
1344	1344	-2
1345	1345	-2
1346	1346	-2
1347	1347	2
1348	1348	2
1349	1349	2
1350	1350	2
1351	1351	-2
1352	1352	-2
1353	1353	2
1354	1354	2
1355	1355	2
1356	1356	-2
1357	1357	-2
1358	1358	-2
1359	1359	-2
1360	1360	-2
1361	1361	2
1362	1362	2
1363	1363	2
1364	1364	-2
1365	1365	-2
1366	1366	2
1367	1367	-2
1368	1368	2
1369	1369	-2
1370	1370	-2
1371	1371	2
1372	1372	2
1373	1373	-2
1374	1374	-2
1375	1375	2
1376	1376	-2
1377	1377	2
1378	1378	-2
1379	1379	-2
1380	1380	-2
1381	1381	-2
1382	1382	-2
1383	1383	2
1384	1384	-2
1385	1385	-2
1386	1386	2
1387	1387	-2
1388	1388	2
1389	1389	-2
1390	1390	-2
1391	1391	2
1392	1392	2
1393	1393	-2
1394	1394	2
1395	1395	2
1396	1396	-2
1397	1397	2
1398	1398	2
1399	1399	-2
1400	1400	-2
1401	1401	2
1402	1402	-2
1403	1403	-2
1404	1404	2
1405	1405	-2
1406	1406	2
1407	1407	-2
1408	1408	2
1409	1409	2
1410	1410	2
1411	1411	2
1412	1412	2
1413	1413	2
1414	1414	-2
1415	1415	2
1416	1416	2
1417	1417	2
1418	1418	2
1419	1419	-2
1420	1420	-2
1421	1421	-2
1422	1422	-2
1423	1423	2
1424	1424	-2
1425	1425	-2
1426	1426	-2
1427	1427	2
1428	1428	-2
1429	1429	2
1430	1430	-2
1431	1431	2
1432	1432	-2
1433	1433	2
1434	1434	2
1435	1435	2
1436	1436	2
1437	1437	-2
1438	1438	2
1439	1439	2
1440	1440	-2
1441	1441	2
1442	1442	-2
1443	1443	2
1444	1444	2
1445	1445	2
1446	1446	-2
1447	1447	2
1448	1448	2
1449	1449	-2
1450	1450	2
1451	1451	-2
1452	1452	-2
1453	1453	2
1454	1454	2
1455	1455	-2
1456	1456	2
1457	1457	2
1458	1458	-2
1459	1459	2
1460	1460	2
1461	1461	2
1462	1462	-2
1463	1463	-2
1464	1464	-2
1465	1465	-2
1466	1466	2
1467	1467	-2
1468	1468	-2
1469	1469	2
1470	1470	-2
1471	1471	2
1472	1472	2
1473	1473	-2
1474	1474	2
1475	1475	2
1476	1476	2
1477	1477	-2
1478	1478	2
1479	1479	2
1480	1480	-2
1481	1481	-2
1482	1482	-2
1483	1483	2
1484	1484	-2
1485	1485	-2
1486	1486	-2
1487	1487	2
1488	1488	2
1489	1489	2
1490	1490	-2
1491	1491	-2
1492	1492	-2
1493	1493	2
1494	1494	2
1495	1495	2
1496	1496	2
1497	1497	2
1498	1498	-2
1499	1499	-2
1500	1500	-2
1501	1501	-2
1502	1502	2
1503	1503	-2
1504	1504	-2
1505	1505	2
1506	1506	2
1507	1507	2
1508	1508	2
1509	1509	2
1510	1510	-2
1511	1511	2
1512	1512	2
1513	1513	-2
1514	1514	2
1515	1515	2
1516	1516	-2
1517	1517	-2
1518	1518	-2
1519	1519	-2
1520	1520	-2
1521	1521	2
1522	1522	2
1523	1523	2
1524	1524	-2
1525	1525	2
1526	1526	2
1527	1527	-2
1528	1528	-2
1529	1529	-2
1530	1530	2
1531	1531	-2
1532	1532	2
1533	1533	2
1534	1534	2
1535	1535	2
1536	1536	2
1537	1537	2
1538	1538	2
1539	1539	-2
1540	1540	2
1541	1541	2
1542	1542	-2
1543	1543	2
1544	1544	2
1545	1545	2
1546	1546	-2
1547	1547	2
1548	1548	-2
1549	1549	2
1550	1550	2
1551	1551	-2
1552	1552	2
1553	1553	2
1554	1554	2
1555	1555	2
1556	1556	2
1557	1557	-2
1558	1558	-2
1559	1559	-2
1560	1560	-2
1561	1561	-2
1562	1562	-2
1563	1563	-2
1564	1564	2
1565	1565	2
1566	1566	-2
1567	1567	-2
1568	1568	-2
1569	1569	-2
1570	1570	2
1571	1571	-2
1572	1572	2
1573	1573	-2
1574	1574	-2
1575	1575	-2
1576	1576	2
1577	1577	-2
1578	1578	2
1579	1579	2
1580	1580	2
1581	1581	2
1582	1582	-2
1583	1583	2
1584	1584	2
1585	1585	2
1586	1586	-2
1587	1587	-2
1588	1588	-2
1589	1589	2
1590	1590	-2
1591	1591	-2
1592	1592	2
1593	1593	-2
1594	1594	2
1595	1595	-2
1596	1596	-2
1597	1597	2
1598	1598	-2
1599	1599	2
1600	1600	2
1601	1601	-2
1602	1602	-2
1603	1603	-2
1604	1604	-2
1605	1605	-2
1606	1606	2
1607	1607	2
1608	1608	2
1609	1609	2
1610	1610	-2
1611	1611	2
1612	1612	2
1613	1613	2
1614	1614	-2
1615	1615	-2
1616	1616	-2
1617	1617	-2
1618	1618	-2
1619	1619	-2
1620	1620	2
1621	1621	-2
1622	1622	2
1623	1623	2
1624	1624	2
1625	1625	2
1626	1626	2
1627	1627	2
1628	1628	2
1629	1629	2
1630	1630	2
1631	1631	2
1632	1632	-2
1633	1633	-2
1634	1634	2
1635	1635	2
1636	1636	-2
1637	1637	2
1638	1638	2
1639	1639	2
1640	1640	2
1641	1641	-2
1642	1642	-2
1643	1643	2
1644	1644	2
1645	1645	2
1646	1646	-2
1647	1647	-2
1648	1648	-2
1649	1649	-2
1650	1650	-2
1651	1651	-2
1652	1652	2
1653	1653	-2
1654	1654	2
1655	1655	-2
1656	1656	2
1657	1657	-2
1658	1658	2
1659	1659	2
1660	1660	-2
1661	1661	2
1662	1662	2
1663	1663	-2
1664	1664	-2
1665	1665	2
1666	1666	-2
1667	1667	-2
1668	1668	2
1669	1669	2
1670	1670	2
1671	1671	-2
1672	1672	2
1673	1673	2
1674	1674	2
1675	1675	2
1676	1676	2
1677	1677	2
1678	1678	-2
1679	1679	2
1680	1680	-2
1681	1681	2
1682	1682	-2
1683	1683	-2
1684	1684	2
1685	1685	2
1686	1686	-2
1687	1687	2
1688	1688	2
1689	1689	2
1690	1690	2
1691	1691	-2
1692	1692	-2
1693	1693	2
1694	1694	-2
1695	1695	2
1696	1696	-2
1697	1697	2
1698	1698	2
1699	1699	2
1700	1700	2
1701	1701	2
1702	1702	-2
1703	1703	2
1704	1704	-2
1705	1705	-2
1706	1706	-2
1707	1707	2
1708	1708	2
1709	1709	-2
1710	1710	2
1711	1711	-2
1712	1712	2
1713	1713	-2
1714	1714	2
1715	1715	-2
1716	1716	-2
1717	1717	-2
1718	1718	2
1719	1719	-2
1720	1720	-2
1721	1721	-2
1722	1722	-2
1723	1723	2
1724	1724	2
1725	1725	-2
1726	1726	2
1727	1727	2
1728	1728	2
1729	1729	-2
1730	1730	2
1731	1731	-2
1732	1732	2
1733	1733	2
1734	1734	-2
1735	1735	-2
1736	1736	2
1737	1737	2
1738	1738	-2
1739	1739	2
1740	1740	-2
1741	1741	-2
1742	1742	-2
1743	1743	-2
1744	1744	2
1745	1745	-2
1746	1746	2
1747	1747	-2
1748	1748	2
1749	1749	2
1750	1750	2
1751	1751	2
1752	1752	2
1753	1753	-2
1754	1754	2
1755	1755	-2
1756	1756	-2
1757	1757	2
1758	1758	2
1759	1759	-2
1760	1760	2
1761	1761	-2
1762	1762	-2
1763	1763	2
1764	1764	-2
1765	1765	-2
1766	1766	-2
1767	1767	-2
1768	1768	2
1769	1769	-2
1770	1770	-2
1771	1771	-2
1772	1772	-2
1773	1773	-2
1774	1774	-2
1775	1775	2
1776	1776	-2
1777	1777	-2
1778	1778	2
1779	1779	-2
1780	1780	-2
1781	1781	-2
1782	1782	-2
1783	1783	-2
1784	1784	2
1785	1785	-2
1786	1786	-2
1787	1787	-2
1788	1788	-2
1789	1789	2
1790	1790	2
1791	1791	-2
1792	1792	2
1793	1793	-2
1794	1794	2
1795	1795	-2
1796	1796	2
1797	1797	-2
1798	1798	2
1799	1799	2
1800	1800	2
1801	1801	2
1802	1802	2
1803	1803	-2
1804	1804	-2
1805	1805	-2
1806	1806	-2
1807	1807	-2
1808	1808	2
1809	1809	-2
1810	1810	2
1811	1811	-2
1812	1812	-2
1813	1813	-2
1814	1814	2
1815	1815	2
1816	1816	-2
1817	1817	-2
1818	1818	2
1819	1819	-2
1820	1820	2
1821	1821	2
1822	1822	2
1823	1823	2
1824	1824	2
1825	1825	2
1826	1826	2
1827	1827	-2
1828	1828	-2
1829	1829	-2
1830	1830	2
1831	1831	-2
1832	1832	-2
1833	1833	-2
1834	1834	-2
1835	1835	-2
1836	1836	2
1837	1837	-2
1838	1838	-2
1839	1839	2
1840	1840	2
1841	1841	2
1842	1842	2
1843	1843	2
1844	1844	2
1845	1845	-2
1846	1846	-2
1847	1847	-2
1848	1848	2
1849	1849	2
1850	1850	-2
1851	1851	-2
1852	1852	-2
1853	1853	2
1854	1854	2
1855	1855	-2
1856	1856	2
1857	1857	-2
1858	1858	2
1859	1859	2
1860	1860	2
1861	1861	2
1862	1862	-2
1863	1863	2
1864	1864	-2
1865	1865	-2
1866	1866	-2
1867	1867	-2
1868	1868	-2
1869	1869	2
1870	1870	-2
1871	1871	-2
1872	1872	2
1873	1873	2
1874	1874	2
1875	1875	-2
1876	1876	2
1877	1877	-2
1878	1878	-2
1879	1879	2
1880	1880	-2
1881	1881	-2
1882	1882	2
1883	1883	-2
1884	1884	-2
1885	1885	2
1886	1886	2
1887	1887	2
1888	1888	2
1889	1889	-2
1890	1890	2
1891	1891	2
1892	1892	2
1893	1893	-2
1894	1894	-2
1895	1895	2
1896	1896	2
1897	1897	2
1898	1898	2
1899	1899	2
1900	1900	-2
1901	1901	2
1902	1902	-2
1903	1903	-2
1904	1904	2
1905	1905	-2
1906	1906	2
1907	1907	-2
1908	1908	2
1909	1909	2
1910	1910	2
1911	1911	2
1912	1912	2
1913	1913	2
1914	1914	-2
1915	1915	-2
1916	1916	-2
1917	1917	-2
1918	1918	-2
1919	1919	2
1920	1920	-2
1921	1921	2
1922	1922	2
1923	1923	-2
1924	1924	-2
1925	1925	2
1926	1926	-2
1927	1927	-2
1928	1928	-2
1929	1929	2
1930	1930	-2
1931	1931	-2
1932	1932	-2
1933	1933	-2
1934	1934	2
1935	1935	-2
1936	1936	2
1937	1937	-2
1938	1938	2
1939	1939	2
1940	1940	-2
1941	1941	-2
1942	1942	2
1943	1943	-2
1944	1944	-2
1945	1945	-2
1946	1946	-2
1947	1947	-2
1948	1948	-2
1949	1949	2
1950	1950	-2
1951	1951	2
1952	1952	-2
1953	1953	2
1954	1954	-2
1955	1955	2
1956	1956	2
1957	1957	-2
1958	1958	-2
1959	1959	-2
1960	1960	2
1961	1961	-2
1962	1962	2
1963	1963	2
1964	1964	-2
1965	1965	-2
1966	1966	-2
1967	1967	-2
1968	1968	2
1969	1969	2
1970	1970	2
1971	1971	-2
1972	1972	2
1973	1973	2
1974	1974	2
1975	1975	-2
1976	1976	2
1977	1977	2
1978	1978	2
1979	1979	2
1980	1980	2
1981	1981	-2
1982	1982	2
1983	1983	2
1984	1984	-2
1985	1985	2
1986	1986	-2
1987	1987	2
1988	1988	2
1989	1989	2
1990	1990	2
1991	1991	-2
1992	1992	-2
1993	1993	2
1994	1994	-2
1995	1995	2
1996	1996	2
1997	1997	-2
1998	1998	2
1999	1999	2
2000	2000	2
2001	2001	2
2002	2002	-2
2003	2003	2
2004	2004	-2
2005	2005	-2
2006	2006	-2
2007	2007	-2
2008	2008	-2
2009	2009	-2
2010	2010	2
2011	2011	2
2012	2012	2
2013	2013	2
2014	2014	-2
2015	2015	2
2016	2016	-2
2017	2017	2
2018	2018	2
2019	2019	-2
2020	2020	-2
2021	2021	2
2022	2022	2
2023	2023	2
2024	2024	2
2025	2025	-2
2026	2026	-2
2027	2027	-2
2028	2028	-2
2029	2029	-2
2030	2030	2
2031	2031	-2
2032	2032	-2
2033	2033	2
2034	2034	-2
2035	2035	-2
2036	2036	-2
2037	2037	-2
2038	2038	-2
2039	2039	-2
2040	2040	2
2041	2041	2
2042	2042	-2
2043	2043	-2
2044	2044	-2
2045	2045	2
2046	2046	-2
2047	2047	-2
2048	2048	2
1	119	1
1	237	1
1	475	1
1	550	1
1	805	1
1	962	1
1	1050	2
1	1504	2
1	1841	2
2	37	1
2	100	1
2	230	1
2	805	1
2	923	1
2	988	1
2	1415	-2
2	1809	2
2	1855	2
3	263	1
3	285	1
3	345	1
3	584	1
3	771	1
3	829	1
3	1053	-2
3	1404	2
3	1525	2
4	309	1
4	416	1
4	421	1
4	580	1
4	855	1
4	863	1
4	1435	2
4	1583	2
4	1920	2
5	7	1
5	55	1
5	116	1
5	296	1
5	310	1
5	925	1
5	1167	2
5	1662	-2
5	1804	2
6	103	1
6	480	1
6	610	1
6	620	1
6	856	1
6	913	1
6	1074	-2
6	1375	-2
6	1601	-2
7	208	1
7	384	1
7	637	1
7	925	1
7	975	1
7	1127	-2
7	1354	-2
7	1804	2
8	156	1
8	185	1
8	354	1
8	722	1
8	797	1
8	879	1
8	1303	-2
8	1408	2
8	1739	2
9	180	1
9	465	1
9	590	1
9	671	1
9	701	1
9	770	1
9	1062	2
9	1528	-2
9	1762	-2
10	177	1
10	262	1
10	296	1
10	354	1
10	536	1
10	710	1
10	1233	2
10	1279	-2
10	1378	2
11	30	1
11	279	1
11	350	1
11	699	1
11	845	1
11	870	1
11	1119	2
11	1133	2
11	1500	-2
12	54	1
12	110	1
12	244	1
12	390	1
12	425	1
12	819	1
12	1473	-2
12	1484	2
12	1642	2
13	444	1
13	473	1
13	513	1
13	757	1
13	768	1
13	779	1
13	1192	2
13	1328	2
13	1595	2
14	73	1
14	146	1
14	215	1
14	365	1
14	593	1
14	902	1
14	1094	-2
14	1390	-2
14	1997	-2
15	699	1
15	756	1
15	780	1
15	961	1
15	981	1
15	1023	1
15	1220	-2
15	1361	2
15	1620	-2
16	355	1
16	589	1
16	655	1
16	690	1
16	787	1
16	883	1
16	1068	2
16	1426	-2
16	1710	2
17	28	1
17	312	1
17	320	1
17	524	1
17	924	1
17	944	1
17	1388	2
17	1437	2
17	1640	-2
18	117	1
18	547	1
18	635	1
18	781	1
18	958	1
18	969	1
18	1109	-2
18	1406	-2
18	1619	-2
19	62	1
19	74	1
19	108	1
19	660	1
19	664	1
19	836	1
19	1041	2
19	1317	2
19	1655	2
20	306	1
20	334	1
20	564	1
20	578	1
20	802	1
20	906	1
20	1342	-2
20	1978	-2
20	2042	-2
21	176	1
21	241	1
21	542	1
21	856	1
21	894	1
21	915	1
21	1577	-2
21	1872	-2
21	1944	2
22	89	1
22	187	1
22	437	1
22	537	1
22	583	1
22	721	1
22	1229	2
22	1304	-2
22	1823	-2
23	90	1
23	179	1
23	240	1
23	474	1
23	478	1
23	669	1
23	1176	-2
23	1190	-2
23	2027	2
24	58	1
24	221	1
24	272	1
24	319	1
24	572	1
24	927	1
24	1040	-2
24	1784	-2
24	2025	-2
25	39	1
25	270	1
25	298	1
25	786	1
25	796	1
25	959	1
25	1160	2
25	1691	2
25	1789	-2
26	236	1
26	536	1
26	823	1
26	898	1
26	905	1
26	979	1
26	1711	2
26	1943	-2
26	1980	2
27	269	1
27	352	1
27	521	1
27	539	1
27	568	1
27	960	1
27	1056	-2
27	1355	2
27	1969	-2
28	316	1
28	320	1
28	442	1
28	526	1
28	772	1
28	1289	-2
28	1388	2
28	1565	2
29	183	1
29	205	1
29	269	1
29	712	1
29	936	1
29	965	1
29	1428	2
29	1507	-2
29	1731	-2
30	109	1
30	344	1
30	594	1
30	870	1
30	1009	1
30	1133	2
30	1438	2
30	1995	2
31	138	2
31	146	1
31	513	1
31	672	1
31	835	1
31	1137	-2
31	1936	2
31	1953	2
32	554	1
32	850	1
32	896	1
32	923	1
32	989	1
32	1005	1
32	1329	-2
32	1449	2
32	1893	-2
33	94	1
33	340	1
33	462	1
33	609	1
33	950	1
33	1000	1
33	1125	2
33	1503	-2
33	1572	-2
34	160	1
34	193	1
34	234	1
34	329	1
34	473	1
34	789	1
34	1075	-2
34	1405	-2
34	1971	-2
35	180	1
35	705	1
35	744	1
35	895	1
35	910	1
35	962	1
35	1060	-2
35	1076	-2
35	1753	2
36	438	1
36	600	1
36	629	1
36	687	1
36	696	1
36	758	1
36	1330	2
36	1341	2
36	1851	-2
37	100	1
37	274	1
37	296	1
37	496	1
37	696	1
37	1692	2
37	1855	2
37	1904	-2
38	84	1
38	151	1
38	226	1
38	336	1
38	585	1
38	839	1
38	1161	2
38	1610	2
38	2003	-2
39	270	1
39	499	1
39	581	1
39	881	1
39	968	1
39	1160	2
39	1196	-2
39	1890	2
40	138	1
40	139	1
40	225	1
40	483	1
40	691	1
40	1012	1
40	1725	-2
40	1800	-2
40	1939	-2
41	136	1
41	197	1
41	312	1
41	479	1
41	481	1
41	529	1
41	1370	2
41	1543	-2
41	2013	2
42	115	1
42	161	1
42	239	1
42	333	1
42	599	1
42	672	1
42	1494	2
42	1591	-2
42	1801	-2
43	447	1
43	487	1
43	527	1
43	655	1
43	676	1
43	798	1
43	1252	-2
43	1268	2
43	1633	2
44	45	1
44	265	1
44	407	1
44	490	1
44	665	1
44	800	1
44	1106	2
44	1693	2
44	1862	-2
45	302	1
45	383	1
45	407	1
45	515	1
45	790	1
45	1065	-2
45	1423	-2
45	1862	-2
46	248	1
46	501	1
46	522	1
46	577	1
46	622	1
46	704	1
46	1194	2
46	1613	-2
46	1654	-2
47	162	1
47	336	1
47	506	1
47	510	1
47	714	1
47	815	1
47	1322	-2
47	1334	-2
47	1743	2
48	134	1
48	313	1
48	394	1
48	423	1
48	674	2
48	1737	2
48	1970	-2
48	2030	-2
49	343	1
49	558	1
49	742	1
49	743	1
49	815	1
49	958	1
49	1280	-2
49	1709	-2
49	1989	-2
50	61	1
50	465	1
50	602	1
50	646	1
50	980	1
50	1000	1
50	1152	2
50	1467	-2
50	1647	-2
51	196	1
51	377	1
51	398	1
51	607	1
51	730	1
51	745	1
51	1387	2
51	1934	-2
51	1991	2
52	200	1
52	204	1
52	250	1
52	275	1
52	325	1
52	1003	1
52	1400	-2
52	1885	-2
52	2024	-2
53	130	1
53	348	1
53	511	1
53	519	1
53	735	1
53	1002	1
53	1513	2
53	1670	2
53	1813	-2
54	390	1
54	401	1
54	577	1
54	667	1
54	1018	1
54	1470	2
54	1484	2
54	1631	2
55	64	1
55	293	1
55	310	1
55	365	1
55	411	1
55	1167	2
55	1193	2
55	1216	2
56	556	1
56	666	1
56	705	1
56	765	1
56	853	1
56	876	1
56	1116	2
56	1368	2
56	1992	-2
57	181	1
57	227	1
57	322	1
57	566	1
57	709	1
57	974	1
57	1630	-2
57	1912	-2
57	1975	-2
58	145	1
58	221	1
58	411	1
58	587	1
58	786	1
58	1380	2
58	1767	-2
58	1784	-2
59	95	1
59	661	1
59	670	1
59	791	1
59	808	1
59	933	1
59	1111	-2
59	1281	2
59	1433	2
60	226	1
60	278	1
60	318	1
60	367	1
60	713	1
60	816	1
60	1032	-2
60	1288	2
60	2017	2
61	271	1
61	420	1
61	523	1
61	646	1
61	713	1
61	1467	-2
61	1553	-2
61	1865	2
62	526	1
62	664	1
62	676	1
62	924	1
62	929	1
62	1655	2
62	1734	2
62	1961	-2
63	459	1
63	527	1
63	650	1
63	737	1
63	767	1
63	822	1
63	1524	-2
63	1898	2
63	2031	-2
64	91	1
64	323	1
64	411	1
64	823	1
64	906	1
64	1142	-2
64	1174	-2
64	1193	2
65	107	1
65	280	1
65	284	1
65	563	1
65	738	1
65	795	1
65	1563	2
65	1811	-2
65	2040	2
66	151	1
66	215	1
66	231	1
66	372	1
66	738	1
66	818	1
66	1485	-2
66	1867	-2
66	1960	-2
67	93	1
67	154	1
67	591	1
67	803	1
67	957	1
67	993	1
67	1509	-2
67	1522	-2
67	1946	2
68	212	1
68	246	1
68	477	1
68	753	1
68	778	1
68	880	1
68	1146	2
68	1208	-2
68	2035	-2
69	375	1
69	464	1
69	486	1
69	865	1
69	881	1
69	954	1
69	1045	-2
69	1250	2
69	1574	-2
70	189	1
70	195	1
70	340	1
70	349	1
70	402	1
70	569	1
70	1122	2
70	1339	-2
70	2048	2
71	93	1
71	228	1
71	582	1
71	605	1
71	970	1
71	1007	1
71	1536	2
71	1548	2
71	1795	2
72	217	1
72	425	1
72	636	1
72	687	1
72	750	1
72	871	1
72	1413	-2
72	1609	2
72	1758	-2
73	88	1
73	146	1
73	650	1
73	995	1
73	1013	1
73	1061	-2
73	1390	-2
73	1714	-2
74	172	1
74	660	1
74	851	1
74	886	1
74	1001	1
74	1041	2
74	1791	-2
74	1950	-2
75	126	1
75	137	1
75	152	1
75	163	1
75	372	1
75	839	1
75	1035	2
75	1673	-2
75	1738	2
76	152	1
76	238	1
76	483	1
76	554	1
76	666	1
76	960	1
76	1168	-2
76	1286	2
76	1846	2
77	174	1
77	241	1
77	287	1
77	541	1
77	542	1
77	989	1
77	1498	2
77	1523	-2
77	1984	2
78	122	1
78	155	1
78	359	1
78	562	1
78	891	1
78	972	1
78	1148	2
78	1695	-2
78	1925	2
79	240	1
79	338	1
79	563	1
79	654	1
79	691	1
79	907	1
79	1703	2
79	1838	-2
79	1840	2
80	110	1
80	114	1
80	190	1
80	345	1
80	391	1
80	566	1
80	1273	-2
80	1305	2
80	1876	2
81	285	1
81	404	1
81	644	1
81	810	1
81	821	1
81	1011	1
81	1547	2
81	1635	-2
81	1887	2
82	561	1
82	752	1
82	780	1
82	819	1
82	861	1
82	868	1
82	1242	2
82	1285	2
82	1712	2
83	90	1
83	100	1
83	585	1
83	707	1
83	748	1
83	857	1
83	1073	2
83	1238	-2
83	1884	-2
84	202	1
84	336	1
84	394	1
84	412	1
84	506	1
84	1139	2
84	1810	-2
84	2003	-2
85	410	1
85	471	1
85	494	1
85	544	1
85	580	1
85	916	1
85	1103	2
85	1199	-2
85	1379	2
86	104	1
86	149	1
86	260	1
86	351	1
86	369	1
86	761	1
86	1246	-2
86	1430	-2
86	1627	2
87	136	1
87	310	1
87	446	1
87	557	1
87	565	1
87	1021	1
87	1151	-2
87	1265	2
87	1781	-2
88	185	1
88	572	1
88	596	1
88	650	1
88	867	1
88	1585	2
88	1592	2
88	1714	-2
89	187	1
89	323	1
89	512	1
89	576	1
89	638	1
89	1229	2
89	1506	2
89	1854	-2
90	179	1
90	617	1
90	707	1
90	1017	1
90	1029	-2
90	1190	-2
90	1238	-2
91	387	1
91	619	1
91	823	1
91	878	1
91	899	1
91	1142	-2
91	1382	2
91	1968	-2
92	180	1
92	216	1
92	243	1
92	327	1
92	471	1
92	800	1
92	1653	-2
92	1830	-2
92	1976	-2
93	154	1
93	449	1
93	487	1
93	970	1
93	1795	2
93	1907	-2
93	1946	2
94	191	1
94	570	1
94	794	1
94	805	1
94	950	1
94	1071	-2
94	1503	-2
94	1629	2
95	580	1
95	582	1
95	810	1
95	933	1
95	949	1
95	1281	2
95	1515	2
95	1683	2
96	204	1
96	498	1
96	538	1
96	843	1
96	897	1
96	905	1
96	1141	-2
96	1261	2
96	1959	-2
97	346	1
97	614	1
97	679	1
97	870	1
97	977	1
97	1012	1
97	1236	2
97	1894	2
97	1902	-2
98	339	1
98	428	1
98	465	1
98	565	1
98	741	1
98	809	1
98	1549	-2
98	1689	-2
98	1733	2
99	395	1
99	523	1
99	653	1
99	697	1
99	880	1
99	964	1
99	1429	2
99	1852	-2
99	1967	2
100	297	1
100	628	1
100	857	1
100	1769	2
100	1855	2
100	1884	-2
101	381	1
101	451	1
101	724	1
101	876	1
101	884	1
101	925	1
101	1745	2
101	1932	2
101	1935	2
102	627	1
102	678	1
102	816	1
102	946	1
102	967	1
102	974	1
102	1123	2
102	1963	2
102	2009	-2
103	144	1
103	284	1
103	359	1
103	569	1
103	856	1
103	1189	-2
103	1375	-2
103	1641	-2
104	214	1
104	260	1
104	444	1
104	533	1
104	770	1
104	1430	-2
104	1559	-2
104	1702	-2
105	207	1
105	446	1
105	686	1
105	698	1
105	765	1
105	841	1
105	1099	-2
105	1455	2
105	1532	2
106	179	1
106	229	1
106	476	1
106	526	1
106	606	1
106	789	1
106	1257	-2
106	1690	2
106	1765	-2
107	123	1
107	217	1
107	350	1
107	738	1
107	1013	1
107	1648	-2
107	1883	-2
107	2040	2
108	330	1
108	801	1
108	836	1
108	886	1
108	1020	1
108	1084	-2
108	1317	2
108	1564	-2
109	124	1
109	286	1
109	396	1
109	504	1
109	1009	1
109	1621	-2
109	1657	2
109	1995	2
110	120	1
110	391	1
110	425	1
110	460	1
110	1184	2
110	1473	-2
110	1876	2
111	173	1
111	440	1
111	597	1
111	677	1
111	885	1
111	1020	1
111	1270	-2
111	1274	-2
111	1768	-2
112	225	1
112	347	1
112	645	1
112	670	1
112	911	1
112	922	1
112	1107	-2
112	1505	-2
112	1735	-2
113	131	1
113	366	1
113	462	1
113	470	1
113	689	1
113	724	1
113	1186	-2
113	1684	-2
113	1831	2
114	119	1
114	190	1
114	484	1
114	602	1
114	858	1
114	1273	-2
114	1384	2
114	1482	2
115	283	1
115	491	1
115	495	1
115	599	1
115	789	1
115	1092	2
115	1263	-2
115	1494	2
116	153	1
116	192	1
116	296	1
116	303	1
116	500	1
116	1569	2
116	1662	-2
116	1938	-2
117	165	1
117	575	1
117	741	1
117	756	1
117	969	1
117	1080	2
117	1109	-2
117	1224	-2
118	207	1
118	289	1
118	377	1
118	473	1
118	514	1
118	613	1
118	1264	-2
118	1520	-2
118	1940	2
119	158	1
119	390	1
119	475	1
119	484	1
119	1093	-2
119	1384	2
119	1504	2
120	278	1
120	358	1
120	460	1
120	889	1
120	936	1
120	1184	2
120	1269	-2
120	1323	-2
121	222	1
121	411	1
121	436	1
121	641	1
121	660	1
121	855	1
121	1234	2
121	1715	-2
121	2039	2
122	388	1
122	806	1
122	890	1
122	891	1
122	934	1
122	1148	2
122	1632	-2
122	1962	-2
123	229	1
123	535	1
123	628	1
123	943	1
123	1013	1
123	1365	-2
123	1648	-2
123	1988	2
124	286	1
124	366	1
124	712	1
124	925	1
124	999	1
124	1363	-2
124	1657	2
124	1987	2
125	194	1
125	253	1
125	292	1
125	501	1
125	626	1
125	630	1
125	1331	-2
125	1407	-2
125	1977	-2
126	432	1
126	641	1
126	644	1
126	839	1
126	846	1
126	1327	-2
126	1673	-2
126	1836	2
127	272	1
127	400	1
127	511	1
127	552	1
127	621	1
127	782	1
127	1531	-2
127	1688	-2
127	1760	2
128	175	1
128	307	1
128	403	1
128	479	1
128	874	1
128	986	1
128	1154	-2
128	1373	2
128	1492	2
129	227	1
129	237	1
129	362	1
129	862	1
129	888	1
129	942	1
129	1185	2
129	1443	2
129	1676	-2
130	415	1
130	428	1
130	512	1
130	714	1
130	735	1
130	1235	-2
130	1436	-2
130	1813	-2
131	155	1
131	373	1
131	470	1
131	647	1
131	686	1
131	1684	-2
131	1845	-2
131	1921	-2
132	518	1
132	564	1
132	709	1
132	746	1
132	771	1
132	915	1
132	1699	-2
132	1873	-2
132	1924	-2
133	482	1
133	531	1
133	573	1
133	594	1
133	853	1
133	1009	1
133	1077	-2
133	1495	2
133	1875	2
134	139	1
134	313	1
134	878	1
134	919	1
134	988	1
134	1459	-2
134	1777	2
134	2030	-2
135	234	1
135	281	1
135	560	1
135	599	1
135	760	1
135	777	1
135	1310	-2
135	1814	-2
135	1956	2
136	326	1
136	439	1
136	446	1
136	481	1
136	1265	2
136	1624	2
136	2013	2
137	279	1
137	367	1
137	372	1
137	640	1
137	642	1
137	1070	2
137	1434	-2
137	1738	2
138	225	1
138	513	1
138	835	1
138	1137	-2
138	1936	2
138	1939	-2
139	325	1
139	691	1
139	954	1
139	988	1
139	1459	-2
139	1725	-2
139	1802	-2
140	312	1
140	353	1
140	689	1
140	856	1
140	908	1
140	1008	1
140	1284	2
140	1651	2
140	1659	2
141	169	1
141	260	1
141	321	1
141	734	1
141	931	1
141	955	1
141	1275	-2
141	1817	2
141	1941	-2
142	203	1
142	627	1
142	734	1
142	917	1
142	948	1
142	1014	1
142	1171	2
142	1497	2
142	1698	2
143	160	1
143	360	1
143	431	1
143	455	1
143	991	1
143	1022	1
143	1057	-2
143	1746	-2
143	1808	-2
144	298	1
144	569	1
144	597	1
144	835	1
144	991	1
144	1135	2
144	1189	-2
144	1596	-2
145	375	1
145	493	1
145	587	1
145	830	1
145	1010	1
145	1201	-2
145	1767	-2
145	1916	2
146	419	1
146	628	1
146	672	1
146	1390	-2
146	1461	2
146	1953	2
147	177	1
147	206	1
147	259	1
147	302	1
147	659	1
147	763	1
147	1248	-2
147	1847	2
147	2018	-2
148	273	1
148	574	1
148	736	1
148	830	1
148	842	1
148	953	1
148	1626	2
148	1665	2
148	1933	-2
149	334	1
149	539	1
149	761	1
149	811	1
149	860	1
149	1530	-2
149	1627	2
149	1720	-2
150	236	1
150	300	1
150	317	1
150	378	1
150	615	1
150	762	1
150	1120	2
150	1219	-2
150	1313	-2
151	204	1
151	231	1
151	764	1
151	839	1
151	1402	-2
151	1610	2
151	1960	-2
152	163	1
152	554	1
152	695	1
152	824	1
152	1035	2
152	1202	-2
152	1846	2
153	172	1
153	195	1
153	500	1
153	639	1
153	871	1
153	1198	-2
153	1938	-2
153	1972	2
154	562	1
154	699	1
154	844	1
154	1006	1
154	1486	2
154	1587	2
154	1946	2
155	424	1
155	562	1
155	686	1
155	893	1
155	1639	-2
155	1845	-2
155	1925	2
156	395	1
156	579	1
156	683	1
156	708	1
156	879	1
156	1397	-2
156	1408	2
156	1965	-2
157	379	1
157	559	1
157	703	1
157	760	1
157	888	1
157	1001	1
157	1441	-2
157	1562	2
157	1863	-2
158	188	1
158	390	1
158	409	1
158	427	1
158	946	1
158	1093	-2
158	1918	-2
158	1955	-2
159	247	1
159	372	1
159	440	1
159	528	1
159	903	1
159	972	1
159	1357	-2
159	1600	-2
159	2037	-2
160	360	1
160	473	1
160	508	1
160	961	1
160	1358	2
160	1808	-2
160	1971	-2
161	239	1
161	324	1
161	773	1
161	813	1
161	973	1
161	1353	2
161	1369	-2
161	1591	-2
162	413	1
162	558	1
162	776	1
162	815	1
162	897	1
162	1245	2
162	1743	2
162	1999	2
163	167	1
163	363	1
163	640	1
163	700	1
163	1035	2
163	1147	2
163	1260	-2
164	203	1
164	271	1
164	379	1
164	397	1
164	886	1
164	943	1
164	1210	-2
164	1442	-2
164	1551	2
165	225	1
165	242	1
165	575	1
165	869	1
165	997	1
165	1224	-2
165	1247	-2
165	1742	-2
166	314	1
166	422	1
166	677	1
166	763	1
166	838	1
166	1021	1
166	1226	2
166	1666	-2
166	1815	-2
167	309	1
167	405	1
167	640	1
167	736	1
167	903	1
167	1147	2
167	1372	-2
167	1656	2
168	187	1
168	254	1
168	352	1
168	509	1
168	840	1
168	1005	1
168	1349	2
168	1475	-2
168	2026	2
169	401	1
169	575	1
169	594	1
169	651	1
169	931	1
169	1275	-2
169	1395	-2
169	1466	2
170	294	1
170	328	1
170	451	1
170	763	1
170	772	1
170	920	1
170	1047	2
170	1650	2
170	1881	2
171	362	1
171	406	1
171	584	1
171	755	1
171	809	1
171	939	1
171	1660	2
171	1998	2
171	2012	2
172	253	1
172	561	1
172	639	1
172	851	1
172	1198	-2
172	1923	-2
172	1950	-2
173	468	1
173	597	1
173	719	1
173	959	1
173	966	1
173	1081	-2
173	1089	-2
173	1768	-2
174	241	1
174	333	1
174	432	1
174	649	1
174	930	1
174	1335	-2
174	1498	2
174	1663	2
175	403	1
175	407	1
175	467	1
175	618	1
175	937	1
175	1492	2
175	1576	-2
175	1578	-2
176	294	1
176	618	1
176	638	1
176	894	1
176	912	1
176	1182	-2
176	1577	-2
176	1788	2
177	259	1
177	296	1
177	556	1
177	574	1
177	1279	-2
177	1677	-2
177	1847	2
178	247	1
178	540	1
178	543	1
178	634	1
178	659	1
178	953	1
178	1575	-2
178	1911	2
178	1947	-2
179	192	1
179	229	1
179	347	1
179	1190	-2
179	1552	2
179	1765	-2
180	243	1
180	590	1
180	910	1
180	1062	2
180	1076	-2
180	1830	-2
181	205	1
181	534	1
181	570	1
181	641	1
181	709	1
181	1298	-2
181	1546	-2
181	1630	-2
182	201	1
182	455	1
182	682	1
182	753	1
182	858	1
182	957	1
182	1393	2
182	1487	2
182	1766	-2
183	220	1
183	548	1
183	675	1
183	792	1
183	965	1
183	1277	2
183	1453	2
183	1507	-2
184	255	1
184	383	1
184	433	1
184	476	1
184	533	1
184	938	1
184	1128	2
184	1716	2
184	1929	-2
185	354	1
185	596	1
185	614	1
185	991	1
185	1303	-2
185	1592	2
185	1820	2
186	415	1
186	438	1
186	456	1
186	496	1
186	965	1
186	999	1
186	1172	2
186	1545	-2
186	1602	-2
187	398	1
187	808	1
187	840	1
187	1159	2
187	1229	2
187	2026	2
188	595	1
188	681	1
188	727	1
188	946	1
188	956	1
188	1412	2
188	1955	-2
188	2046	-2
189	322	1
189	349	1
189	653	1
189	755	1
189	857	1
189	1117	-2
189	1122	2
189	1336	-2
190	206	1
190	392	1
190	409	1
190	826	1
190	1273	-2
190	1493	-2
190	1555	-2
191	357	1
191	570	2
191	784	1
191	812	1
191	1629	2
191	2038	2
191	2047	2
192	303	1
192	347	1
192	445	1
192	627	1
192	1165	-2
192	1552	2
192	1569	2
193	326	1
193	439	1
193	587	1
193	789	1
193	851	1
193	1405	-2
193	1599	-2
193	1679	2
194	292	1
194	399	1
194	668	1
194	972	1
194	1017	1
194	1036	2
194	1512	2
194	1977	-2
195	294	1
195	340	1
195	871	1
195	987	1
195	1113	-2
195	1972	2
195	2048	2
196	286	1
196	430	1
196	631	1
196	701	1
196	745	1
196	1140	2
196	1362	2
196	1934	-2
197	312	1
197	429	1
197	567	1
197	915	1
197	971	1
197	1370	2
197	1469	-2
197	1588	-2
198	499	1
198	509	1
198	547	1
198	612	1
198	767	1
198	844	1
198	1025	-2
198	1254	-2
198	1675	-2
199	217	1
199	268	1
199	423	1
199	612	1
199	797	1
199	877	1
199	1463	2
199	1618	-2
199	1706	2
200	275	1
200	680	1
200	796	1
200	873	1
200	955	1
200	1031	-2
200	1778	2
200	1885	-2
201	232	1
201	271	1
201	739	1
201	900	1
201	957	1
201	1393	2
201	1511	2
201	1759	2
202	412	1
202	438	1
202	679	1
202	834	1
202	1003	1
202	1139	2
202	1195	2
202	1321	2
203	406	1
203	803	1
203	943	1
203	1014	1
203	1210	-2
203	1497	2
203	1535	2
204	250	1
204	764	1
204	843	1
204	1261	2
204	1402	-2
204	2024	-2
205	301	1
205	413	1
205	534	1
205	936	1
205	1428	2
205	1546	-2
205	1643	-2
206	392	1
206	503	1
206	659	1
206	889	1
206	1033	-2
206	1555	-2
206	2018	-2
207	446	1
207	514	1
207	765	1
207	969	1
207	1264	-2
207	1297	-2
207	1455	2
208	221	1
208	380	1
208	871	1
208	975	1
208	989	1
208	1272	2
208	1302	2
208	1354	-2
209	546	1
209	567	1
209	727	1
209	814	1
209	955	1
209	1006	1
209	1283	-2
209	1570	-2
209	1717	-2
210	242	1
210	254	1
210	303	1
210	707	1
210	940	1
210	1004	1
210	1222	-2
210	1833	2
210	1964	2
211	336	1
211	359	1
211	656	1
211	718	1
211	766	1
211	894	1
211	1544	2
211	1785	-2
211	2045	2
212	232	1
212	445	1
212	730	1
212	743	1
212	753	1
212	1079	2
212	1146	2
212	1792	2
213	277	1
213	430	1
213	678	1
213	869	1
213	877	1
213	945	1
213	1346	-2
213	1385	-2
213	1994	2
214	346	1
214	408	1
214	533	1
214	658	1
214	931	1
214	1034	2
214	1559	-2
214	1919	2
215	372	1
215	593	1
215	897	1
215	998	1
215	1249	2
215	1485	-2
215	1997	-2
216	264	1
216	471	1
216	608	1
216	654	1
216	784	1
216	1096	2
216	1653	-2
216	2020	-2
217	350	1
217	612	1
217	750	1
217	1706	2
217	1758	-2
217	1883	-2
218	281	1
218	610	1
218	698	1
218	820	1
218	834	1
218	936	1
218	1067	-2
218	1311	-2
218	1951	-2
219	273	1
219	371	1
219	418	1
219	547	1
219	591	1
219	657	1
219	1204	2
219	1227	2
219	1239	-2
220	244	1
220	277	1
220	548	1
220	983	1
220	1019	1
220	1277	2
220	1401	-2
220	1821	-2
221	299	1
221	380	1
221	881	1
221	1105	2
221	1272	2
221	1784	-2
222	282	1
222	396	1
222	454	1
222	492	1
222	660	1
222	1554	2
222	1715	-2
222	1913	2
223	317	1
223	384	1
223	601	1
223	693	1
223	781	1
223	984	1
223	1197	2
223	1212	2
223	1891	-2
224	259	1
224	485	1
224	532	1
224	832	1
224	937	1
224	1010	1
224	1411	2
224	1667	2
224	1910	-2
225	645	1
225	869	1
225	1107	-2
225	1247	-2
225	1939	-2
226	585	1
226	771	1
226	816	1
226	900	1
226	1161	2
226	1678	-2
226	2017	2
227	362	1
227	457	1
227	566	1
227	923	1
227	1315	2
227	1443	2
227	1975	-2
228	258	1
228	711	1
228	746	1
228	807	1
228	1007	1
228	1548	2
228	1672	-2
228	1727	2
229	435	1
229	629	1
229	943	1
229	1338	2
229	1765	-2
229	1988	2
230	267	1
230	828	1
230	853	1
230	923	1
230	933	1
230	1333	2
230	1415	-2
230	1718	2
231	262	1
231	469	1
231	604	1
231	673	1
231	1308	2
231	1529	-2
231	1960	-2
232	553	1
232	630	1
232	730	1
232	900	1
232	1759	2
232	1792	2
232	1832	-2
233	253	1
233	415	1
233	579	1
233	942	1
233	949	1
233	980	1
233	1143	2
233	1752	-2
233	1982	-2
234	329	1
234	386	1
234	599	1
234	970	1
234	1075	-2
234	1110	-2
234	1814	-2
235	263	1
235	377	1
235	605	1
235	663	1
235	758	1
235	1019	1
235	1059	-2
235	1410	-2
235	1983	2
236	272	1
236	474	1
236	615	1
236	979	1
236	1219	-2
236	1567	-2
236	1943	-2
237	431	1
237	650	1
237	805	1
237	888	1
237	1050	2
237	1185	2
237	1396	-2
238	276	1
238	483	1
238	510	1
238	592	1
238	785	1
238	1150	-2
238	1168	-2
238	1468	2
239	307	1
239	514	1
239	600	1
239	847	1
239	1591	-2
239	1877	-2
239	1889	2
240	383	1
240	474	1
240	563	1
240	952	1
240	1267	-2
240	1838	-2
240	2027	2
241	299	1
241	651	1
241	856	1
241	1063	-2
241	1498	2
241	1944	2
242	516	1
242	940	1
242	990	1
242	997	1
242	1742	-2
242	1751	2
242	1833	2
243	464	1
243	619	1
243	692	1
243	729	1
243	1704	2
243	1830	-2
243	1835	-2
244	609	1
244	623	1
244	819	1
244	1019	1
244	1642	2
244	1819	2
244	1821	-2
245	346	1
245	396	1
245	553	1
245	572	1
245	704	1
245	715	1
245	1540	2
245	1541	2
245	1604	-2
246	477	1
246	598	1
246	785	1
246	837	1
246	1022	1
246	1644	-2
246	2033	-2
246	2035	-2
247	261	1
247	372	1
247	899	1
247	953	1
247	1357	-2
247	1850	2
247	1947	-2
248	424	1
248	536	1
248	622	1
248	647	1
248	945	1
248	1258	-2
248	1376	2
248	1613	-2
249	397	1
249	462	1
249	492	1
249	703	1
249	726	1
249	957	1
249	1124	-2
249	1421	-2
249	1668	2
250	486	1
250	782	1
250	854	1
250	953	1
250	1356	2
250	1730	2
250	2024	-2
251	353	1
251	610	1
251	762	1
251	948	1
251	997	1
251	1019	1
251	1314	-2
251	1764	-2
251	1828	-2
252	282	1
252	442	1
252	680	1
252	708	1
252	710	1
252	1007	1
252	1144	-2
252	1332	-2
252	1534	-2
253	561	1
253	626	1
253	942	1
253	1143	2
253	1407	-2
253	1923	-2
254	310	1
254	509	1
254	707	1
254	872	1
254	1222	-2
254	1349	2
254	1779	2
255	266	1
255	375	1
255	837	1
255	911	1
255	938	1
255	1392	-2
255	1929	-2
255	2028	-2
256	361	1
256	449	1
256	620	1
256	811	1
256	852	1
256	1023	1
256	1550	2
256	1729	-2
256	1772	-2
257	435	1
257	551	1
257	785	1
257	793	1
257	850	1
257	901	1
257	1207	-2
257	1394	2
257	1472	2
258	426	1
258	430	1
258	791	1
258	807	1
258	904	1
258	1343	2
258	1672	-2
258	1726	-2
259	321	1
259	532	1
259	995	1
259	1667	2
259	1847	2
259	1948	-2
260	321	1
260	859	1
260	883	1
260	1058	2
260	1430	-2
260	1941	-2
261	443	1
261	467	1
261	521	1
261	899	1
261	956	1
261	1180	2
261	1850	2
261	1931	2
262	354	1
262	469	1
262	814	1
262	919	1
262	1233	2
262	1308	2
262	1783	-2
263	285	1
263	493	1
263	964	1
263	1019	1
263	1410	-2
263	1525	2
263	1686	-2
264	524	1
264	590	1
264	654	1
264	774	1
264	848	1
264	1096	2
264	1658	2
264	1930	2
265	342	1
265	453	1
265	665	1
265	817	1
265	863	1
265	1106	2
265	1748	2
265	1878	-2
266	414	1
266	433	1
266	643	1
266	837	1
266	930	1
266	1243	-2
266	2000	-2
266	2028	-2
267	443	1
267	520	1
267	639	1
267	933	1
267	1010	1
267	1232	-2
267	1616	2
267	1718	2
268	423	1
268	685	1
268	825	1
268	826	1
268	978	1
268	1456	2
268	1463	2
268	1834	-2
269	404	1
269	712	1
269	899	1
269	960	1
269	1056	-2
269	1101	2
269	1731	-2
270	379	1
270	416	1
270	754	1
270	775	1
270	1160	2
270	1366	-2
270	1790	2
271	379	1
271	420	1
271	739	1
271	1511	2
271	1551	2
271	1865	2
272	474	1
272	511	1
272	572	1
272	1040	-2
272	1531	-2
272	1567	-2
273	531	1
273	574	1
273	657	1
273	1011	1
273	1163	-2
273	1227	2
273	1626	2
274	370	1
274	428	1
274	543	1
274	696	1
274	898	1
274	1299	2
274	1617	2
274	1904	-2
275	454	1
275	611	1
275	747	1
275	932	1
275	1537	2
275	1538	-2
275	1885	-2
276	785	1
276	842	1
276	868	1
276	882	1
276	974	1
276	1464	-2
276	1468	2
276	1786	-2
277	389	1
277	430	1
277	961	1
277	983	1
277	1038	-2
277	1385	-2
277	1401	-2
278	367	1
278	501	1
278	751	1
278	889	1
278	1032	-2
278	1323	-2
278	1519	-2
279	614	1
279	642	1
279	693	1
279	845	1
279	1386	2
279	1434	-2
279	1500	-2
280	329	1
280	374	1
280	619	1
280	730	1
280	795	1
280	1350	-2
280	1625	-2
280	1811	-2
281	387	1
281	483	1
281	560	1
281	936	1
281	1310	-2
281	1445	-2
281	1951	-2
282	396	1
282	502	1
282	710	1
282	884	1
282	1144	-2
282	1554	2
282	1761	-2
283	443	1
283	448	1
283	451	1
283	495	1
283	1017	1
283	1092	2
283	1514	2
283	1903	2
284	359	1
284	563	1
284	692	1
284	719	1
284	1563	2
284	1641	-2
284	1871	-2
285	667	1
285	701	1
285	810	1
285	1131	-2
285	1525	2
285	1887	2
286	506	1
286	701	1
286	968	1
286	1140	2
286	1657	2
286	1942	-2
287	541	1
287	737	1
287	795	1
287	916	1
287	986	1
287	1523	-2
287	1844	-2
287	1901	2
288	314	1
288	353	1
288	664	1
288	690	1
288	764	1
288	912	1
288	1044	-2
288	1253	2
288	1300	-2
289	347	1
289	436	1
289	460	1
289	613	1
289	642	1
289	1217	-2
289	1520	-2
289	1775	-2
290	293	1
290	381	1
290	505	1
290	660	1
290	779	1
290	1018	1
290	1130	-2
290	1465	-2
290	1680	2
291	342	1
291	371	1
291	414	1
291	787	1
291	894	1
291	1020	1
291	1027	2
291	1345	2
291	2043	-2
292	659	1
292	669	1
292	926	1
292	938	1
292	1427	2
292	1687	2
292	1977	-2
293	365	1
293	749	1
293	900	1
293	1018	1
293	1130	-2
293	1216	2
293	1646	2
294	618	1
294	920	1
294	987	1
294	1113	-2
294	1182	-2
294	1650	2
295	332	1
295	663	1
295	783	1
295	817	1
295	854	1
295	973	1
295	1324	-2
295	1490	-2
295	1774	-2
296	496	1
296	1279	-2
296	1662	-2
296	1692	2
297	369	1
297	382	1
297	628	1
297	738	1
297	969	1
297	1769	2
297	1915	2
297	2014	-2
298	349	1
298	469	1
298	796	1
298	835	1
298	1596	-2
298	1691	2
298	1744	2
299	391	1
299	480	1
299	651	1
299	881	1
299	1063	-2
299	1072	2
299	1105	2
300	368	1
300	378	1
300	405	1
300	649	1
300	916	1
300	1120	2
300	1508	-2
300	1957	-2
301	409	1
301	413	1
301	450	1
301	549	1
301	873	1
301	1352	2
301	1643	-2
301	1685	2
302	306	1
302	383	1
302	763	1
302	978	1
302	1248	-2
302	1423	-2
302	2010	-2
303	403	1
303	648	1
303	1004	1
303	1086	2
303	1569	2
303	1964	2
304	412	1
304	576	1
304	611	1
304	720	1
304	779	1
304	928	1
304	1215	2
304	1457	-2
304	1499	2
305	482	1
305	527	1
305	683	1
305	740	1
305	773	1
305	859	1
305	1037	2
305	1098	2
305	1446	-2
306	542	1
306	578	1
306	681	1
306	978	1
306	1674	-2
306	2010	-2
306	2042	-2
307	461	1
307	847	1
307	913	1
307	986	1
307	1373	2
307	1805	2
307	1877	-2
308	350	1
308	591	1
308	680	1
308	690	1
308	956	1
308	999	1
308	1230	-2
308	1736	2
308	1799	2
309	364	1
309	736	1
309	848	1
309	855	1
309	1372	-2
309	1399	-2
309	1583	2
310	872	1
310	1021	1
310	1167	2
310	1779	2
310	1781	-2
311	385	1
311	431	1
311	668	1
311	792	1
311	873	1
311	935	1
311	1351	2
311	1516	2
311	1807	-2
312	524	1
312	856	1
312	1284	2
312	1370	2
312	1437	2
313	332	1
313	617	1
313	820	1
313	1009	1
313	1526	-2
313	1787	-2
313	2030	-2
314	559	1
314	764	1
314	838	1
314	892	1
314	1226	2
314	1228	-2
314	1253	2
315	452	1
315	562	1
315	633	1
315	739	1
315	869	1
315	951	1
315	1241	2
315	1917	2
315	1973	2
316	357	1
316	416	1
316	772	1
316	926	1
316	934	1
316	1181	2
316	1565	2
316	1707	-2
317	463	1
317	472	1
317	762	1
317	781	1
317	1115	-2
317	1212	2
317	1313	-2
318	360	1
318	481	1
318	713	1
318	846	1
318	1015	1
318	1026	-2
318	1082	2
318	1288	2
319	331	1
319	453	1
319	510	1
319	768	1
319	927	1
319	1312	2
319	1419	2
319	2025	-2
320	521	1
320	677	1
320	980	1
320	990	1
320	1388	2
320	1664	-2
320	1870	-2
321	436	1
321	440	1
321	995	1
321	1858	-2
321	1941	-2
321	1948	-2
322	755	1
322	788	1
322	974	1
322	1006	1
322	1117	-2
322	1637	-2
322	1912	-2
323	583	1
323	620	1
323	638	1
323	906	1
323	1174	-2
323	1175	2
323	1506	2
324	417	1
324	423	1
324	452	1
324	773	1
324	802	1
324	1049	2
324	1353	2
324	1896	2
325	941	1
325	954	1
325	976	1
325	1003	1
325	1400	-2
325	1584	-2
325	1802	-2
326	439	2
326	675	1
326	1015	1
326	1599	-2
326	1624	2
326	1713	2
327	678	1
327	800	1
327	824	1
327	990	1
327	992	1
327	1628	2
327	1879	2
327	1976	-2
328	622	1
328	671	1
328	772	1
328	939	1
328	996	1
328	1047	2
328	1422	-2
328	1958	2
329	663	1
329	730	1
329	829	1
329	1075	-2
329	1350	-2
329	1719	-2
330	551	1
330	707	1
330	776	1
330	829	1
330	1020	1
330	1084	-2
330	1088	2
330	1481	2
331	408	1
331	452	1
331	768	1
331	852	1
331	893	1
331	1166	-2
331	1278	2
331	1312	2
332	617	1
332	817	1
332	855	1
332	986	1
332	1052	2
332	1324	-2
332	1787	-2
333	450	1
333	657	1
333	672	1
333	930	1
333	1335	-2
333	1669	-2
333	1801	-2
334	378	1
334	539	1
334	906	1
334	909	1
334	1064	-2
334	1720	-2
334	1978	-2
335	439	1
335	504	1
335	560	1
335	578	1
335	769	1
335	977	1
335	1069	2
335	1087	-2
335	1556	-2
336	510	1
336	656	1
336	1322	-2
336	1785	-2
336	2003	-2
337	545	2
337	658	1
337	700	1
337	716	1
337	981	1
337	1206	-2
337	1320	-2
337	1454	2
338	352	1
338	518	1
338	534	1
338	864	1
338	907	1
338	1417	-2
338	1703	2
338	2006	-2
339	465	1
339	632	1
339	674	1
339	758	1
339	815	1
339	1145	2
339	1549	-2
339	1724	-2
340	861	1
340	885	1
340	1000	1
340	1125	2
340	2041	-2
340	2048	2
341	384	1
341	567	1
341	588	1
341	684	1
341	716	1
341	880	1
341	1170	2
341	1757	-2
341	1826	-2
342	371	1
342	586	1
342	817	1
342	906	1
342	1153	2
342	1345	2
342	1748	2
343	457	1
343	596	1
343	608	1
343	743	1
343	828	1
343	1262	2
343	1280	-2
343	1773	2
344	594	1
344	613	1
344	762	1
344	901	1
344	909	1
344	1438	2
344	1518	-2
344	1697	-2
345	566	1
345	579	1
345	584	1
345	796	1
345	1305	2
345	1404	2
345	1892	2
346	408	1
346	572	1
346	977	1
346	1034	2
346	1540	2
346	1902	-2
347	460	1
347	911	1
347	1217	-2
347	1552	2
347	1735	-2
348	453	1
348	694	1
348	892	1
348	921	1
348	1002	1
348	1231	2
348	1513	2
348	1579	2
349	469	1
349	694	1
349	725	1
349	1051	2
349	1122	2
349	1744	2
350	699	1
350	999	1
350	1119	2
350	1230	-2
350	1883	-2
351	369	1
351	456	1
351	458	1
351	825	1
351	879	1
351	1246	-2
351	1359	2
351	1452	-2
352	539	1
352	864	1
352	1005	1
352	1355	2
352	1417	-2
352	1475	-2
353	690	1
353	762	1
353	908	1
353	1044	-2
353	1314	-2
353	1659	2
354	548	1
354	1024	1
354	1233	2
354	1303	-2
354	1849	2
355	433	1
355	516	1
355	690	1
355	821	1
355	909	1
355	1068	2
355	1489	-2
355	1986	-2
356	368	1
356	422	1
356	498	1
356	723	1
356	839	1
356	928	1
356	1240	-2
356	1895	2
356	1954	-2
357	364	1
357	515	1
357	570	1
357	934	1
357	1707	-2
357	1856	-2
357	2038	2
358	554	1
358	556	1
358	673	1
358	922	1
358	936	1
358	1269	-2
358	1276	2
358	2029	2
359	718	1
359	972	1
359	1544	2
359	1641	-2
359	1695	-2
360	776	1
360	792	1
360	1015	1
360	1082	2
360	1533	2
360	1808	-2
361	488	1
361	721	1
361	874	1
361	910	1
361	1023	1
361	1348	2
361	1694	-2
361	1729	-2
362	584	1
362	624	1
362	823	1
362	1209	-2
362	1443	2
362	1660	2
363	505	1
363	700	1
363	944	1
363	992	1
363	998	1
363	1260	-2
363	1326	-2
363	1747	2
364	469	1
364	515	1
364	747	1
364	848	1
364	1200	2
364	1399	-2
364	1856	-2
365	791	1
365	885	1
365	902	1
365	1094	-2
365	1216	2
365	1389	2
366	696	1
366	724	1
366	843	1
366	999	1
366	1367	2
366	1831	2
366	1987	2
367	537	1
367	640	1
367	912	1
367	1032	-2
367	1070	2
367	1985	2
368	405	1
368	422	1
368	743	1
368	780	1
368	1508	-2
368	1895	2
368	1945	-2
369	382	1
369	717	1
369	800	1
369	1246	-2
369	1843	2
369	2014	-2
370	417	1
370	494	1
370	543	1
370	890	1
370	959	1
370	1299	2
370	1340	2
370	1842	2
371	547	1
371	854	1
371	1008	1
371	1239	-2
371	1345	2
371	1381	-2
372	1357	-2
372	1485	-2
372	1738	2
373	424	1
373	445	1
373	522	1
373	647	1
373	831	1
373	1460	2
373	1797	-2
373	1921	-2
374	619	1
374	661	1
374	705	1
374	725	1
374	844	1
374	1191	2
374	1488	2
374	1625	-2
375	464	1
375	911	1
375	1010	1
375	1392	-2
375	1574	-2
375	1916	2
376	458	1
376	490	1
376	621	1
376	775	1
376	838	1
376	905	1
376	1157	2
376	1803	-2
376	1974	-2
377	398	1
377	473	1
377	758	1
377	1059	-2
377	1940	2
377	1991	2
378	538	1
378	745	1
378	909	1
378	1064	-2
378	1120	2
378	1900	2
379	416	1
379	888	1
379	1366	-2
379	1441	-2
379	1551	2
380	596	1
380	653	1
380	833	1
380	1002	1
380	1272	2
380	1561	2
380	1612	-2
381	466	1
381	528	1
381	779	1
381	876	1
381	1680	2
381	1909	2
381	1935	2
382	421	1
382	565	1
382	631	1
382	725	1
382	1066	2
382	2002	2
382	2014	-2
383	476	1
383	952	1
383	1128	2
383	1267	-2
383	1423	-2
384	637	1
384	684	1
384	984	1
384	1127	-2
384	1197	2
384	1826	-2
385	759	1
385	830	1
385	877	1
385	892	1
385	935	1
385	1351	2
385	1557	-2
385	1888	-2
386	478	1
386	530	1
386	866	1
386	970	1
386	996	1
386	1110	-2
386	1829	2
386	2034	2
387	454	1
387	483	1
387	899	1
387	951	1
387	1382	2
387	1445	-2
387	1770	-2
388	745	1
388	769	1
388	902	1
388	910	1
388	934	1
388	1632	-2
388	1882	2
388	1914	-2
389	666	1
389	761	1
389	833	1
389	961	1
389	967	1
389	1038	-2
389	1108	-2
389	1568	-2
390	828	1
390	1024	1
390	1093	-2
390	1484	2
390	1749	2
391	480	1
391	563	1
391	848	1
391	1072	2
391	1205	2
391	1876	2
392	426	1
392	498	1
392	648	1
392	960	1
392	1555	-2
392	1696	-2
392	1926	2
393	395	1
393	412	1
393	492	1
393	716	1
393	744	1
393	944	1
393	1296	2
393	1827	-2
393	1869	-2
394	506	1
394	674	1
394	728	1
394	811	1
394	1810	-2
394	1922	2
394	1970	-2
395	412	1
395	708	1
395	880	1
395	1852	-2
395	1869	-2
395	1965	-2
396	504	1
396	715	1
396	1554	2
396	1604	-2
396	1621	-2
397	545	1
397	703	1
397	813	1
397	886	1
397	1124	-2
397	1442	-2
397	1848	2
398	808	1
398	932	1
398	978	1
398	1030	-2
398	1159	2
398	1991	2
399	463	1
399	652	1
399	775	1
399	777	1
399	1017	1
399	1344	2
399	1512	2
399	1542	-2
400	466	1
400	561	1
400	718	1
400	782	1
400	913	1
400	1187	2
400	1688	-2
400	1993	-2
401	532	1
401	594	1
401	615	1
401	1018	1
401	1395	-2
401	1470	2
401	2015	2
402	468	1
402	499	1
402	569	1
402	992	1
402	994	1
402	1339	-2
402	1447	-2
402	1741	-2
403	406	1
403	648	1
403	875	1
403	1086	2
403	1316	-2
403	1492	2
404	535	1
404	799	1
404	821	1
404	899	1
404	1101	2
404	1282	2
404	1635	-2
405	418	1
405	818	1
405	903	1
405	1483	2
405	1508	-2
405	1656	2
406	755	1
406	803	1
406	875	1
406	1316	-2
406	1535	2
406	1998	2
407	571	1
407	618	1
407	950	1
407	1295	2
407	1576	-2
407	1862	-2
408	685	1
408	802	1
408	852	1
408	1034	2
408	1278	2
408	1527	2
409	427	1
409	450	1
409	826	1
409	1352	2
409	1493	-2
409	1918	-2
410	507	1
410	540	1
410	544	1
410	694	1
410	750	1
410	1126	-2
410	1360	-2
410	1379	2
411	786	1
411	855	1
411	1193	2
411	1234	2
411	1380	2
412	576	1
412	1139	2
412	1499	2
412	1869	-2
413	558	1
413	740	1
413	843	1
413	1643	-2
413	1928	2
413	1999	2
414	643	1
414	804	1
414	911	1
414	1020	1
414	1027	2
414	1223	2
414	1243	-2
415	428	1
415	456	1
415	949	1
415	1436	-2
415	1545	-2
415	1752	-2
416	863	1
416	926	1
416	1181	2
416	1366	-2
416	1920	2
417	423	1
417	441	1
417	890	1
417	1022	1
417	1049	2
417	1842	2
417	2019	2
418	590	1
418	591	1
418	732	1
418	818	1
418	1039	2
418	1204	2
418	1483	2
419	447	1
419	520	1
419	628	1
419	774	1
419	947	1
419	1440	2
419	1461	2
419	1510	2
420	726	1
420	809	1
420	937	1
420	1023	1
420	1409	2
420	1414	2
420	1865	2
421	564	1
421	580	1
421	599	1
421	725	1
421	1162	2
421	1435	2
421	2002	2
422	485	1
422	568	1
422	763	1
422	1118	2
422	1666	-2
422	1895	2
423	674	1
423	1049	2
423	1463	2
423	1737	2
424	522	1
424	536	1
424	893	1
424	1376	2
424	1639	-2
424	1797	-2
425	749	1
425	871	1
425	983	1
425	1413	-2
425	1473	-2
425	1996	2
426	755	1
426	791	1
426	921	1
426	960	1
426	1606	2
426	1696	-2
426	1726	-2
427	434	1
427	682	1
427	801	1
427	947	1
427	1055	2
427	1416	-2
427	1918	-2
428	809	1
428	898	1
428	1436	-2
428	1617	2
428	1689	-2
429	534	1
429	548	1
429	636	1
429	810	1
429	915	1
429	1100	-2
429	1244	2
429	1469	-2
430	631	1
430	904	1
430	1343	2
430	1362	2
430	1385	-2
431	455	1
431	650	1
431	668	1
431	1057	-2
431	1396	-2
431	1807	-2
432	538	1
432	644	1
432	649	1
432	795	1
432	1292	-2
432	1327	-2
432	1663	2
433	533	1
433	821	1
433	930	1
433	1489	-2
433	1716	2
433	2000	-2
434	607	1
434	633	1
434	801	1
434	945	1
434	975	1
434	1055	2
434	1256	-2
434	1952	2
435	491	1
435	629	1
435	832	1
435	850	1
435	1207	-2
435	1338	2
435	1722	2
436	440	1
436	641	1
436	642	1
436	1775	-2
436	1858	-2
436	2039	2
437	471	1
437	537	1
437	647	1
437	778	1
437	918	1
437	1179	2
437	1823	-2
437	2032	-2
438	629	1
438	679	1
438	965	1
438	1195	2
438	1602	-2
438	1851	-2
439	578	1
439	1087	-2
439	1599	-2
439	1624	2
440	677	1
440	903	1
440	1270	-2
440	1858	-2
440	2037	-2
441	520	1
441	597	1
441	993	1
441	1014	1
441	1022	1
441	1214	-2
441	1306	-2
441	2019	2
442	526	1
442	616	1
442	890	1
442	1007	1
442	1289	-2
442	1332	-2
442	1594	2
443	448	1
443	520	1
443	521	1
443	1232	-2
443	1903	2
443	1931	2
444	513	1
444	645	1
444	770	1
444	929	1
444	1328	2
444	1478	2
444	1702	-2
445	627	1
445	743	1
445	831	1
445	1079	2
445	1165	-2
445	1460	2
446	686	1
446	969	1
446	1099	-2
446	1265	2
446	1297	-2
447	527	1
447	603	1
447	870	1
447	947	1
447	1268	2
447	1440	2
447	1581	2
448	517	1
448	626	1
448	729	1
448	768	1
448	1271	2
448	1903	2
448	2022	-2
449	487	1
449	852	1
449	875	1
449	926	1
449	1550	2
449	1868	2
449	1907	-2
450	497	1
450	600	1
450	657	1
450	1352	2
450	1623	-2
450	1669	-2
451	724	1
451	763	1
451	1017	1
451	1514	2
451	1881	2
451	1932	2
452	802	1
452	893	1
452	951	1
452	1166	-2
452	1896	2
452	1917	2
453	510	1
453	694	1
453	863	1
453	1231	2
453	1419	2
453	1878	-2
454	492	1
454	611	1
454	951	1
454	1537	2
454	1770	-2
454	1913	2
455	494	1
455	632	1
455	753	1
455	1057	-2
455	1251	2
455	1487	2
456	458	1
456	643	1
456	793	1
456	1359	2
456	1545	-2
456	1908	2
457	596	1
457	794	1
457	822	1
457	923	1
457	1262	2
457	1315	2
457	1750	-2
458	604	1
458	799	1
458	905	1
458	1157	2
458	1359	2
458	1906	2
459	732	1
459	737	1
459	827	1
459	858	1
459	964	1
459	1085	2
459	1645	2
459	1898	2
460	607	1
460	985	1
460	1184	2
460	1217	-2
460	1586	2
461	722	1
461	731	1
461	799	1
461	913	1
461	940	1
461	1403	2
461	1496	2
461	1805	2
462	609	1
462	689	1
462	957	1
462	1186	-2
462	1572	-2
462	1668	2
463	472	1
463	634	1
463	775	1
463	1001	1
463	1115	-2
463	1344	2
463	1897	-2
464	619	1
464	778	1
464	979	1
464	1574	-2
464	1704	2
464	2005	2
465	602	1
465	770	1
465	1152	2
465	1549	-2
465	1762	-2
466	528	1
466	665	1
466	718	1
466	769	1
466	1187	2
466	1909	2
466	2036	2
467	635	1
467	841	1
467	937	1
467	956	1
467	1180	2
467	1290	2
467	1578	-2
468	682	1
468	719	1
468	729	1
468	994	1
468	1089	-2
468	1447	-2
468	1521	-2
469	747	1
469	1200	2
469	1308	2
469	1744	2
470	519	1
470	735	1
470	741	1
470	847	1
470	1028	-2
470	1255	-2
470	1684	-2
471	494	1
471	918	1
471	1103	2
471	1179	2
471	1653	-2
472	489	1
472	502	1
472	895	1
472	1012	1
472	1115	-2
472	1580	2
472	1740	-2
473	768	1
473	1192	2
473	1940	2
473	1971	-2
474	731	1
474	797	1
474	1188	-2
474	1567	-2
474	2027	2
475	654	1
475	664	1
475	907	1
475	935	1
475	1309	-2
475	1504	2
475	1638	-2
476	518	1
476	526	1
476	1018	1
476	1128	2
476	1156	-2
476	1690	2
477	673	1
477	712	1
477	819	1
477	1000	1
477	1112	2
477	1866	2
477	2035	-2
478	586	1
478	669	1
478	767	1
478	866	1
478	1176	-2
478	1183	-2
478	1829	2
479	529	1
479	872	1
479	874	1
479	1015	1
479	1154	-2
479	1450	2
479	1543	-2
480	620	1
480	735	1
480	752	1
480	1072	2
480	1177	-2
480	1601	-2
481	733	1
481	754	1
481	846	1
481	1026	-2
481	1132	-2
481	2013	2
482	594	1
482	636	1
482	683	1
482	917	1
482	1319	2
482	1446	-2
482	1875	2
483	1012	1
483	1168	-2
483	1445	-2
483	1800	-2
484	742	1
484	798	1
484	896	1
484	942	1
484	1377	-2
484	1384	2
484	1853	-2
485	497	1
485	568	1
485	656	1
485	937	1
485	1118	2
485	1411	2
485	1782	2
486	782	1
486	865	1
486	984	1
486	996	1
486	1045	-2
486	1356	2
486	1589	2
487	649	1
487	676	1
487	908	1
487	1225	-2
487	1252	-2
487	1907	-2
488	632	1
488	648	1
488	860	1
488	910	1
488	982	1
488	1348	2
488	1681	2
488	1824	-2
489	502	1
489	703	1
489	808	1
489	852	1
489	864	1
489	1517	-2
489	1580	2
489	1721	-2
490	662	1
490	759	1
490	775	1
490	800	1
490	1259	2
490	1693	2
490	1974	-2
491	789	1
491	832	1
491	938	1
491	963	1
491	1164	-2
491	1263	-2
491	1722	2
492	726	1
492	744	1
492	1296	2
492	1421	-2
492	1913	2
493	830	1
493	939	1
493	951	1
493	964	1
493	1201	-2
493	1686	-2
493	1905	-2
494	632	1
494	959	1
494	1103	2
494	1251	2
494	1340	2
495	618	1
495	749	1
495	817	1
495	929	1
495	1092	2
495	1859	-2
495	1874	-2
496	787	1
496	798	1
496	999	1
496	1172	2
496	1692	2
496	2023	-2
497	600	1
497	656	1
497	849	1
497	889	1
497	1213	-2
497	1623	-2
497	1782	2
498	648	1
498	723	1
498	897	1
498	1240	-2
498	1926	2
498	1959	-2
499	547	1
499	881	1
499	992	1
499	1675	-2
499	1741	-2
499	1890	2
500	540	1
500	582	1
500	882	1
500	904	1
500	1728	-2
500	1818	2
500	1938	-2
501	522	1
501	630	1
501	751	1
501	1194	2
501	1331	-2
501	1519	-2
502	884	1
502	920	1
502	935	1
502	1580	2
502	1761	-2
502	1806	-2
503	702	1
503	718	1
503	889	1
503	907	1
503	965	1
503	1033	-2
503	1471	-2
503	1608	2
504	921	1
504	973	1
504	977	1
504	1104	2
504	1556	-2
504	1621	-2
505	612	1
505	660	1
505	859	1
505	944	1
505	1318	2
505	1326	-2
505	1465	-2
506	714	1
506	968	1
506	1334	-2
506	1810	-2
506	1942	-2
507	717	1
507	750	1
507	814	1
507	849	1
507	962	1
507	1360	-2
507	1839	2
507	1857	-2
508	588	1
508	601	1
508	604	1
508	865	1
508	961	1
508	1266	2
508	1358	2
508	1582	-2
509	575	1
509	652	1
509	844	1
509	1025	-2
509	1121	2
509	1349	2
510	592	1
510	1150	-2
510	1322	-2
510	1419	2
511	519	1
511	602	1
511	642	1
511	1307	2
511	1531	-2
511	1670	2
512	550	1
512	576	1
512	691	1
512	714	1
512	1235	-2
512	1571	-2
512	1854	-2
513	697	1
513	863	1
513	1137	-2
513	1328	2
513	1491	2
514	533	1
514	600	1
514	836	1
514	1264	-2
514	1756	2
514	1889	2
515	517	1
515	550	1
515	790	1
515	1065	-2
515	1856	-2
515	1880	-2
516	740	1
516	884	1
516	909	1
516	990	1
516	1598	-2
516	1751	2
516	1986	-2
517	550	1
517	768	1
517	922	1
517	949	1
517	1271	2
517	1603	-2
517	1880	-2
518	534	1
518	746	1
518	1018	1
518	1156	-2
518	1924	-2
518	2006	-2
519	616	1
519	741	1
519	746	1
519	1028	-2
519	1573	2
519	1670	2
520	774	1
520	1014	1
520	1214	-2
520	1232	-2
520	1510	2
521	568	1
521	677	1
521	1870	-2
521	1931	2
521	1969	-2
522	544	1
522	736	1
522	1194	2
522	1732	2
522	1797	-2
523	552	1
523	613	1
523	653	1
523	713	1
523	1211	2
523	1553	-2
523	1967	2
524	695	1
524	774	1
524	958	1
524	1437	2
524	1558	2
524	1658	2
525	530	1
525	543	1
525	624	1
525	693	1
525	813	1
525	995	1
525	1424	2
525	1652	2
525	1780	2
526	929	1
526	1289	-2
526	1690	2
526	1734	2
527	650	1
527	859	1
527	1098	2
527	1268	2
527	1524	-2
528	835	1
528	840	1
528	972	1
528	1391	-2
528	1600	-2
528	1909	2
529	759	1
529	891	1
529	948	1
529	997	1
529	1218	-2
529	1543	-2
529	2011	2
530	733	1
530	748	1
530	813	1
530	996	1
530	1607	2
530	1652	2
530	2034	2
531	574	1
531	589	1
531	853	1
531	1011	1
531	1077	-2
531	1163	-2
531	1860	-2
532	568	1
532	615	1
532	891	1
532	1597	-2
532	1667	2
532	2015	2
533	836	1
533	1559	-2
533	1716	2
533	1756	2
534	636	1
534	1100	-2
534	1546	-2
534	2006	-2
535	623	1
535	628	1
535	799	1
535	902	1
535	1282	2
535	1365	-2
535	1622	2
536	710	1
536	898	1
536	1376	2
536	1378	2
536	1980	2
537	645	1
537	838	1
537	912	1
537	1462	-2
537	1823	-2
537	1985	2
538	745	1
538	795	1
538	905	1
538	1141	-2
538	1292	-2
538	1900	2
539	622	1
539	747	1
539	1355	2
539	1720	-2
539	1861	-2
540	543	1
540	582	1
540	694	1
540	1126	-2
540	1728	-2
540	1911	2
541	598	1
541	658	1
541	933	1
541	994	1
541	1203	2
541	1439	-2
541	1523	-2
542	681	1
542	915	1
542	989	1
542	1674	-2
542	1872	-2
542	1984	2
543	693	1
543	1299	2
543	1424	2
543	1911	2
544	722	1
544	736	1
544	966	1
544	1379	2
544	1590	2
544	1732	2
545	716	1
545	813	1
545	981	1
545	1206	-2
545	1320	-2
545	1848	2
546	593	1
546	606	1
546	814	1
546	866	1
546	1014	1
546	1043	-2
546	1283	-2
546	1949	-2
547	635	1
547	1239	-2
547	1406	-2
547	1675	-2
548	810	1
548	1024	1
548	1244	2
548	1277	2
548	1849	2
549	601	1
549	662	1
549	861	1
549	873	1
549	1016	1
549	1048	-2
549	1649	-2
549	1685	2
550	691	1
550	962	1
550	1571	-2
550	1841	2
550	1880	-2
551	707	1
551	785	1
551	842	1
551	987	1
551	1088	2
551	1472	2
551	1701	2
552	613	1
552	621	1
552	637	1
552	684	1
552	1211	2
552	1661	-2
552	1760	2
553	630	2
553	704	1
553	750	1
553	1095	-2
553	1541	2
553	1832	-2
554	556	1
554	850	1
554	1449	2
554	1846	2
554	2029	2
555	585	1
555	702	1
555	728	1
555	804	1
555	807	1
555	831	1
555	1325	-2
555	1708	2
555	1979	2
556	574	1
556	705	1
556	1116	2
556	1677	-2
556	2029	2
557	565	1
557	757	1
557	820	1
557	901	1
557	917	1
557	1151	-2
557	1398	-2
557	1605	-2
558	893	1
558	927	1
558	958	1
558	1682	-2
558	1709	-2
558	1999	2
559	589	1
559	892	1
559	966	1
559	1001	1
559	1228	-2
559	1562	2
559	1796	-2
560	661	1
560	769	1
560	954	1
560	1046	-2
560	1069	2
560	1310	-2
561	780	1
561	913	1
561	1712	2
561	1923	-2
561	1993	-2
562	739	1
562	844	1
562	1486	2
562	1925	2
562	1973	2
563	848	1
563	1205	2
563	1563	2
563	1838	-2
564	599	1
564	771	1
564	802	1
564	1162	2
564	1342	-2
564	1699	-2
565	631	1
565	741	1
565	1066	2
565	1151	-2
565	1733	2
566	621	1
566	868	1
566	1097	-2
566	1305	2
566	1975	-2
567	588	1
567	727	1
567	971	1
567	1588	-2
567	1717	-2
567	1757	-2
568	891	1
568	1118	2
568	1597	-2
568	1969	-2
569	903	1
569	932	1
569	1189	-2
569	1339	-2
569	1793	-2
570	641	1
570	1298	-2
570	1629	2
570	2038	2
571	638	1
571	801	1
571	833	1
571	898	1
571	950	1
571	1295	2
571	1502	-2
571	1593	-2
572	867	1
572	1040	-2
572	1540	2
572	1585	2
573	669	1
573	695	1
573	751	1
573	1005	1
573	1009	1
573	1173	-2
573	1383	-2
573	1495	2
574	589	1
574	1626	2
574	1677	-2
574	1860	-2
575	651	1
575	652	1
575	1121	2
575	1224	-2
575	1466	2
576	681	1
576	875	1
576	1499	2
576	1854	-2
576	1886	2
577	667	1
577	704	1
577	720	1
577	940	1
577	1102	2
577	1631	2
577	1654	-2
578	781	1
578	836	1
578	1087	-2
578	1812	-2
578	2042	-2
579	683	1
579	796	1
579	980	1
579	1397	-2
579	1892	2
579	1982	-2
580	916	1
580	949	1
580	1199	-2
580	1435	2
580	1515	2
581	640	1
581	807	1
581	825	1
581	968	1
581	984	1
581	1196	-2
581	1444	2
581	1822	-2
582	605	1
582	810	1
582	1536	2
582	1683	2
582	1728	-2
583	620	1
583	720	1
583	721	1
583	804	1
583	1175	2
583	1304	-2
583	1432	2
584	609	1
584	646	1
584	1404	2
584	1660	2
584	1825	-2
585	702	1
585	748	1
585	1073	2
585	1161	2
585	1325	-2
586	752	1
586	766	1
586	767	1
586	906	1
586	1083	2
586	1153	2
586	1183	-2
587	723	1
587	846	1
587	851	1
587	1237	2
587	1679	2
587	1767	-2
588	595	1
588	604	1
588	841	1
588	1266	2
588	1374	2
588	1757	-2
589	883	1
589	966	1
589	1710	2
589	1796	-2
589	1860	-2
590	732	1
590	848	1
590	1039	2
590	1062	2
590	1930	2
591	690	1
591	957	1
591	1204	2
591	1509	-2
591	1799	2
592	679	1
592	706	1
592	983	1
592	1008	1
592	1150	-2
592	1723	2
592	1864	2
593	700	1
593	793	1
593	866	1
593	1043	-2
593	1966	-2
593	1997	-2
594	1395	-2
594	1438	2
594	1875	2
595	681	1
595	731	1
595	824	1
595	841	1
595	1138	-2
595	1374	2
595	2046	-2
596	653	1
596	1262	2
596	1561	2
596	1592	2
597	991	1
597	993	1
597	1135	2
597	1306	-2
597	1768	-2
598	615	1
598	658	1
598	709	1
598	785	1
598	1155	-2
598	1203	2
598	1644	-2
599	1162	2
599	1494	2
599	1814	-2
600	687	1
600	1330	2
600	1623	-2
600	1889	2
601	693	1
601	865	1
601	1016	1
601	1582	-2
601	1649	-2
601	1891	-2
602	642	1
602	858	1
602	1152	2
602	1307	2
602	1482	2
603	625	1
603	671	1
603	675	1
603	717	1
603	870	1
603	1581	2
603	1671	-2
603	2001	-2
604	673	1
604	799	1
604	1266	2
604	1529	-2
604	1906	2
605	626	1
605	663	1
605	914	1
605	1042	2
605	1536	2
605	1983	2
606	643	1
606	710	1
606	789	1
606	1014	1
606	1257	-2
606	1371	-2
606	1949	-2
607	633	1
607	730	1
607	985	1
607	1256	-2
607	1387	2
607	1586	2
608	784	1
608	827	1
608	828	1
608	887	1
608	1476	2
608	1773	2
608	2020	-2
609	623	1
609	646	1
609	1572	-2
609	1819	2
609	1825	-2
610	698	1
610	913	1
610	948	1
610	1074	-2
610	1311	-2
610	1828	-2
611	774	1
611	777	1
611	928	1
611	1136	-2
611	1457	-2
611	1537	2
612	767	1
612	859	1
612	1254	-2
612	1318	2
612	1706	2
613	901	1
613	1211	2
613	1520	-2
613	1697	-2
614	693	1
614	991	1
614	1012	1
614	1236	2
614	1386	2
614	1820	2
615	709	1
615	1155	-2
615	1219	-2
615	2015	2
616	746	1
616	806	1
616	887	1
616	890	1
616	1573	2
616	1594	2
616	2007	2
617	765	1
617	837	1
617	1017	1
617	1029	-2
617	1301	-2
617	1787	-2
618	749	1
618	1182	-2
618	1576	-2
618	1874	-2
619	878	1
619	1625	-2
619	1704	2
619	1968	-2
620	811	1
620	1175	2
620	1601	-2
620	1772	-2
621	838	1
621	868	1
621	1097	-2
621	1760	2
621	1803	-2
622	747	1
622	996	1
622	1422	-2
622	1613	-2
622	1861	-2
623	902	1
623	924	1
623	1024	1
623	1054	-2
623	1622	2
623	1819	2
624	823	1
624	862	1
624	993	1
624	995	1
624	1209	-2
624	1754	2
624	1780	2
625	676	1
625	717	1
625	832	1
625	1013	1
625	1016	1
625	1420	-2
625	1615	-2
625	1671	-2
626	729	1
626	914	1
626	1042	2
626	1407	-2
626	2022	-2
627	948	1
627	967	1
627	1165	-2
627	1698	2
627	1963	2
628	1365	-2
628	1461	2
628	1769	2
629	715	1
629	867	1
629	1338	2
629	1477	-2
629	1851	-2
630	750	1
630	1095	-2
630	1331	-2
630	1832	-2
631	688	1
631	816	1
631	1066	2
631	1362	2
631	2016	-2
632	815	1
632	982	1
632	1251	2
632	1724	-2
632	1824	-2
633	723	1
633	739	1
633	869	1
633	1241	2
633	1256	-2
633	1794	2
634	659	1
634	665	1
634	726	1
634	1001	1
634	1575	-2
634	1897	-2
634	2044	-2
635	742	1
635	812	1
635	841	1
635	1290	2
635	1406	-2
635	1418	-2
636	687	1
636	917	1
636	1100	-2
636	1319	2
636	1609	2
637	684	1
637	794	1
637	818	1
637	1090	2
637	1127	-2
637	1661	-2
638	833	1
638	912	1
638	1502	-2
638	1506	2
638	1788	2
639	727	1
639	968	1
639	1010	1
639	1198	-2
639	1616	2
639	1927	-2
640	825	1
640	1070	2
640	1147	2
640	1822	-2
641	846	1
641	1298	-2
641	1836	2
641	2039	2
642	1307	2
642	1434	-2
642	1775	-2
643	710	1
643	793	1
643	1243	-2
643	1371	-2
643	1908	2
644	756	1
644	963	1
644	1011	1
644	1327	-2
644	1501	2
644	1547	2
645	838	1
645	929	1
645	1107	-2
645	1462	-2
645	1478	2
646	874	1
646	896	1
646	1467	-2
646	1614	-2
646	1825	-2
647	778	1
647	945	1
647	1258	-2
647	1921	-2
647	2032	-2
648	860	1
648	1086	2
648	1681	2
648	1926	2
649	908	1
649	916	1
649	1225	-2
649	1663	2
649	1957	-2
650	1396	-2
650	1524	-2
650	1714	-2
651	971	1
651	987	1
651	1063	-2
651	1364	2
651	1466	2
652	713	1
652	773	1
652	777	1
652	1121	2
652	1480	2
652	1542	-2
653	857	1
653	1336	-2
653	1561	2
653	1967	2
654	691	1
654	935	1
654	1096	2
654	1638	-2
654	1840	2
655	683	1
655	688	1
655	787	1
655	798	1
655	1149	2
655	1426	-2
655	1633	2
656	667	1
656	979	1
656	1287	-2
656	1782	2
656	1785	-2
657	748	1
657	760	1
657	1227	2
657	1451	-2
657	1669	-2
658	700	1
658	931	1
658	1203	2
658	1454	2
658	1919	2
659	926	1
659	1427	2
659	1575	-2
659	2018	-2
660	1041	2
660	1465	-2
660	1715	-2
661	670	1
661	725	1
661	954	1
661	1046	-2
661	1191	2
661	1433	2
662	759	1
662	826	1
662	860	1
662	861	1
662	1048	-2
662	1259	2
662	1755	2
663	783	1
663	829	1
663	1719	-2
663	1774	-2
663	1983	2
664	907	1
664	912	1
664	1300	-2
664	1309	-2
664	1655	2
665	726	1
665	769	1
665	1106	2
665	2036	2
665	2044	-2
666	765	1
666	833	1
666	960	1
666	1108	-2
666	1286	2
666	1368	2
667	701	1
667	979	1
667	1131	-2
667	1287	-2
667	1631	2
668	764	1
668	876	1
668	972	1
668	1036	2
668	1705	-2
668	1807	-2
669	938	1
669	1005	1
669	1176	-2
669	1383	-2
669	1687	2
670	847	1
670	879	1
670	922	1
670	1425	-2
670	1433	2
670	1505	-2
671	675	1
671	701	1
671	939	1
671	1528	-2
671	1958	2
671	2001	-2
672	685	1
672	711	1
672	1763	2
672	1801	-2
672	1953	2
673	712	1
673	922	1
673	1112	2
673	1276	2
673	1529	-2
674	758	1
674	1145	2
674	1737	2
674	1970	-2
675	792	1
675	1015	1
675	1453	2
675	1713	2
675	2001	-2
676	924	1
676	1013	1
676	1252	-2
676	1615	-2
676	1961	-2
677	1021	1
677	1270	-2
677	1815	-2
677	1870	-2
678	816	1
678	824	1
678	877	1
678	1123	2
678	1346	-2
678	1628	2
679	870	1
679	1008	1
679	1195	2
679	1864	2
679	1894	2
680	708	1
680	955	1
680	956	1
680	1031	-2
680	1534	-2
680	1736	2
681	875	1
681	1674	-2
681	1886	2
681	2046	-2
682	729	1
682	858	1
682	947	1
682	1416	-2
682	1521	-2
682	1766	-2
683	688	1
683	1149	2
683	1397	-2
683	1446	-2
684	786	1
684	950	1
684	1431	2
684	1661	-2
684	1826	-2
685	711	1
685	802	1
685	826	1
685	1456	2
685	1527	2
685	1763	2
686	754	1
686	872	1
686	1099	-2
686	1479	2
686	1845	-2
687	904	1
687	941	1
687	1330	2
687	1458	2
687	1609	2
688	751	1
688	816	1
688	985	1
688	1078	-2
688	1149	2
688	2016	-2
689	851	1
689	857	1
689	1008	1
689	1186	-2
689	1651	2
689	2021	-2
690	1044	-2
690	1068	2
690	1799	2
691	1571	-2
691	1725	-2
691	1840	2
692	719	1
692	728	1
692	729	1
692	927	1
692	1835	-2
692	1871	-2
692	2004	-2
693	1386	2
693	1424	2
693	1891	-2
694	725	1
694	1051	2
694	1126	-2
694	1231	2
695	751	1
695	824	1
695	958	1
695	1173	-2
695	1202	-2
695	1558	2
696	758	1
696	843	1
696	1341	2
696	1367	2
696	1904	-2
697	772	1
697	863	1
697	964	1
697	975	1
697	1429	2
697	1491	2
697	1560	-2
698	753	1
698	841	1
698	866	1
698	1311	-2
698	1532	2
698	1937	2
699	981	1
699	1006	1
699	1119	2
699	1587	2
699	1620	-2
700	793	1
700	1260	-2
700	1454	2
700	1966	-2
701	1131	-2
701	1140	2
701	1528	-2
702	718	1
702	831	1
702	1016	1
702	1325	-2
702	1471	-2
702	1566	2
703	760	1
703	852	1
703	1124	-2
703	1721	-2
703	1863	-2
704	862	1
704	887	1
704	1129	2
704	1541	2
704	1654	-2
705	844	1
705	895	1
705	1116	2
705	1488	2
705	1753	2
706	788	1
706	941	1
706	982	1
706	983	1
706	1011	1
706	1723	2
706	1776	2
706	1816	-2
707	1088	2
707	1222	-2
707	1238	-2
708	882	1
708	947	1
708	1134	-2
708	1534	-2
708	1965	-2
709	915	1
709	1155	-2
709	1630	-2
709	1873	-2
710	1144	-2
710	1371	-2
710	1378	2
711	746	1
711	967	1
711	981	1
711	1347	-2
711	1727	2
711	1763	2
712	925	1
712	1112	2
712	1363	-2
712	1731	-2
713	773	1
713	1288	2
713	1480	2
713	1553	-2
714	757	1
714	952	1
714	1235	-2
714	1334	-2
714	1474	-2
715	737	1
715	867	1
715	918	1
715	1293	2
715	1477	-2
715	1604	-2
716	880	1
716	944	1
716	1170	2
716	1320	-2
716	1827	-2
717	800	1
717	849	1
717	1671	-2
717	1839	2
717	1843	2
718	1187	2
718	1471	-2
718	1544	2
719	908	1
719	1002	1
719	1089	-2
719	1337	2
719	1871	-2
720	779	1
720	804	1
720	940	1
720	1102	2
720	1215	2
720	1432	2
721	849	1
721	867	1
721	874	1
721	1304	-2
721	1634	-2
721	1694	-2
722	797	1
722	940	1
722	966	1
722	1403	2
722	1590	2
722	1739	2
723	739	1
723	846	1
723	1237	2
723	1240	-2
723	1794	2
724	946	1
724	1007	1
724	1798	2
724	1831	2
724	1932	2
725	1051	2
725	1191	2
725	2002	2
726	937	1
726	1414	2
726	1421	-2
726	2044	-2
727	956	1
727	968	1
727	1412	2
727	1717	-2
727	1927	-2
728	807	1
728	811	1
728	927	1
728	1922	2
728	1979	2
728	2004	-2
729	1521	-2
729	1835	-2
729	2022	-2
730	1350	-2
730	1387	2
730	1792	2
731	797	1
731	799	1
731	824	1
731	1138	-2
731	1188	-2
731	1496	2
732	744	1
732	964	1
732	982	1
732	1039	2
732	1294	2
732	1645	2
733	748	1
733	754	1
733	934	1
733	976	1
733	1132	-2
733	1291	-2
733	1607	2
734	770	1
734	917	1
734	955	1
734	976	1
734	1158	-2
734	1171	2
734	1817	2
735	752	1
735	847	1
735	1177	-2
735	1255	-2
735	1813	-2
736	842	1
736	1372	-2
736	1665	2
736	1732	2
737	916	1
737	918	1
737	1293	2
737	1844	-2
737	1898	2
738	818	1
738	969	1
738	1867	-2
738	1915	2
738	2040	2
739	1511	2
739	1794	2
739	1973	2
740	773	1
740	843	1
740	884	1
740	1037	2
740	1598	-2
740	1928	2
741	756	1
741	1028	-2
741	1080	2
741	1733	2
742	798	1
742	812	1
742	815	1
742	1418	-2
742	1853	-2
742	1989	-2
743	780	1
743	1079	2
743	1280	-2
743	1945	-2
744	962	1
744	982	1
744	1060	-2
744	1294	2
744	1296	2
745	910	1
745	1882	2
745	1900	2
745	1934	-2
746	1573	2
746	1727	2
746	1924	-2
747	932	1
747	1200	2
747	1538	-2
747	1861	-2
748	760	1
748	1073	2
748	1451	-2
748	1607	2
749	900	1
749	983	1
749	1646	2
749	1874	-2
749	1996	2
750	1095	-2
750	1360	-2
750	1758	-2
751	985	1
751	1078	-2
751	1173	-2
751	1519	-2
752	766	1
752	868	1
752	1083	2
752	1177	-2
752	1285	2
753	866	1
753	1146	2
753	1487	2
753	1937	2
754	775	1
754	872	1
754	1132	-2
754	1479	2
754	1790	2
755	921	1
755	1117	-2
755	1606	2
755	1998	2
756	961	1
756	963	1
756	1080	2
756	1361	2
756	1501	2
757	779	1
757	917	1
757	952	1
757	1474	-2
757	1595	2
757	1605	-2
758	1059	-2
758	1145	2
758	1341	2
759	877	1
759	891	1
759	1259	2
759	1557	-2
759	2011	2
760	777	1
760	1451	-2
760	1863	-2
760	1956	2
761	790	1
761	883	1
761	967	1
761	1091	-2
761	1568	-2
761	1627	2
762	909	1
762	1313	-2
762	1314	-2
762	1518	-2
763	1248	-2
763	1666	-2
763	1881	2
764	876	1
764	1253	2
764	1402	-2
764	1705	-2
765	837	1
765	1301	-2
765	1368	2
765	1455	2
766	806	1
766	864	1
766	894	1
766	1083	2
766	1899	2
766	2045	2
767	822	1
767	1183	-2
767	1254	-2
767	2031	-2
768	1192	2
768	1271	2
768	1312	2
769	902	1
769	1069	2
769	1914	-2
769	2036	2
770	976	1
770	1158	-2
770	1702	-2
770	1762	-2
771	829	1
771	900	1
771	1053	-2
771	1678	-2
771	1699	-2
772	975	1
772	1047	2
772	1560	-2
772	1565	2
773	1037	2
773	1353	2
773	1480	2
774	777	1
774	1136	-2
774	1510	2
774	1658	2
775	1344	2
775	1790	2
775	1974	-2
776	792	1
776	829	1
776	897	1
776	1245	2
776	1481	2
776	1533	2
777	1136	-2
777	1542	-2
777	1956	2
778	880	1
778	979	1
778	1208	-2
778	2005	2
778	2032	-2
779	1215	2
779	1595	2
779	1680	2
780	1023	1
780	1220	-2
780	1712	2
780	1945	-2
781	836	1
781	958	1
781	1212	2
781	1619	-2
781	1812	-2
782	895	1
782	1003	1
782	1356	2
782	1611	-2
782	1688	-2
783	790	1
783	888	1
783	914	1
783	931	1
783	1169	2
783	1771	2
783	1774	-2
784	803	1
784	812	1
784	994	1
784	1221	-2
784	2020	-2
784	2047	2
785	1468	2
785	1472	2
785	1644	-2
786	950	1
786	959	1
786	1380	2
786	1431	2
786	1789	-2
787	798	1
787	894	1
787	1426	-2
787	2023	-2
787	2043	-2
788	827	1
788	865	1
788	1006	1
788	1011	1
788	1178	2
788	1637	-2
788	1816	-2
789	1257	-2
789	1263	-2
789	1405	-2
790	883	1
790	888	1
790	1065	-2
790	1091	-2
790	1771	2
791	808	1
791	885	1
791	1111	-2
791	1389	2
791	1726	-2
792	873	1
792	1453	2
792	1516	2
792	1533	2
793	901	1
793	1394	2
793	1908	2
793	1966	-2
794	805	1
794	818	1
794	822	1
794	1071	-2
794	1090	2
794	1750	-2
795	986	1
795	1292	-2
795	1811	-2
795	1901	2
796	873	1
796	1691	2
796	1778	2
796	1892	2
797	877	1
797	1188	-2
797	1618	-2
797	1739	2
798	1633	2
798	1853	-2
798	2023	-2
799	1282	2
799	1496	2
799	1906	2
800	1693	2
800	1843	2
800	1976	-2
801	886	1
801	898	1
801	1055	2
801	1564	-2
801	1593	-2
802	1342	-2
802	1527	2
802	1896	2
803	993	1
803	994	1
803	1221	-2
803	1522	-2
803	1535	2
804	831	1
804	911	1
804	1223	2
804	1432	2
804	1708	2
805	988	1
805	1050	2
805	1071	-2
805	1809	2
806	864	1
806	887	1
806	890	1
806	1899	2
806	1962	-2
806	2007	2
807	984	1
807	1444	2
807	1672	-2
807	1979	2
808	864	1
808	1111	-2
808	1159	2
808	1517	-2
809	939	1
809	1023	1
809	1409	2
809	1689	-2
809	2012	2
810	1244	2
810	1683	2
810	1887	2
811	860	1
811	1530	-2
811	1772	-2
811	1922	2
812	878	1
812	930	1
812	1418	-2
812	1837	-2
812	2047	2
813	973	1
813	1369	-2
813	1652	2
813	1848	2
814	919	1
814	962	1
814	1283	-2
814	1783	-2
814	1857	-2
815	1724	-2
815	1743	2
815	1989	-2
816	1123	2
816	2016	-2
816	2017	2
817	929	1
817	1324	-2
817	1748	2
817	1859	-2
818	1090	2
818	1483	2
818	1867	-2
819	861	1
819	1000	1
819	1242	2
819	1642	2
819	1866	2
820	834	1
820	901	1
820	1009	1
820	1067	-2
820	1398	-2
820	1526	-2
821	918	1
821	1004	1
821	1448	2
821	1489	-2
821	1635	-2
822	977	1
822	1004	1
822	1750	-2
822	1990	2
822	2031	-2
823	905	1
823	1142	-2
823	1209	-2
823	1711	2
824	1138	-2
824	1202	-2
824	1628	2
825	879	1
825	978	1
825	1452	-2
825	1822	-2
825	1834	-2
826	860	1
826	1456	2
826	1493	-2
826	1755	2
827	858	1
827	865	1
827	887	1
827	1085	2
827	1178	2
827	1476	2
828	853	1
828	1024	1
828	1333	2
828	1749	2
828	1773	2
829	1053	-2
829	1481	2
829	1719	-2
830	892	1
830	953	1
830	1201	-2
830	1888	-2
830	1933	-2
831	1016	1
831	1460	2
831	1566	2
831	1708	2
832	1010	1
832	1016	1
832	1420	-2
832	1722	2
832	1910	-2
833	1002	1
833	1108	-2
833	1502	-2
833	1612	-2
834	845	1
834	988	1
834	1003	1
834	1067	-2
834	1321	2
834	1700	-2
835	840	1
835	1391	-2
835	1596	-2
835	1936	2
836	1317	2
836	1756	2
836	1812	-2
837	1022	1
837	1301	-2
837	2028	-2
837	2033	-2
838	1226	2
838	1462	-2
838	1803	-2
839	928	1
839	1610	2
839	1673	-2
839	1954	-2
840	928	1
840	963	1
840	1391	-2
840	1636	2
840	2026	2
841	1290	2
841	1374	2
841	1532	2
842	868	1
842	987	1
842	1464	-2
842	1665	2
842	1701	2
843	1261	2
843	1367	2
843	1928	2
844	1025	-2
844	1486	2
844	1488	2
845	914	1
845	952	1
845	988	1
845	1114	2
845	1500	-2
845	1700	-2
846	1026	-2
846	1237	2
846	1836	2
847	879	1
847	1255	-2
847	1425	-2
847	1877	-2
848	1205	2
848	1399	-2
848	1930	2
849	867	1
849	889	1
849	1213	-2
849	1634	-2
849	1839	2
850	920	1
850	943	1
850	1207	-2
850	1449	2
850	1539	2
851	857	1
851	1679	2
851	1950	-2
851	2021	-2
852	1278	2
852	1550	2
852	1721	-2
853	876	1
853	1077	-2
853	1333	2
853	1992	-2
854	953	1
854	973	1
854	1008	1
854	1381	-2
854	1490	-2
854	1730	2
855	986	1
855	1052	2
855	1234	2
855	1583	2
856	1284	2
856	1375	-2
856	1944	2
857	1336	-2
857	1884	-2
857	2021	-2
858	1085	2
858	1482	2
858	1766	-2
859	883	1
859	1058	2
859	1098	2
859	1318	2
860	1530	-2
860	1681	2
860	1755	2
861	885	1
861	1048	-2
861	1242	2
861	2041	-2
862	887	1
862	942	1
862	993	1
862	1129	2
862	1676	-2
862	1754	2
863	1491	2
863	1878	-2
863	1920	2
864	1417	-2
864	1517	-2
864	1899	2
865	1045	-2
865	1178	2
865	1582	-2
866	1043	-2
866	1829	2
866	1937	2
867	1477	-2
867	1585	2
867	1634	-2
868	1097	-2
868	1285	2
868	1464	-2
869	945	1
869	1241	2
869	1247	-2
869	1994	2
870	1133	2
870	1581	2
870	1894	2
871	989	1
871	1302	2
871	1413	-2
871	1972	2
872	1015	1
872	1450	2
872	1479	2
872	1779	2
873	1516	2
873	1685	2
873	1778	2
874	896	1
874	1154	-2
874	1614	-2
874	1694	-2
875	926	1
875	1316	-2
875	1868	2
875	1886	2
876	1705	-2
876	1935	2
876	1992	-2
877	1346	-2
877	1557	-2
877	1618	-2
878	919	1
878	930	1
878	1777	2
878	1837	-2
878	1968	-2
879	1408	2
879	1425	-2
879	1452	-2
880	1170	2
880	1208	-2
880	1852	-2
881	954	1
881	1105	2
881	1250	2
881	1890	2
882	904	1
882	947	1
882	974	1
882	1134	-2
882	1786	-2
882	1818	2
883	1058	2
883	1091	-2
883	1710	2
884	925	1
884	1598	-2
884	1745	2
884	1761	-2
885	1020	1
885	1274	-2
885	1389	2
885	2041	-2
886	1001	1
886	1442	-2
886	1564	-2
886	1791	-2
887	1129	2
887	1476	2
887	2007	2
888	1185	2
888	1441	-2
888	1771	2
889	1033	-2
889	1213	-2
889	1323	-2
890	1594	2
890	1842	2
890	1962	-2
891	1148	2
891	1597	-2
891	2011	2
892	921	1
892	1228	-2
892	1579	2
892	1888	-2
893	927	1
893	1166	-2
893	1639	-2
893	1682	-2
894	1577	-2
894	2043	-2
894	2045	2
895	1003	1
895	1012	1
895	1611	-2
895	1740	-2
895	1753	2
896	923	1
896	942	1
896	1377	-2
896	1614	-2
896	1893	-2
897	998	1
897	1245	2
897	1249	2
897	1959	-2
898	1593	-2
898	1617	2
898	1980	2
899	1101	2
899	1382	2
899	1850	2
900	1646	2
900	1678	-2
900	1759	2
901	1394	2
901	1398	-2
901	1697	-2
902	1094	-2
902	1622	2
902	1914	-2
903	932	1
903	1656	2
903	1793	-2
903	2037	-2
904	941	1
904	1343	2
904	1458	2
904	1818	2
905	1141	-2
905	1157	2
905	1711	2
906	1153	2
906	1174	-2
906	1978	-2
907	965	1
907	1309	-2
907	1608	2
907	1703	2
908	1002	1
908	1225	-2
908	1337	2
908	1659	2
909	1064	-2
909	1518	-2
909	1986	-2
910	1076	-2
910	1348	2
910	1882	2
911	1223	2
911	1392	-2
911	1735	-2
912	1300	-2
912	1788	2
912	1985	2
913	1074	-2
913	1805	2
913	1993	-2
914	931	1
914	952	1
914	1042	2
914	1114	2
914	1169	2
915	1469	-2
915	1872	-2
915	1873	-2
916	1199	-2
916	1844	-2
916	1957	-2
917	1171	2
917	1319	2
917	1605	-2
918	1004	1
918	1179	2
918	1293	2
918	1448	2
919	970	1
919	1021	1
919	1777	2
919	1783	-2
919	1981	2
920	935	1
920	943	1
920	1539	2
920	1650	2
920	1806	-2
921	973	1
921	1104	2
921	1579	2
921	1606	2
922	949	1
922	1276	2
922	1505	-2
922	1603	-2
923	1315	2
923	1415	-2
923	1893	-2
924	944	1
924	1024	1
924	1054	-2
924	1640	-2
924	1961	-2
925	1363	-2
925	1745	2
925	1804	2
926	1181	2
926	1427	2
926	1868	2
927	1682	-2
927	2004	-2
927	2025	-2
928	963	1
928	1457	-2
928	1636	2
928	1954	-2
929	1478	2
929	1734	2
929	1859	-2
930	1335	-2
930	1837	-2
930	2000	-2
931	1169	2
931	1275	-2
931	1919	2
932	978	1
932	1030	-2
932	1538	-2
932	1793	-2
933	994	1
933	1281	2
933	1439	-2
933	1718	2
934	976	1
934	1291	-2
934	1632	-2
934	1707	-2
935	1351	2
935	1638	-2
935	1806	-2
936	1269	-2
936	1428	2
936	1951	-2
937	1411	2
937	1414	2
937	1578	-2
938	963	1
938	1164	-2
938	1687	2
938	1929	-2
939	951	1
939	1905	-2
939	1958	2
939	2012	2
940	1102	2
940	1403	2
940	1833	2
941	976	1
941	982	1
941	1458	2
941	1584	-2
941	1776	2
942	1143	2
942	1377	-2
942	1676	-2
943	1210	-2
943	1539	2
943	1988	2
944	1326	-2
944	1640	-2
944	1827	-2
945	975	1
945	1258	-2
945	1952	2
945	1994	2
946	974	1
946	1007	1
946	1798	2
946	1955	-2
946	2009	-2
947	1134	-2
947	1416	-2
947	1440	2
948	997	1
948	1218	-2
948	1698	2
948	1828	-2
949	1515	2
949	1603	-2
949	1752	-2
950	1295	2
950	1431	2
950	1503	-2
951	1770	-2
951	1905	-2
951	1917	2
952	1114	2
952	1267	-2
952	1474	-2
953	1730	2
953	1933	-2
953	1947	-2
954	1046	-2
954	1250	2
954	1802	-2
955	1006	1
955	1031	-2
955	1570	-2
955	1817	2
956	1180	2
956	1412	2
956	1736	2
957	1393	2
957	1509	-2
957	1668	2
958	1558	2
958	1619	-2
958	1709	-2
959	966	1
959	1081	-2
959	1340	2
959	1789	-2
960	1056	-2
960	1286	2
960	1696	-2
961	1038	-2
961	1358	2
961	1361	2
962	1060	-2
962	1841	2
962	1857	-2
963	1164	-2
963	1501	2
963	1636	2
964	1429	2
964	1645	2
964	1686	-2
965	1507	-2
965	1602	-2
965	1608	2
966	1081	-2
966	1590	2
966	1796	-2
967	981	1
967	1347	-2
967	1568	-2
967	1963	2
968	1196	-2
968	1927	-2
968	1942	-2
969	1109	-2
969	1297	-2
969	1915	2
970	1021	1
970	1110	-2
970	1795	2
970	1981	2
971	985	1
971	987	1
971	998	1
971	1364	2
971	1588	-2
971	2008	-2
972	1036	2
972	1600	-2
972	1695	-2
973	1104	2
973	1369	-2
973	1490	-2
974	1786	-2
974	1912	-2
974	2009	-2
975	1354	-2
975	1560	-2
975	1952	2
976	1158	-2
976	1291	-2
976	1584	-2
977	1004	1
977	1556	-2
977	1902	-2
977	1990	2
978	1030	-2
978	1834	-2
978	2010	-2
979	1287	-2
979	1943	-2
979	2005	2
980	990	1
980	1000	1
980	1647	-2
980	1664	-2
980	1982	-2
981	1206	-2
981	1347	-2
981	1620	-2
982	1294	2
982	1776	2
982	1824	-2
983	1401	-2
983	1723	2
983	1996	2
984	996	1
984	1197	2
984	1444	2
984	1589	2
985	998	1
985	1078	-2
985	1586	2
985	2008	-2
986	1052	2
986	1373	2
986	1901	2
987	1113	-2
987	1364	2
987	1701	2
988	1459	-2
988	1700	-2
988	1809	2
989	1005	1
989	1302	2
989	1329	-2
989	1984	2
990	992	1
990	1664	-2
990	1751	2
990	1879	2
991	1022	1
991	1135	2
991	1746	-2
991	1820	2
992	998	1
992	1741	-2
992	1747	2
992	1879	2
993	1306	-2
993	1522	-2
993	1754	2
994	1221	-2
994	1439	-2
994	1447	-2
995	1013	1
995	1061	-2
995	1780	2
995	1948	-2
996	1422	-2
996	1589	2
996	2034	2
997	1019	1
997	1218	-2
997	1742	-2
997	1764	-2
998	1249	2
998	1747	2
998	2008	-2
999	1172	2
999	1230	-2
999	1987	2
1000	1125	2
1000	1647	-2
1000	1866	2
1001	1562	2
1001	1791	-2
1001	1897	-2
1002	1337	2
1002	1513	2
1002	1612	-2
1003	1321	2
1003	1400	-2
1003	1611	-2
1004	1448	2
1004	1964	2
1004	1990	2
1005	1329	-2
1005	1383	-2
1005	1475	-2
1006	1570	-2
1006	1587	2
1006	1637	-2
1007	1332	-2
1007	1548	2
1007	1798	2
1008	1381	-2
1008	1651	2
1008	1864	2
1009	1495	2
1009	1526	-2
1009	1995	2
1010	1616	2
1010	1910	-2
1010	1916	2
1011	1163	-2
1011	1547	2
1011	1816	-2
1012	1236	2
1012	1740	-2
1012	1800	-2
1013	1061	-2
1013	1615	-2
1013	1648	-2
1014	1214	-2
1014	1497	2
1014	1949	-2
1015	1082	2
1015	1450	2
1015	1713	2
1016	1420	-2
1016	1566	2
1016	1649	-2
1017	1029	-2
1017	1512	2
1017	1514	2
1018	1130	-2
1018	1156	-2
1018	1470	2
1019	1410	-2
1019	1764	-2
1019	1821	-2
1020	1027	2
1020	1084	-2
1020	1274	-2
1021	1781	-2
1021	1815	-2
1021	1981	2
1022	1746	-2
1022	2019	2
1022	2033	-2
1023	1220	-2
1023	1409	2
1023	1729	-2
1024	1054	-2
1024	1749	2
1024	1849	2
