1	1	-3
2	2	-1
3	3	-1
4	4	-3
5	5	-1
6	6	-1
7	7	-1
8	8	1
9	9	-1
10	10	-3
11	11	-3
12	12	-1
13	13	3
14	14	1
15	15	-1
16	16	1
17	17	-1
18	18	-1
19	19	-1
20	20	-1
21	21	3
22	22	1
23	23	1
24	24	-1
25	25	-3
26	26	-3
27	27	-1
28	28	1
29	29	-1
30	30	3
31	31	1
32	32	-1
33	33	-1
34	34	1
35	35	1
36	36	3
37	37	1
38	38	-3
39	39	-1
40	40	-1
41	41	-1
42	42	-1
43	43	-3
44	44	3
45	45	1
46	46	-1
47	47	1
48	48	1
49	49	2
50	50	-2
51	51	-2
52	52	2
53	53	2
54	54	-2
55	55	2
56	56	2
57	57	-2
58	58	2
59	59	-2
60	60	2
61	61	-2
62	62	2
63	63	2
64	64	-2
65	65	-2
66	66	-2
67	67	-2
68	68	-2
69	69	-2
70	70	-2
71	71	2
72	72	2
73	73	-2
74	74	-2
75	75	-2
76	76	2
77	77	-2
78	78	-2
79	79	2
80	80	2
81	81	-2
82	82	2
83	83	2
84	84	2
85	85	-2
86	86	-2
87	87	-2
88	88	-2
89	89	-2
90	90	2
91	91	-2
92	92	2
93	93	2
94	94	-2
95	95	2
96	96	-2
1	5	1
1	8	1
1	9	1
1	38	1
1	40	1
1	41	1
1	54	2
1	66	2
1	87	2
2	3	1
2	9	1
2	13	1
2	15	1
2	19	1
2	20	1
2	52	-2
2	60	2
2	77	2
3	13	1
3	15	2
3	28	1
3	43	1
3	51	-2
3	62	-2
3	77	2
4	6	1
4	7	1
4	11	2
4	12	1
4	26	1
4	55	-2
4	57	2
4	67	2
5	8	1
5	14	1
5	15	1
5	43	1
5	45	1
5	54	2
5	70	2
5	85	-2
6	7	1
6	17	1
6	19	1
6	25	1
6	33	1
6	67	2
6	75	-2
6	86	2
7	17	1
7	18	1
7	26	1
7	29	1
7	67	2
7	94	-2
7	96	2
8	31	1
8	36	1
8	41	1
8	42	1
8	54	2
8	58	2
8	88	-2
9	13	1
9	33	1
9	41	1
9	42	1
9	49	-2
9	60	2
9	87	2
10	27	1
10	29	1
10	35	1
10	43	1
10	46	1
10	47	1
10	68	2
10	72	-2
10	92	-2
11	12	1
11	26	2
11	38	1
11	55	-2
11	57	2
11	61	2
12	13	1
12	14	1
12	24	1
12	39	1
12	57	2
12	79	-2
12	84	2
13	14	1
13	28	1
13	51	-2
13	60	2
13	84	2
14	21	1
14	24	1
14	43	1
14	69	-2
14	70	2
14	84	2
15	43	1
15	45	1
15	62	-2
15	77	2
15	85	-2
16	19	1
16	22	1
16	23	1
16	25	1
16	31	1
16	44	1
16	78	-2
16	82	-2
16	83	2
17	26	1
17	27	1
17	33	1
17	48	1
17	75	-2
17	80	-2
17	96	2
18	23	1
18	29	2
18	32	1
18	38	1
18	71	-2
18	81	2
18	94	-2
19	20	1
19	23	1
19	25	1
19	52	-2
19	78	-2
19	86	2
20	32	1
20	37	1
20	39	1
20	48	1
20	50	-2
20	52	-2
20	91	2
21	24	1
21	36	1
21	39	1
21	44	1
21	45	1
21	53	2
21	69	-2
21	93	2
22	25	1
22	28	1
22	30	1
22	35	1
22	44	1
22	59	2
22	63	2
22	83	2
23	30	1
23	32	2
23	71	-2
23	73	-2
23	78	-2
24	37	1
24	39	1
24	40	1
24	64	2
24	69	-2
24	79	-2
25	28	1
25	31	1
25	59	2
25	82	-2
25	86	2
26	38	1
26	55	-2
26	61	2
26	96	2
27	35	2
27	47	1
27	48	1
27	68	2
27	76	2
27	80	-2
28	37	1
28	46	1
28	51	-2
28	59	2
28	95	2
29	38	1
29	43	1
29	81	2
29	92	-2
29	94	-2
30	32	1
30	34	1
30	35	1
30	44	1
30	63	2
30	73	-2
30	90	2
31	34	1
31	41	1
31	47	1
31	56	2
31	82	-2
31	88	-2
32	39	1
32	71	-2
32	73	-2
32	91	2
33	41	1
33	42	1
33	45	1
33	49	-2
33	74	2
33	75	-2
34	42	1
34	44	1
34	46	1
34	47	1
34	56	2
34	89	2
34	90	2
35	47	1
35	63	2
35	68	2
35	76	2
36	40	1
36	42	1
36	45	1
36	48	1
36	58	2
36	65	-2
36	93	2
37	40	1
37	46	1
37	48	1
37	50	-2
37	64	2
37	95	2
38	40	1
38	61	2
38	66	2
38	81	2
39	44	1
39	53	2
39	79	-2
39	91	2
40	48	1
40	64	2
40	65	-2
40	66	2
41	45	1
41	74	2
41	87	2
41	88	-2
42	46	1
42	49	-2
42	58	2
42	89	2
43	62	-2
43	70	2
43	92	-2
44	53	2
44	83	2
44	90	2
45	74	2
45	85	-2
45	93	2
46	47	1
46	72	-2
46	89	2
46	95	2
47	56	2
47	72	-2
47	76	2
48	50	-2
48	65	-2
48	80	-2
