1	1	-3
2	2	-3
3	3	3
4	4	3
5	5	3
6	6	1
7	7	3
8	8	1
9	9	1
10	10	1
11	11	-1
12	12	3
13	13	1
14	14	-1
15	15	-3
16	16	-1
17	17	-1
18	18	-1
19	19	1
20	20	1
21	21	-3
22	22	3
23	23	-1
24	24	1
25	25	1
26	26	-1
27	27	1
28	28	1
29	29	1
30	30	-1
31	31	-3
32	32	-1
33	33	1
34	34	-1
35	35	-1
36	36	1
37	37	1
38	38	1
39	39	-3
40	40	-3
41	41	3
42	42	-1
43	43	-1
44	44	-1
45	45	-1
46	46	3
47	47	-3
48	48	-1
49	49	-1
50	50	1
51	51	-3
52	52	3
53	53	1
54	54	1
55	55	1
56	56	-1
57	57	-1
58	58	-3
59	59	3
60	60	-1
61	61	1
62	62	1
63	63	1
64	64	-1
65	65	1
66	66	-1
67	67	-1
68	68	-1
69	69	-3
70	70	3
71	71	-1
72	72	3
73	73	1
74	74	1
75	75	-1
76	76	1
77	77	-1
78	78	-1
79	79	-1
80	80	1
81	81	1
82	82	-1
83	83	-1
84	84	3
85	85	1
86	86	-1
87	87	1
88	88	3
89	89	1
90	90	3
91	91	1
92	92	-1
93	93	3
94	94	-1
95	95	-1
96	96	-1
97	97	-1
98	98	-1
99	99	-1
100	100	-3
101	101	1
102	102	-1
103	103	1
104	104	-3
105	105	1
106	106	-1
107	107	1
108	108	-1
109	109	1
110	110	1
111	111	-3
112	112	3
113	113	1
114	114	1
115	115	1
116	116	-3
117	117	-1
118	118	3
119	119	3
120	120	3
121	121	1
122	122	1
123	123	1
124	124	-1
125	125	1
126	126	-3
127	127	1
128	128	3
129	129	3
130	130	-1
131	131	1
132	132	3
133	133	1
134	134	1
135	135	-1
136	136	1
137	137	-1
138	138	1
139	139	3
140	140	-1
141	141	1
142	142	3
143	143	-1
144	144	-3
145	145	-3
146	146	-1
147	147	1
148	148	-1
149	149	-1
150	150	3
151	151	-1
152	152	-1
153	153	3
154	154	-3
155	155	-1
156	156	3
157	157	1
158	158	3
159	159	-1
160	160	-1
161	161	-1
162	162	-3
163	163	1
164	164	-1
165	165	3
166	166	-1
167	167	-1
168	168	3
169	169	-1
170	170	-1
171	171	-1
172	172	-1
173	173	-1
174	174	-1
175	175	-1
176	176	1
177	177	-1
178	178	1
179	179	-1
180	180	1
181	181	-3
182	182	1
183	183	-1
184	184	-1
185	185	-1
186	186	-3
187	187	-1
188	188	1
189	189	-1
190	190	-3
191	191	-1
192	192	1
193	193	-3
194	194	-1
195	195	-3
196	196	-1
197	197	-1
198	198	-1
199	199	-3
200	200	3
201	201	-1
202	202	-1
203	203	1
204	204	-1
205	205	-1
206	206	1
207	207	3
208	208	-1
209	209	-3
210	210	1
211	211	1
212	212	1
213	213	1
214	214	-3
215	215	-1
216	216	3
217	217	3
218	218	-1
219	219	-3
220	220	-1
221	221	1
222	222	1
223	223	1
224	224	-3
225	225	3
226	226	-3
227	227	1
228	228	1
229	229	3
230	230	-1
231	231	1
232	232	-1
233	233	1
234	234	-3
235	235	-1
236	236	-1
237	237	1
238	238	-3
239	239	1
240	240	1
241	241	1
242	242	-1
243	243	1
244	244	3
245	245	1
246	246	-1
247	247	-1
248	248	1
249	249	1
250	250	1
251	251	-1
252	252	1
253	253	1
254	254	-1
255	255	-1
256	256	3
257	257	-1
258	258	1
259	259	-3
260	260	-1
261	261	-3
262	262	3
263	263	1
264	264	1
265	265	3
266	266	-3
267	267	1
268	268	1
269	269	3
270	270	-1
271	271	1
272	272	1
273	273	-1
274	274	3
275	275	3
276	276	-1
277	277	3
278	278	1
279	279	-1
280	280	3
281	281	-1
282	282	1
283	283	3
284	284	3
285	285	-3
286	286	-3
287	287	3
288	288	1
289	289	1
290	290	1
291	291	-1
292	292	1
293	293	1
294	294	1
295	295	-1
296	296	1
297	297	-1
298	298	-1
299	299	-3
300	300	1
301	301	1
302	302	-1
303	303	-3
304	304	-1
305	305	-1
306	306	3
307	307	1
308	308	-1
309	309	-3
310	310	3
311	311	1
312	312	-1
313	313	1
314	314	-1
315	315	-3
316	316	1
317	317	3
318	318	-1
319	319	-1
320	320	-1
321	321	1
322	322	1
323	323	-1
324	324	3
325	325	-1
326	326	1
327	327	-3
328	328	-3
329	329	1
330	330	1
331	331	1
332	332	-3
333	333	1
334	334	1
335	335	3
336	336	-1
337	337	1
338	338	1
339	339	1
340	340	1
341	341	-1
342	342	-1
343	343	-1
344	344	-1
345	345	-1
346	346	-3
347	347	1
348	348	1
349	349	-1
350	350	3
351	351	-1
352	352	-1
353	353	-1
354	354	1
355	355	-1
356	356	-1
357	357	-1
358	358	1
359	359	-1
360	360	1
361	361	-1
362	362	-3
363	363	-3
364	364	-3
365	365	1
366	366	-1
367	367	-1
368	368	1
369	369	-1
370	370	3
371	371	-1
372	372	-1
373	373	-1
374	374	-1
375	375	1
376	376	1
377	377	-3
378	378	-1
379	379	1
380	380	3
381	381	1
382	382	1
383	383	1
384	384	1
385	385	-1
386	386	-1
387	387	1
388	388	1
389	389	3
390	390	-1
391	391	3
392	392	-3
393	393	1
394	394	1
395	395	-3
396	396	1
397	397	1
398	398	-3
399	399	3
400	400	1
401	401	-1
402	402	-1
403	403	-1
404	404	-3
405	405	3
406	406	1
407	407	3
408	408	-1
409	409	1
410	410	3
411	411	1
412	412	-1
413	413	1
414	414	1
415	415	1
416	416	1
417	417	-3
418	418	-1
419	419	3
420	420	-1
421	421	3
422	422	-1
423	423	1
424	424	-1
425	425	1
426	426	1
427	427	-1
428	428	-1
429	429	1
430	430	1
431	431	1
432	432	1
433	433	1
434	434	3
435	435	-1
436	436	3
437	437	1
438	438	-3
439	439	1
440	440	1
441	441	-1
442	442	1
443	443	-1
444	444	3
445	445	-1
446	446	1
447	447	-1
448	448	1
449	449	-1
450	450	-3
451	451	3
452	452	3
453	453	1
454	454	1
455	455	3
456	456	-1
457	457	-1
458	458	3
459	459	1
460	460	3
461	461	-1
462	462	-1
463	463	-1
464	464	-1
465	465	-1
466	466	-1
467	467	-1
468	468	1
469	469	-3
470	470	-1
471	471	1
472	472	1
473	473	-1
474	474	-1
475	475	1
476	476	-1
477	477	-1
478	478	-3
479	479	1
480	480	-1
481	481	3
482	482	1
483	483	-1
484	484	-1
485	485	1
486	486	3
487	487	-1
488	488	3
489	489	1
490	490	-1
491	491	1
492	492	-1
493	493	-1
494	494	1
495	495	1
496	496	1
497	497	-1
498	498	3
499	499	-1
500	500	1
501	501	1
502	502	1
503	503	3
504	504	-1
505	505	-3
506	506	-1
507	507	-1
508	508	1
509	509	1
510	510	1
511	511	3
512	512	1
513	513	-3
514	514	-3
515	515	-1
516	516	1
517	517	1
518	518	1
519	519	-3
520	520	-1
521	521	-1
522	522	-1
523	523	1
524	524	-3
525	525	-1
526	526	1
527	527	1
528	528	-1
529	529	-1
530	530	1
531	531	-1
532	532	1
533	533	-1
534	534	-1
535	535	1
536	536	1
537	537	1
538	538	3
539	539	1
540	540	-1
541	541	-1
542	542	1
543	543	3
544	544	-3
545	545	3
546	546	-1
547	547	1
548	548	-1
549	549	1
550	550	-1
551	551	-1
552	552	-1
553	553	-1
554	554	1
555	555	3
556	556	1
557	557	3
558	558	-3
559	559	-1
560	560	3
561	561	-1
562	562	1
563	563	-1
564	564	-1
565	565	-1
566	566	-1
567	567	1
568	568	3
569	569	-1
570	570	-1
571	571	-3
572	572	-1
573	573	3
574	574	-1
575	575	-1
576	576	-1
577	577	-3
578	578	1
579	579	1
580	580	3
581	581	-1
582	582	-3
583	583	1
584	584	-3
585	585	-1
586	586	3
587	587	1
588	588	1
589	589	-1
590	590	-1
591	591	-3
592	592	1
593	593	-1
594	594	1
595	595	1
596	596	-3
597	597	3
598	598	-1
599	599	-1
600	600	-1
601	601	1
602	602	1
603	603	3
604	604	3
605	605	3
606	606	1
607	607	-1
608	608	1
609	609	1
610	610	-3
611	611	-1
612	612	-1
613	613	1
614	614	-1
615	615	-1
616	616	1
617	617	3
618	618	-1
619	619	-1
620	620	-3
621	621	-3
622	622	1
623	623	1
624	624	3
625	625	-1
626	626	1
627	627	-1
628	628	1
629	629	1
630	630	1
631	631	1
632	632	3
633	633	-1
634	634	-3
635	635	-3
636	636	-1
637	637	-1
638	638	3
639	639	-1
640	640	1
641	641	1
642	642	1
643	643	3
644	644	3
645	645	-1
646	646	-1
647	647	-1
648	648	-1
649	649	-3
650	650	1
651	651	1
652	652	1
653	653	1
654	654	-1
655	655	-1
656	656	-1
657	657	-1
658	658	-3
659	659	-3
660	660	-1
661	661	1
662	662	3
663	663	-3
664	664	-1
665	665	1
666	666	-1
667	667	1
668	668	-1
669	669	-1
670	670	-1
671	671	-1
672	672	-1
673	673	-1
674	674	-1
675	675	3
676	676	-1
677	677	1
678	678	-3
679	679	3
680	680	1
681	681	3
682	682	-1
683	683	1
684	684	-3
685	685	1
686	686	1
687	687	-1
688	688	-1
689	689	-1
690	690	1
691	691	-1
692	692	1
693	693	-3
694	694	-1
695	695	1
696	696	1
697	697	-1
698	698	-3
699	699	-1
700	700	-1
701	701	-3
702	702	-1
703	703	3
704	704	3
705	705	-3
706	706	1
707	707	-1
708	708	-1
709	709	1
710	710	-1
711	711	-1
712	712	-1
713	713	1
714	714	1
715	715	1
716	716	1
717	717	-1
718	718	1
719	719	1
720	720	-1
721	721	-1
722	722	-1
723	723	3
724	724	-3
725	725	1
726	726	-1
727	727	-3
728	728	1
729	729	-1
730	730	-3
731	731	-1
732	732	-1
733	733	1
734	734	3
735	735	3
736	736	3
737	737	-1
738	738	-1
739	739	1
740	740	3
741	741	-1
742	742	-1
743	743	1
744	744	1
745	745	1
746	746	1
747	747	-3
748	748	-3
749	749	-1
750	750	3
751	751	-1
752	752	3
753	753	-1
754	754	1
755	755	-1
756	756	-1
757	757	3
758	758	-3
759	759	1
760	760	3
761	761	1
762	762	-1
763	763	-1
764	764	1
765	765	-3
766	766	1
767	767	1
768	768	-1
769	769	1
770	770	1
771	771	-1
772	772	-1
773	773	-1
774	774	-1
775	775	3
776	776	-3
777	777	-1
778	778	-3
779	779	3
780	780	1
781	781	-1
782	782	1
783	783	1
784	784	3
785	785	-1
786	786	-1
787	787	3
788	788	1
789	789	-3
790	790	1
791	791	1
792	792	1
793	793	-1
794	794	1
795	795	-1
796	796	1
797	797	1
798	798	1
799	799	1
800	800	3
801	801	-1
802	802	-1
803	803	-1
804	804	1
805	805	-3
806	806	-1
807	807	-1
808	808	-1
809	809	3
810	810	1
811	811	1
812	812	-3
813	813	-1
814	814	-1
815	815	-3
816	816	-1
817	817	-1
818	818	-1
819	819	-1
820	820	1
821	821	-1
822	822	1
823	823	1
824	824	3
825	825	-3
826	826	3
827	827	1
828	828	1
829	829	3
830	830	-1
831	831	1
832	832	1
833	833	1
834	834	3
835	835	1
836	836	1
837	837	-3
838	838	3
839	839	-1
840	840	1
841	841	-1
842	842	-3
843	843	-1
844	844	1
845	845	-1
846	846	-1
847	847	1
848	848	-1
849	849	-3
850	850	-1
851	851	3
852	852	-1
853	853	-1
854	854	-3
855	855	-1
856	856	-1
857	857	1
858	858	-1
859	859	3
860	860	-1
861	861	-1
862	862	1
863	863	1
864	864	-1
865	865	1
866	866	3
867	867	-1
868	868	-1
869	869	-1
870	870	3
871	871	-1
872	872	3
873	873	1
874	874	-3
875	875	1
876	876	1
877	877	-1
878	878	1
879	879	-1
880	880	1
881	881	1
882	882	-1
883	883	-3
884	884	-1
885	885	-1
886	886	1
887	887	-1
888	888	-3
889	889	1
890	890	3
891	891	1
892	892	3
893	893	-1
894	894	-1
895	895	1
896	896	3
897	897	1
898	898	1
899	899	-1
900	900	1
901	901	-1
902	902	-1
903	903	-3
904	904	1
905	905	-1
906	906	-1
907	907	1
908	908	1
909	909	1
910	910	1
911	911	1
912	912	-1
913	913	-1
914	914	-1
915	915	-1
916	916	3
917	917	-1
918	918	-1
919	919	3
920	920	-1
921	921	1
922	922	-1
923	923	-1
924	924	-3
925	925	-1
926	926	1
927	927	1
928	928	-3
929	929	-1
930	930	1
931	931	-1
932	932	-1
933	933	-1
934	934	1
935	935	-1
936	936	-1
937	937	1
938	938	-3
939	939	-1
940	940	-1
941	941	3
942	942	-1
943	943	1
944	944	1
945	945	1
946	946	-3
947	947	1
948	948	3
949	949	-1
950	950	1
951	951	1
952	952	-3
953	953	-3
954	954	-3
955	955	-3
956	956	-1
957	957	-1
958	958	-3
959	959	-3
960	960	-3
961	961	1
962	962	-1
963	963	-1
964	964	-1
965	965	3
966	966	-3
967	967	-1
968	968	-3
969	969	-3
970	970	1
971	971	-1
972	972	1
973	973	-1
974	974	-3
975	975	3
976	976	-1
977	977	-1
978	978	1
979	979	-1
980	980	3
981	981	1
982	982	1
983	983	1
984	984	3
985	985	3
986	986	-3
987	987	3
988	988	3
989	989	-1
990	990	1
991	991	3
992	992	-1
993	993	-3
994	994	1
995	995	-1
996	996	-1
997	997	1
998	998	1
999	999	-1
1000	1000	-3
1001	1001	1
1002	1002	1
1003	1003	-1
1004	1004	-1
1005	1005	-1
1006	1006	1
1007	1007	-1
1008	1008	-1
1009	1009	1
1010	1010	-1
1011	1011	-1
1012	1012	-1
1013	1013	3
1014	1014	-1
1015	1015	-1
1016	1016	-1
1017	1017	-1
1018	1018	-1
1019	1019	1
1020	1020	1
1021	1021	1
1022	1022	-1
1023	1023	1
1024	1024	-1
1025	1025	2
1026	1026	2
1027	1027	2
1028	1028	2
1029	1029	-2
1030	1030	2
1031	1031	2
1032	1032	2
1033	1033	2
1034	1034	2
1035	1035	2
1036	1036	-2
1037	1037	-2
1038	1038	2
1039	1039	2
1040	1040	-2
1041	1041	-2
1042	1042	-2
1043	1043	2
1044	1044	-2
1045	1045	2
1046	1046	2
1047	1047	-2
1048	1048	2
1049	1049	-2
1050	1050	2
1051	1051	-2
1052	1052	-2
1053	1053	-2
1054	1054	-2
1055	1055	2
1056	1056	2
1057	1057	-2
1058	1058	2
1059	1059	-2
1060	1060	2
1061	1061	-2
1062	1062	2
1063	1063	-2
1064	1064	2
1065	1065	-2
1066	1066	2
1067	1067	-2
1068	1068	-2
1069	1069	2
1070	1070	2
1071	1071	2
1072	1072	2
1073	1073	2
1074	1074	2
1075	1075	-2
1076	1076	-2
1077	1077	2
1078	1078	-2
1079	1079	-2
1080	1080	-2
1081	1081	-2
1082	1082	-2
1083	1083	2
1084	1084	-2
1085	1085	2
1086	1086	-2
1087	1087	-2
1088	1088	2
1089	1089	2
1090	1090	-2
1091	1091	2
1092	1092	-2
1093	1093	2
1094	1094	2
1095	1095	-2
1096	1096	-2
1097	1097	2
1098	1098	2
1099	1099	2
1100	1100	2
1101	1101	2
1102	1102	2
1103	1103	-2
1104	1104	-2
1105	1105	-2
1106	1106	-2
1107	1107	2
1108	1108	-2
1109	1109	-2
1110	1110	-2
1111	1111	-2
1112	1112	-2
1113	1113	2
1114	1114	2
1115	1115	-2
1116	1116	2
1117	1117	2
1118	1118	-2
1119	1119	2
1120	1120	2
1121	1121	2
1122	1122	-2
1123	1123	-2
1124	1124	-2
1125	1125	-2
1126	1126	2
1127	1127	2
1128	1128	-2
1129	1129	-2
1130	1130	-2
1131	1131	-2
1132	1132	-2
1133	1133	-2
1134	1134	2
1135	1135	2
1136	1136	-2
1137	1137	-2
1138	1138	-2
1139	1139	2
1140	1140	-2
1141	1141	2
1142	1142	-2
1143	1143	2
1144	1144	-2
1145	1145	-2
1146	1146	-2
1147	1147	-2
1148	1148	2
1149	1149	-2
1150	1150	-2
1151	1151	-2
1152	1152	2
1153	1153	-2
1154	1154	-2
1155	1155	2
1156	1156	2
1157	1157	-2
1158	1158	2
1159	1159	-2
1160	1160	-2
1161	1161	2
1162	1162	2
1163	1163	2
1164	1164	2
1165	1165	2
1166	1166	-2
1167	1167	-2
1168	1168	2
1169	1169	-2
1170	1170	-2
1171	1171	-2
1172	1172	2
1173	1173	2
1174	1174	2
1175	1175	2
1176	1176	2
1177	1177	-2
1178	1178	-2
1179	1179	-2
1180	1180	-2
1181	1181	-2
1182	1182	-2
1183	1183	2
1184	1184	-2
1185	1185	-2
1186	1186	2
1187	1187	-2
1188	1188	2
1189	1189	2
1190	1190	2
1191	1191	-2
1192	1192	2
1193	1193	-2
1194	1194	2
1195	1195	2
1196	1196	-2
1197	1197	-2
1198	1198	-2
1199	1199	2
1200	1200	-2
1201	1201	-2
1202	1202	-2
1203	1203	-2
1204	1204	2
1205	1205	-2
1206	1206	2
1207	1207	2
1208	1208	2
1209	1209	-2
1210	1210	2
1211	1211	2
1212	1212	-2
1213	1213	2
1214	1214	2
1215	1215	-2
1216	1216	2
1217	1217	-2
1218	1218	-2
1219	1219	2
1220	1220	-2
1221	1221	2
1222	1222	-2
1223	1223	-2
1224	1224	2
1225	1225	-2
1226	1226	2
1227	1227	-2
1228	1228	2
1229	1229	2
1230	1230	-2
1231	1231	-2
1232	1232	2
1233	1233	2
1234	1234	-2
1235	1235	-2
1236	1236	-2
1237	1237	2
1238	1238	2
1239	1239	-2
1240	1240	2
1241	1241	2
1242	1242	-2
1243	1243	2
1244	1244	-2
1245	1245	2
1246	1246	-2
1247	1247	2
1248	1248	2
1249	1249	-2
1250	1250	2
1251	1251	-2
1252	1252	2
1253	1253	2
1254	1254	2
1255	1255	2
1256	1256	-2
1257	1257	2
1258	1258	2
1259	1259	2
1260	1260	2
1261	1261	2
1262	1262	-2
1263	1263	2
1264	1264	2
1265	1265	-2
1266	1266	-2
1267	1267	-2
1268	1268	2
1269	1269	-2
1270	1270	2
1271	1271	2
1272	1272	-2
1273	1273	2
1274	1274	-2
1275	1275	-2
1276	1276	-2
1277	1277	2
1278	1278	-2
1279	1279	2
1280	1280	-2
1281	1281	2
1282	1282	-2
1283	1283	2
1284	1284	2
1285	1285	-2
1286	1286	2
1287	1287	-2
1288	1288	2
1289	1289	-2
1290	1290	2
1291	1291	2
1292	1292	-2
1293	1293	-2
1294	1294	2
1295	1295	2
1296	1296	2
1297	1297	-2
1298	1298	-2
1299	1299	2
1300	1300	-2
1301	1301	2
1302	1302	-2
1303	1303	-2
1304	1304	-2
1305	1305	2
1306	1306	-2
1307	1307	2
1308	1308	-2
1309	1309	-2
1310	1310	-2
1311	1311	-2
1312	1312	-2
1313	1313	-2
1314	1314	2
1315	1315	-2
1316	1316	-2
1317	1317	-2
1318	1318	-2
1319	1319	-2
1320	1320	-2
1321	1321	2
1322	1322	2
1323	1323	2
1324	1324	2
1325	1325	2
1326	1326	2
1327	1327	-2
1328	1328	-2
1329	1329	-2
1330	1330	-2
1331	1331	2
1332	1332	-2
1333	1333	-2
1334	1334	-2
1335	1335	2
1336	1336	2
1337	1337	-2
1338	1338	-2
1339	1339	2
1340	1340	2
1341	1341	-2
1342	1342	-2
1343	1343	2
1344	1344	-2
1345	1345	2
1346	1346	-2
1347	1347	2
1348	1348	-2
1349	1349	-2
1350	1350	2
1351	1351	-2
1352	1352	2
1353	1353	-2
1354	1354	-2
1355	1355	-2
1356	1356	2
1357	1357	-2
1358	1358	2
1359	1359	-2
1360	1360	-2
1361	1361	-2
1362	1362	2
1363	1363	-2
1364	1364	2
1365	1365	2
1366	1366	-2
1367	1367	-2
1368	1368	2
1369	1369	2
1370	1370	-2
1371	1371	-2
1372	1372	2
1373	1373	-2
1374	1374	2
1375	1375	-2
1376	1376	2
1377	1377	-2
1378	1378	-2
1379	1379	2
1380	1380	2
1381	1381	-2
1382	1382	-2
1383	1383	2
1384	1384	2
1385	1385	2
1386	1386	2
1387	1387	-2
1388	1388	2
1389	1389	2
1390	1390	2
1391	1391	2
1392	1392	-2
1393	1393	-2
1394	1394	2
1395	1395	2
1396	1396	2
1397	1397	2
1398	1398	-2
1399	1399	-2
1400	1400	2
1401	1401	-2
1402	1402	2
1403	1403	2
1404	1404	-2
1405	1405	2
1406	1406	-2
1407	1407	-2
1408	1408	2
1409	1409	-2
1410	1410	-2
1411	1411	-2
1412	1412	-2
1413	1413	2
1414	1414	2
1415	1415	-2
1416	1416	2
1417	1417	2
1418	1418	2
1419	1419	-2
1420	1420	2
1421	1421	2
1422	1422	-2
1423	1423	2
1424	1424	-2
1425	1425	-2
1426	1426	2
1427	1427	-2
1428	1428	2
1429	1429	2
1430	1430	-2
1431	1431	2
1432	1432	2
1433	1433	-2
1434	1434	2
1435	1435	2
1436	1436	-2
1437	1437	2
1438	1438	2
1439	1439	-2
1440	1440	-2
1441	1441	2
1442	1442	2
1443	1443	-2
1444	1444	2
1445	1445	-2
1446	1446	2
1447	1447	2
1448	1448	-2
1449	1449	-2
1450	1450	2
1451	1451	-2
1452	1452	-2
1453	1453	-2
1454	1454	-2
1455	1455	2
1456	1456	-2
1457	1457	-2
1458	1458	-2
1459	1459	-2
1460	1460	-2
1461	1461	2
1462	1462	2
1463	1463	2
1464	1464	-2
1465	1465	-2
1466	1466	2
1467	1467	-2
1468	1468	2
1469	1469	2
1470	1470	-2
1471	1471	-2
1472	1472	-2
1473	1473	2
1474	1474	-2
1475	1475	2
1476	1476	2
1477	1477	-2
1478	1478	-2
1479	1479	2
1480	1480	2
1481	1481	-2
1482	1482	-2
1483	1483	2
1484	1484	-2
1485	1485	-2
1486	1486	2
1487	1487	-2
1488	1488	2
1489	1489	2
1490	1490	-2
1491	1491	2
1492	1492	-2
1493	1493	2
1494	1494	2
1495	1495	-2
1496	1496	2
1497	1497	2
1498	1498	-2
1499	1499	2
1500	1500	2
1501	1501	-2
1502	1502	-2
1503	1503	2
1504	1504	2
1505	1505	2
1506	1506	2
1507	1507	-2
1508	1508	2
1509	1509	-2
1510	1510	-2
1511	1511	2
1512	1512	-2
1513	1513	2
1514	1514	-2
1515	1515	-2
1516	1516	-2
1517	1517	2
1518	1518	2
1519	1519	2
1520	1520	-2
1521	1521	-2
1522	1522	-2
1523	1523	2
1524	1524	2
1525	1525	2
1526	1526	-2
1527	1527	2
1528	1528	-2
1529	1529	-2
1530	1530	-2
1531	1531	-2
1532	1532	-2
1533	1533	-2
1534	1534	2
1535	1535	2
1536	1536	-2
1537	1537	-2
1538	1538	2
1539	1539	-2
1540	1540	2
1541	1541	-2
1542	1542	2
1543	1543	-2
1544	1544	-2
1545	1545	2
1546	1546	-2
1547	1547	-2
1548	1548	2
1549	1549	2
1550	1550	2
1551	1551	2
1552	1552	2
1553	1553	-2
1554	1554	2
1555	1555	-2
1556	1556	-2
1557	1557	2
1558	1558	-2
1559	1559	-2
1560	1560	-2
1561	1561	2
1562	1562	2
1563	1563	2
1564	1564	2
1565	1565	-2
1566	1566	-2
1567	1567	-2
1568	1568	-2
1569	1569	2
1570	1570	2
1571	1571	2
1572	1572	-2
1573	1573	2
1574	1574	2
1575	1575	2
1576	1576	2
1577	1577	2
1578	1578	2
1579	1579	2
1580	1580	-2
1581	1581	2
1582	1582	-2
1583	1583	2
1584	1584	2
1585	1585	2
1586	1586	2
1587	1587	-2
1588	1588	2
1589	1589	2
1590	1590	-2
1591	1591	-2
1592	1592	-2
1593	1593	2
1594	1594	2
1595	1595	-2
1596	1596	2
1597	1597	2
1598	1598	-2
1599	1599	2
1600	1600	2
1601	1601	2
1602	1602	-2
1603	1603	2
1604	1604	-2
1605	1605	-2
1606	1606	-2
1607	1607	2
1608	1608	2
1609	1609	-2
1610	1610	2
1611	1611	2
1612	1612	2
1613	1613	2
1614	1614	-2
1615	1615	2
1616	1616	-2
1617	1617	2
1618	1618	2
1619	1619	2
1620	1620	2
1621	1621	-2
1622	1622	-2
1623	1623	2
1624	1624	-2
1625	1625	-2
1626	1626	-2
1627	1627	-2
1628	1628	-2
1629	1629	-2
1630	1630	-2
1631	1631	2
1632	1632	2
1633	1633	2
1634	1634	2
1635	1635	2
1636	1636	-2
1637	1637	-2
1638	1638	2
1639	1639	2
1640	1640	2
1641	1641	2
1642	1642	-2
1643	1643	-2
1644	1644	2
1645	1645	-2
1646	1646	-2
1647	1647	-2
1648	1648	-2
1649	1649	2
1650	1650	2
1651	1651	-2
1652	1652	-2
1653	1653	2
1654	1654	-2
1655	1655	2
1656	1656	2
1657	1657	2
1658	1658	2
1659	1659	-2
1660	1660	-2
1661	1661	-2
1662	1662	-2
1663	1663	2
1664	1664	-2
1665	1665	-2
1666	1666	2
1667	1667	2
1668	1668	2
1669	1669	-2
1670	1670	2
1671	1671	2
1672	1672	-2
1673	1673	-2
1674	1674	-2
1675	1675	2
1676	1676	-2
1677	1677	-2
1678	1678	2
1679	1679	-2
1680	1680	2
1681	1681	-2
1682	1682	2
1683	1683	2
1684	1684	-2
1685	1685	-2
1686	1686	2
1687	1687	2
1688	1688	-2
1689	1689	-2
1690	1690	-2
1691	1691	-2
1692	1692	-2
1693	1693	2
1694	1694	-2
1695	1695	2
1696	1696	-2
1697	1697	-2
1698	1698	2
1699	1699	-2
1700	1700	-2
1701	1701	2
1702	1702	-2
1703	1703	2
1704	1704	-2
1705	1705	2
1706	1706	-2
1707	1707	2
1708	1708	-2
1709	1709	-2
1710	1710	-2
1711	1711	-2
1712	1712	-2
1713	1713	-2
1714	1714	-2
1715	1715	2
1716	1716	2
1717	1717	2
1718	1718	-2
1719	1719	-2
1720	1720	2
1721	1721	-2
1722	1722	-2
1723	1723	-2
1724	1724	-2
1725	1725	2
1726	1726	-2
1727	1727	2
1728	1728	2
1729	1729	-2
1730	1730	-2
1731	1731	2
1732	1732	-2
1733	1733	2
1734	1734	2
1735	1735	-2
1736	1736	-2
1737	1737	-2
1738	1738	-2
1739	1739	2
1740	1740	2
1741	1741	2
1742	1742	2
1743	1743	2
1744	1744	-2
1745	1745	-2
1746	1746	-2
1747	1747	-2
1748	1748	-2
1749	1749	2
1750	1750	-2
1751	1751	-2
1752	1752	-2
1753	1753	2
1754	1754	2
1755	1755	2
1756	1756	2
1757	1757	-2
1758	1758	-2
1759	1759	-2
1760	1760	2
1761	1761	2
1762	1762	2
1763	1763	2
1764	1764	2
1765	1765	2
1766	1766	-2
1767	1767	-2
1768	1768	2
1769	1769	2
1770	1770	-2
1771	1771	-2
1772	1772	-2
1773	1773	2
1774	1774	2
1775	1775	-2
1776	1776	-2
1777	1777	2
1778	1778	2
1779	1779	2
1780	1780	2
1781	1781	2
1782	1782	2
1783	1783	2
1784	1784	2
1785	1785	2
1786	1786	-2
1787	1787	2
1788	1788	-2
1789	1789	-2
1790	1790	2
1791	1791	2
1792	1792	-2
1793	1793	2
1794	1794	-2
1795	1795	-2
1796	1796	2
1797	1797	2
1798	1798	2
1799	1799	-2
1800	1800	-2
1801	1801	-2
1802	1802	2
1803	1803	-2
1804	1804	2
1805	1805	-2
1806	1806	2
1807	1807	-2
1808	1808	-2
1809	1809	2
1810	1810	-2
1811	1811	2
1812	1812	2
1813	1813	2
1814	1814	2
1815	1815	2
1816	1816	2
1817	1817	2
1818	1818	-2
1819	1819	-2
1820	1820	2
1821	1821	-2
1822	1822	2
1823	1823	-2
1824	1824	2
1825	1825	2
1826	1826	2
1827	1827	2
1828	1828	-2
1829	1829	-2
1830	1830	2
1831	1831	2
1832	1832	2
1833	1833	-2
1834	1834	2
1835	1835	-2
1836	1836	2
1837	1837	2
1838	1838	-2
1839	1839	2
1840	1840	-2
1841	1841	-2
1842	1842	-2
1843	1843	2
1844	1844	2
1845	1845	2
1846	1846	2
1847	1847	2
1848	1848	2
1849	1849	-2
1850	1850	2
1851	1851	-2
1852	1852	-2
1853	1853	2
1854	1854	-2
1855	1855	-2
1856	1856	-2
1857	1857	2
1858	1858	2
1859	1859	-2
1860	1860	-2
1861	1861	-2
1862	1862	-2
1863	1863	2
1864	1864	2
1865	1865	-2
1866	1866	-2
1867	1867	2
1868	1868	-2
1869	1869	2
1870	1870	-2
1871	1871	2
1872	1872	-2
1873	1873	2
1874	1874	-2
1875	1875	-2
1876	1876	-2
1877	1877	-2
1878	1878	2
1879	1879	2
1880	1880	2
1881	1881	2
1882	1882	-2
1883	1883	-2
1884	1884	2
1885	1885	-2
1886	1886	2
1887	1887	-2
1888	1888	2
1889	1889	-2
1890	1890	2
1891	1891	-2
1892	1892	-2
1893	1893	-2
1894	1894	-2
1895	1895	2
1896	1896	2
1897	1897	-2
1898	1898	2
1899	1899	-2
1900	1900	-2
1901	1901	-2
1902	1902	2
1903	1903	-2
1904	1904	-2
1905	1905	2
1906	1906	-2
1907	1907	2
1908	1908	-2
1909	1909	-2
1910	1910	2
1911	1911	2
1912	1912	2
1913	1913	2
1914	1914	-2
1915	1915	2
1916	1916	2
1917	1917	-2
1918	1918	-2
1919	1919	-2
1920	1920	2
1921	1921	2
1922	1922	-2
1923	1923	2
1924	1924	2
1925	1925	2
1926	1926	-2
1927	1927	2
1928	1928	2
1929	1929	-2
1930	1930	2
1931	1931	-2
1932	1932	2
1933	1933	2
1934	1934	-2
1935	1935	2
1936	1936	-2
1937	1937	-2
1938	1938	2
1939	1939	2
1940	1940	-2
1941	1941	-2
1942	1942	-2
1943	1943	-2
1944	1944	2
1945	1945	-2
1946	1946	2
1947	1947	-2
1948	1948	-2
1949	1949	2
1950	1950	-2
1951	1951	-2
1952	1952	-2
1953	1953	2
1954	1954	-2
1955	1955	-2
1956	1956	-2
1957	1957	2
1958	1958	2
1959	1959	-2
1960	1960	-2
1961	1961	2
1962	1962	-2
1963	1963	2
1964	1964	-2
1965	1965	-2
1966	1966	2
1967	1967	2
1968	1968	2
1969	1969	-2
1970	1970	2
1971	1971	2
1972	1972	2
1973	1973	2
1974	1974	-2
1975	1975	-2
1976	1976	-2
1977	1977	-2
1978	1978	-2
1979	1979	2
1980	1980	-2
1981	1981	-2
1982	1982	2
1983	1983	2
1984	1984	-2
1985	1985	-2
1986	1986	2
1987	1987	2
1988	1988	-2
1989	1989	-2
1990	1990	-2
1991	1991	-2
1992	1992	-2
1993	1993	-2
1994	1994	2
1995	1995	2
1996	1996	2
1997	1997	2
1998	1998	2
1999	1999	-2
2000	2000	2
2001	2001	-2
2002	2002	-2
2003	2003	-2
2004	2004	2
2005	2005	-2
2006	2006	-2
2007	2007	-2
2008	2008	2
2009	2009	-2
2010	2010	-2
2011	2011	2
2012	2012	-2
2013	2013	-2
2014	2014	-2
2015	2015	2
2016	2016	2
2017	2017	2
2018	2018	2
2019	2019	2
2020	2020	2
2021	2021	-2
2022	2022	2
2023	2023	-2
2024	2024	2
2025	2025	2
2026	2026	2
2027	2027	2
2028	2028	-2
2029	2029	-2
2030	2030	-2
2031	2031	-2
2032	2032	-2
2033	2033	2
2034	2034	-2
2035	2035	2
2036	2036	-2
2037	2037	2
2038	2038	-2
2039	2039	2
2040	2040	2
2041	2041	-2
2042	2042	2
2043	2043	-2
2044	2044	-2
2045	2045	2
2046	2046	2
2047	2047	2
2048	2048	2
1	148	1
1	151	1
1	336	1
1	398	1
1	429	1
1	837	1
1	1265	2
1	1733	-2
1	1882	2
2	53	1
2	79	1
2	81	1
2	363	1
2	392	1
2	938	1
2	1130	2
2	1980	2
2	2037	-2
3	49	1
3	66	1
3	537	1
3	782	1
3	853	1
3	961	1
3	1242	-2
3	1480	2
3	1712	-2
4	90	1
4	221	1
4	264	1
4	350	1
4	539	1
4	631	1
4	1268	2
4	1720	2
4	1823	-2
5	208	1
5	243	1
5	673	1
5	791	1
5	824	1
5	832	1
5	1571	2
5	1643	-2
5	1993	-2
6	585	1
6	638	1
6	923	1
6	941	1
6	977	1
6	1022	1
6	1472	-2
6	1651	2
6	1859	-2
7	334	1
7	393	1
7	431	1
7	494	1
7	627	1
7	1021	1
7	1228	2
7	1740	2
7	1881	2
8	56	1
8	232	1
8	476	1
8	572	1
8	749	1
8	1001	1
8	1522	-2
8	2042	-2
8	2048	2
9	406	1
9	595	1
9	618	1
9	736	1
9	758	1
9	1023	1
9	1746	-2
9	1795	2
9	1838	-2
10	339	1
10	364	1
10	605	1
10	809	1
10	967	1
10	1021	1
10	1066	2
10	1389	-2
10	1982	2
11	171	1
11	439	1
11	509	1
11	621	1
11	907	1
11	1010	1
11	1120	-2
11	1713	-2
11	1892	2
12	444	1
12	527	1
12	581	1
12	618	1
12	810	1
12	824	1
12	1216	2
12	1526	-2
12	1679	-2
13	65	1
13	221	1
13	406	1
13	789	1
13	875	1
13	941	1
13	1191	2
13	1558	-2
13	1978	-2
14	319	1
14	452	1
14	539	1
14	642	1
14	710	1
14	926	1
14	1464	2
14	1582	2
14	1940	-2
15	42	1
15	402	1
15	747	1
15	810	1
15	815	1
15	949	1
15	1181	2
15	1345	-2
15	1778	-2
16	189	1
16	328	1
16	342	1
16	411	1
16	413	1
16	681	1
16	1203	-2
16	1209	2
16	1735	2
17	45	1
17	87	1
17	410	1
17	442	1
17	940	1
17	967	1
17	1508	-2
17	1861	2
17	1944	2
18	26	1
18	174	1
18	280	1
18	724	1
18	915	1
18	973	1
18	1183	-2
18	1284	-2
18	1372	2
19	453	1
19	622	1
19	716	1
19	740	1
19	800	1
19	808	1
19	1561	-2
19	1586	2
19	1697	-2
20	60	1
20	66	1
20	81	1
20	189	1
20	229	1
20	598	1
20	1514	-2
20	1585	-2
20	1973	2
21	56	1
21	332	1
21	347	1
21	514	1
21	582	1
21	845	1
21	1377	2
21	1486	-2
21	2009	2
22	91	1
22	106	1
22	229	1
22	713	1
22	831	1
22	965	1
22	1331	2
22	1692	-2
22	1844	2
23	482	1
23	513	1
23	537	1
23	753	1
23	878	1
23	903	1
23	1690	2
23	1716	-2
23	1963	2
24	25	1
24	103	1
24	288	1
24	834	1
24	868	1
24	893	1
24	1278	2
24	1385	2
24	1668	2
25	110	1
25	397	1
25	416	1
25	638	1
25	834	1
25	1141	2
25	1619	-2
25	1668	2
26	66	1
26	86	1
26	323	1
26	324	1
26	915	1
26	1183	-2
26	1193	-2
26	1231	2
27	93	1
27	133	1
27	154	1
27	370	1
27	720	1
27	913	1
27	1133	2
27	1742	2
27	1779	2
28	130	1
28	655	1
28	670	1
28	951	1
28	975	1
28	976	1
28	1135	2
28	1923	-2
28	1925	2
29	157	1
29	448	1
29	506	1
29	772	1
29	790	1
29	900	1
29	1672	2
29	1686	2
29	1770	-2
30	31	1
30	120	1
30	145	1
30	241	1
30	748	1
30	883	1
30	1225	-2
30	1411	2
30	1920	-2
31	145	1
31	395	1
31	646	1
31	776	1
31	921	1
31	1452	2
31	1484	2
31	1920	-2
32	167	1
32	179	1
32	425	1
32	459	1
32	745	1
32	827	1
32	1397	2
32	1523	-2
32	1592	2
33	251	1
33	406	1
33	455	1
33	576	1
33	764	1
33	791	1
33	1676	-2
33	1967	2
33	1988	2
34	195	1
34	245	1
34	285	1
34	330	1
34	407	1
34	865	1
34	1789	2
34	1930	-2
34	1958	2
35	130	1
35	323	1
35	501	1
35	558	1
35	920	1
35	924	1
35	1274	-2
35	1758	2
35	1932	-2
36	125	1
36	255	1
36	335	1
36	348	1
36	445	1
36	709	1
36	1061	-2
36	1456	-2
36	1630	2
37	78	1
37	136	1
37	206	1
37	436	1
37	528	1
37	926	1
37	1098	2
37	1584	2
37	1616	2
38	274	1
38	388	1
38	458	1
38	513	1
38	603	1
38	858	1
38	1258	-2
38	1598	-2
38	1971	2
39	294	1
39	564	1
39	649	1
39	663	1
39	668	1
39	943	1
39	1049	2
39	1056	-2
39	2047	-2
40	341	1
40	351	1
40	409	1
40	521	1
40	637	1
40	673	1
40	1527	-2
40	1875	2
40	1896	-2
41	55	1
41	142	1
41	623	1
41	626	1
41	754	1
41	757	1
41	1365	2
41	1575	2
41	1934	-2
42	539	1
42	587	1
42	688	1
42	692	1
42	949	1
42	1345	-2
42	1457	2
42	1705	2
43	304	1
43	343	1
43	438	1
43	647	1
43	886	1
43	963	1
43	1123	2
43	1425	2
43	1436	-2
44	395	1
44	524	1
44	787	1
44	845	1
44	969	1
44	978	1
44	1201	2
44	1402	-2
44	1482	-2
45	213	1
45	442	1
45	508	1
45	542	1
45	765	1
45	1469	-2
45	1508	-2
45	2029	-2
46	60	1
46	220	1
46	348	1
46	359	1
46	394	1
46	964	1
46	1184	-2
46	1546	-2
46	1698	2
47	176	1
47	220	1
47	615	1
47	650	1
47	821	1
47	932	1
47	1378	2
47	1736	2
47	1757	2
48	162	1
48	169	1
48	474	1
48	504	1
48	699	1
48	795	1
48	1816	-2
48	1833	-2
48	1991	2
49	196	1
49	260	1
49	546	1
49	853	1
49	1010	1
49	1144	2
49	1446	-2
49	1712	-2
50	143	1
50	320	1
50	511	1
50	690	1
50	870	1
50	1013	1
50	1751	2
50	1970	2
50	2013	-2
51	60	1
51	116	1
51	124	1
51	137	1
51	469	1
51	569	1
51	1065	2
51	1646	2
51	1726	2
52	114	1
52	128	1
52	350	1
52	440	1
52	782	1
52	828	1
52	1450	2
52	1479	2
52	1732	-2
53	363	1
53	451	1
53	563	1
53	715	1
53	821	1
53	1229	2
53	1429	2
53	2037	-2
54	110	1
54	515	1
54	603	1
54	636	1
54	787	1
54	854	1
54	1288	2
54	1400	2
54	1803	2
55	157	1
55	240	1
55	626	1
55	807	1
55	947	1
55	1548	-2
55	1575	2
55	1621	-2
56	232	1
56	249	1
56	313	1
56	347	1
56	1356	-2
56	2009	2
56	2048	2
57	226	1
57	796	1
57	869	1
57	949	1
57	953	1
57	955	1
57	1140	2
57	1297	2
57	1917	-2
58	160	1
58	278	1
58	326	1
58	676	1
58	783	1
58	997	1
58	1367	2
58	1781	-2
58	2008	-2
59	213	1
59	252	1
59	280	1
59	726	1
59	935	1
59	970	1
59	1227	-2
59	1243	2
59	1350	2
60	66	1
60	137	1
60	220	1
60	1065	2
60	1546	-2
60	1585	-2
61	272	1
61	290	1
61	343	1
61	654	1
61	744	1
61	872	1
61	1766	-2
61	1847	-2
61	2019	2
62	258	1
62	271	1
62	503	1
62	593	1
62	611	1
62	775	1
62	1028	2
62	1213	-2
62	2028	-2
63	194	1
63	287	1
63	329	1
63	529	1
63	597	1
63	896	1
63	1218	-2
63	1283	-2
63	1302	-2
64	120	1
64	370	1
64	678	1
64	818	1
64	1018	1
64	1024	1
64	1580	2
64	1728	-2
64	2020	2
65	108	1
65	170	1
65	221	1
65	379	1
65	401	1
65	1136	-2
65	1962	2
65	1978	-2
66	323	1
66	961	1
66	1231	2
66	1242	-2
66	1585	-2
67	187	1
67	377	1
67	687	1
67	728	1
67	739	1
67	964	1
67	1245	-2
67	1852	-2
67	1885	2
68	73	1
68	238	1
68	323	1
68	373	1
68	435	1
68	1009	1
68	1041	-2
68	1248	-2
68	1946	-2
69	149	1
69	371	1
69	465	1
69	521	1
69	657	1
69	913	1
69	1311	2
69	1399	2
69	1615	-2
70	118	1
70	203	1
70	263	1
70	287	1
70	382	1
70	567	1
70	1125	-2
70	1421	2
70	1873	2
71	104	1
71	147	1
71	265	1
71	513	1
71	641	1
71	863	1
71	1156	-2
71	1224	2
71	1237	-2
72	321	1
72	498	1
72	510	1
72	512	1
72	674	1
72	927	1
72	1544	-2
72	1926	-2
72	1945	-2
73	238	1
73	613	1
73	624	1
73	937	1
73	980	1
73	1248	-2
73	1264	2
73	1954	-2
74	118	1
74	121	1
74	229	1
74	812	1
74	839	1
74	951	1
74	1062	2
74	1530	-2
74	1545	-2
75	132	1
75	470	1
75	643	1
75	678	1
75	686	1
75	713	1
75	1388	-2
75	1505	-2
75	1510	-2
76	275	1
76	283	1
76	321	1
76	807	1
76	840	1
76	986	1
76	1475	2
76	1553	-2
76	1691	2
77	153	1
77	490	1
77	548	1
77	874	1
77	885	1
77	913	1
77	1164	2
77	1783	-2
77	1872	2
78	124	1
78	365	1
78	528	1
78	812	1
78	838	1
78	1616	2
78	1689	-2
78	1874	2
79	95	1
79	392	1
79	529	1
79	551	1
79	940	1
79	1075	2
79	1130	2
79	2011	2
80	235	1
80	421	1
80	651	1
80	673	1
80	840	1
80	1006	1
80	1488	2
80	1663	2
80	1977	2
81	229	1
81	640	1
81	900	1
81	938	1
81	1172	2
81	1973	2
81	1980	2
82	480	1
82	577	1
82	663	1
82	684	1
82	953	1
82	982	1
82	1239	-2
82	1255	-2
82	1826	-2
83	300	1
83	592	1
83	646	1
83	945	1
83	957	1
83	1001	1
83	1110	2
83	1253	2
83	1867	-2
84	440	1
84	532	1
84	609	1
84	629	1
84	639	1
84	712	1
84	1335	2
84	1655	2
84	1717	2
85	281	1
85	433	1
85	549	1
85	637	1
85	648	1
85	714	1
85	1220	2
85	1591	-2
85	1975	-2
86	102	1
86	324	1
86	357	1
86	817	1
86	849	1
86	1193	-2
86	1649	-2
86	1723	2
87	129	1
87	410	1
87	416	1
87	917	1
87	920	1
87	1597	2
87	1944	2
87	2034	2
88	244	1
88	300	1
88	407	1
88	470	1
88	510	1
88	1005	1
88	1099	2
88	1375	-2
88	1478	-2
89	237	1
89	354	1
89	395	1
89	426	1
89	665	1
89	701	1
89	1160	-2
89	1340	2
89	1752	2
90	221	1
90	365	1
90	512	1
90	528	1
90	592	1
90	1246	-2
90	1268	2
90	1773	2
91	177	1
91	229	1
91	387	1
91	473	1
91	816	1
91	1189	-2
91	1331	2
91	1538	2
92	191	1
92	416	1
92	712	1
92	884	1
92	986	1
92	1007	1
92	1423	2
92	1502	2
92	2016	-2
93	141	1
93	370	1
93	425	1
93	451	1
93	711	1
93	1742	2
93	1807	-2
93	1856	-2
94	319	1
94	396	1
94	443	1
94	560	1
94	669	1
94	722	1
94	1364	2
94	1827	-2
94	1832	-2
95	382	1
95	551	1
95	717	1
95	771	1
95	792	1
95	1075	2
95	1474	-2
95	1894	2
96	101	1
96	261	1
96	767	1
96	875	1
96	923	1
96	1003	1
96	1185	2
96	1376	-2
96	1675	2
97	98	1
97	101	1
97	314	1
97	356	1
97	774	1
97	905	1
97	1040	2
97	1569	2
97	1693	-2
98	101	1
98	315	1
98	570	1
98	591	1
98	678	1
98	1256	2
98	1257	-2
98	1569	2
99	100	1
99	248	1
99	588	1
99	625	1
99	769	1
99	919	1
99	1025	-2
99	1105	-2
99	1787	-2
100	127	1
100	625	1
100	821	1
100	846	1
100	974	1
100	1206	-2
100	1321	-2
100	1787	-2
101	155	1
101	180	1
101	923	1
101	1376	-2
101	1569	2
101	2001	-2
102	108	1
102	203	1
102	357	1
102	548	1
102	897	1
102	1398	2
102	1636	-2
102	1649	-2
103	288	1
103	487	1
103	694	1
103	761	1
103	800	1
103	1278	2
103	1618	2
103	1745	-2
104	206	1
104	304	1
104	318	1
104	641	1
104	996	1
104	1233	-2
104	1237	-2
104	1412	2
105	247	1
105	526	1
105	742	1
105	812	1
105	867	1
105	991	1
105	1394	2
105	1890	2
105	1979	-2
106	179	1
106	220	1
106	301	1
106	627	1
106	965	1
106	1139	-2
106	1336	-2
106	1692	-2
107	146	1
107	330	1
107	735	1
107	768	1
107	849	1
107	961	1
107	1097	2
107	1197	-2
107	1602	2
108	401	1
108	548	1
108	660	1
108	715	1
108	1398	2
108	1962	2
108	1974	-2
109	119	1
109	146	1
109	176	1
109	231	1
109	297	1
109	517	1
109	1327	2
109	1953	2
109	1986	2
110	416	1
110	636	1
110	851	1
110	855	1
110	1288	2
110	1619	-2
110	1947	-2
111	172	1
111	186	1
111	497	1
111	634	1
111	646	1
111	666	1
111	1029	2
111	1084	2
111	1354	2
112	140	1
112	275	1
112	292	1
112	633	1
112	679	1
112	987	1
112	1178	-2
112	1492	-2
112	1531	-2
113	222	1
113	421	1
113	515	1
113	596	1
113	816	1
113	899	1
113	1396	-2
113	1627	-2
113	1996	2
114	128	1
114	216	1
114	517	1
114	554	1
114	741	1
114	1296	2
114	1450	2
114	1704	2
115	218	1
115	301	1
115	446	1
115	586	1
115	697	1
115	995	1
115	1100	-2
115	1729	-2
115	1798	2
116	327	1
116	345	1
116	469	1
116	484	1
116	524	1
116	1103	2
116	1646	2
116	1811	-2
117	144	1
117	247	1
117	394	1
117	496	1
117	757	1
117	873	1
117	1115	2
117	1132	-2
117	1211	-2
118	567	1
118	780	1
118	866	1
118	951	1
118	1421	2
118	1530	-2
118	1707	2
119	176	1
119	216	1
119	427	1
119	741	1
119	890	1
119	1880	2
119	1922	-2
119	1986	2
120	241	1
120	304	1
120	370	1
120	1020	1
120	1225	-2
120	1607	2
120	2020	2
121	156	1
121	181	1
121	190	1
121	229	1
121	437	1
121	1062	2
121	1303	-2
121	1442	-2
122	161	1
122	282	1
122	356	1
122	696	1
122	767	1
122	876	1
122	1205	-2
122	1221	2
122	1537	2
123	223	1
123	244	1
123	390	1
123	391	1
123	398	1
123	911	1
123	1088	2
123	1109	-2
123	1309	2
124	569	1
124	601	1
124	812	1
124	859	1
124	1540	2
124	1726	2
124	1874	2
125	222	1
125	348	1
125	494	1
125	794	1
125	859	1
125	1202	-2
125	1630	2
125	1721	-2
126	219	1
126	305	1
126	450	1
126	541	1
126	601	1
126	995	1
126	1410	2
126	1769	-2
126	1889	2
127	382	1
127	436	1
127	499	1
127	821	1
127	983	1
127	1321	-2
127	1908	-2
127	1951	-2
128	324	1
128	923	1
128	972	1
128	1016	1
128	1450	2
128	1700	-2
128	1981	-2
129	416	1
129	586	1
129	664	1
129	806	1
129	852	1
129	1071	2
129	1541	-2
129	1597	2
130	920	1
130	951	1
130	1002	1
130	1015	1
130	1135	2
130	1758	2
130	1919	2
131	150	1
131	317	1
131	550	1
131	662	1
131	868	1
131	902	1
131	1129	-2
131	1637	2
131	2038	-2
132	184	1
132	284	1
132	495	1
132	643	1
132	988	1
132	1387	-2
132	1510	-2
132	1513	2
133	154	1
133	536	1
133	775	1
133	899	1
133	916	1
133	1133	2
133	1247	2
133	1409	-2
134	153	1
134	330	1
134	667	1
134	682	1
134	689	1
134	856	1
134	1366	-2
134	1493	-2
134	1639	2
135	289	1
135	384	1
135	398	1
135	628	1
135	957	1
135	959	1
135	1104	2
135	1290	-2
135	1960	-2
136	436	1
136	477	1
136	872	1
136	976	1
136	988	1
136	1153	2
136	1271	2
136	1584	2
137	454	1
137	556	1
137	733	1
137	1008	1
137	1065	2
137	1131	-2
137	1251	2
138	151	1
138	306	1
138	402	1
138	789	1
138	866	1
138	971	1
138	1146	-2
138	1418	2
138	1895	-2
139	278	1
139	294	1
139	319	1
139	579	1
139	695	1
139	735	1
139	1819	-2
139	1884	2
139	1956	-2
140	292	1
140	670	1
140	701	1
140	837	1
140	883	1
140	1059	2
140	1150	2
140	1492	-2
141	355	1
141	362	1
141	711	1
141	761	1
141	1013	1
141	1078	-2
141	1096	2
141	1856	-2
142	161	1
142	289	1
142	294	1
142	536	1
142	754	1
142	1365	2
142	1747	-2
142	1801	-2
143	320	1
143	556	1
143	609	1
143	1017	1
143	1022	1
143	1230	2
143	1371	-2
143	1751	2
144	215	1
144	394	1
144	635	1
144	742	1
144	843	1
144	1115	2
144	1722	2
144	1831	-2
145	167	1
145	224	1
145	264	1
145	748	1
145	1145	2
145	1188	-2
145	1920	-2
146	231	1
146	715	1
146	735	1
146	959	1
146	1097	2
146	1161	-2
146	1327	2
147	159	1
147	489	1
147	513	1
147	560	1
147	770	1
147	1156	-2
147	1638	2
147	1759	-2
148	210	1
148	290	1
148	353	1
148	429	1
148	464	1
148	1235	2
148	1503	2
148	1733	-2
149	163	1
149	620	1
149	657	1
149	738	1
149	983	1
149	1543	-2
149	1615	-2
149	1995	-2
150	657	1
150	662	1
150	700	1
150	912	1
150	937	1
150	1081	-2
150	1129	-2
150	1937	-2
151	305	1
151	402	1
151	837	1
151	873	1
151	1146	-2
151	1373	2
151	1882	2
152	302	1
152	327	1
152	412	1
152	483	1
152	585	1
152	794	1
152	1196	-2
152	1589	-2
152	1665	2
153	548	1
153	734	1
153	856	1
153	981	1
153	1147	-2
153	1164	2
153	1639	2
154	346	1
154	553	1
154	785	1
154	828	1
154	1133	2
154	1869	-2
154	2006	2
155	180	1
155	376	1
155	379	1
155	575	1
155	933	1
155	1339	-2
155	2001	-2
155	2005	2
156	247	1
156	437	1
156	752	1
156	822	1
156	998	1
156	1303	-2
156	1632	2
156	1943	-2
157	465	1
157	769	1
157	790	1
157	807	1
157	1077	2
157	1548	-2
157	1686	2
158	284	1
158	606	1
158	716	1
158	743	1
158	826	1
158	833	1
158	1451	-2
158	1496	2
158	1796	2
159	560	1
159	692	1
159	845	1
159	855	1
159	942	1
159	1521	2
159	1629	2
159	1759	-2
160	171	1
160	278	1
160	353	1
160	569	1
160	796	1
160	1367	2
160	1467	2
160	1909	-2
161	282	1
161	294	1
161	299	1
161	352	1
161	1117	-2
161	1537	2
161	1801	-2
162	169	1
162	228	1
162	445	1
162	514	1
162	776	1
162	1127	-2
162	1489	-2
162	1816	-2
163	210	1
163	366	1
163	582	1
163	733	1
163	983	1
163	1381	-2
163	1543	-2
163	1904	2
164	450	1
164	503	1
164	702	1
164	723	1
164	939	1
164	953	1
164	1186	2
164	1293	2
164	1426	-2
165	283	1
165	572	1
165	613	1
165	734	1
165	906	1
165	911	1
165	1076	-2
165	1432	2
165	1688	-2
166	479	1
166	525	1
166	585	1
166	597	1
166	672	1
166	732	1
166	1401	2
166	1768	-2
166	2012	-2
167	264	1
167	479	1
167	827	1
167	889	1
167	1188	-2
167	1523	-2
167	1738	-2
168	249	1
168	459	1
168	764	1
168	930	1
168	947	1
168	1004	1
168	1134	2
168	1359	-2
168	1694	-2
169	448	1
169	619	1
169	631	1
169	830	1
169	1576	-2
169	1604	-2
169	1816	-2
170	193	1
170	379	1
170	492	1
170	647	1
170	909	1
170	1136	-2
170	1462	-2
170	2025	-2
171	224	1
171	796	1
171	877	1
171	1010	1
171	1047	2
171	1120	-2
171	1909	-2
172	193	1
172	442	1
172	487	1
172	497	1
172	779	1
172	1195	-2
172	1354	2
172	2007	-2
173	281	1
173	297	1
173	656	1
173	905	1
173	954	1
173	962	1
173	2033	-2
173	2041	-2
173	2045	-2
174	235	1
174	302	1
174	434	1
174	724	1
174	1005	1
174	1284	-2
174	1562	2
174	1994	-2
175	194	1
175	463	1
175	486	1
175	578	1
175	823	1
175	960	1
175	1314	-2
175	1650	-2
175	1931	-2
176	220	1
176	811	1
176	918	1
176	1378	2
176	1968	2
176	1986	2
177	387	1
177	683	1
177	693	1
177	894	1
177	1000	1
177	1286	-2
177	1538	2
177	1608	-2
178	357	1
178	568	1
178	579	1
178	805	1
178	834	1
178	911	1
178	1236	2
178	1671	2
178	1800	-2
179	459	1
179	627	1
179	704	1
179	995	1
179	1336	-2
179	1592	2
179	1612	2
180	615	1
180	689	1
180	942	1
180	990	1
180	1620	-2
180	1805	-2
180	2001	-2
181	190	1
181	659	1
181	725	1
181	854	1
181	856	1
181	1285	2
181	1294	-2
181	1442	-2
182	393	1
182	608	1
182	696	1
182	781	1
182	833	1
182	992	1
182	1417	2
182	1517	-2
182	1771	-2
183	203	1
183	655	1
183	737	1
183	769	1
183	811	1
183	1017	1
183	1718	2
183	1755	-2
183	1824	2
184	281	1
184	284	1
184	320	1
184	374	1
184	729	1
184	1055	-2
184	1387	-2
184	2022	-2
185	293	1
185	383	1
185	385	1
185	593	1
185	888	1
185	984	1
185	1128	2
185	1587	2
185	1822	2
186	493	1
186	527	1
186	634	1
186	768	1
186	881	1
186	1084	2
186	1204	-2
186	1310	2
187	221	1
187	691	1
187	724	1
187	739	1
187	795	1
187	1516	2
187	1780	-2
187	1852	-2
188	310	1
188	312	1
188	338	1
188	458	1
188	515	1
188	581	1
188	1361	2
188	1606	-2
188	1841	-2
189	342	1
189	449	1
189	598	1
189	944	1
189	1209	2
189	1514	-2
189	1888	-2
190	196	1
190	414	1
190	476	1
190	937	1
190	1214	-2
190	1442	-2
190	1754	-2
191	291	1
191	416	1
191	478	1
191	523	1
191	888	1
191	1338	2
191	1423	2
191	2036	2
192	194	1
192	595	1
192	607	1
192	889	1
192	918	1
192	1004	1
192	1623	2
192	1866	2
192	1903	-2
193	303	1
193	487	1
193	647	1
193	803	1
193	1195	-2
193	1244	2
193	2025	-2
194	529	1
194	595	1
194	960	1
194	1283	-2
194	1623	2
194	1650	-2
195	245	1
195	598	1
195	664	1
195	833	1
195	853	1
195	1455	-2
195	1750	2
195	1789	2
196	260	1
196	476	1
196	630	1
196	683	1
196	1151	-2
196	1214	-2
196	1446	-2
197	273	1
197	390	1
197	617	1
197	637	1
197	788	1
197	966	1
197	1539	2
197	1557	2
197	1765	-2
198	199	1
198	278	1
198	635	1
198	740	1
198	805	1
198	820	1
198	1281	-2
198	1332	2
198	1518	2
199	308	1
199	565	1
199	610	1
199	747	1
199	805	1
199	1034	-2
199	1169	2
199	1281	-2
200	230	1
200	419	1
200	466	1
200	473	1
200	587	1
200	735	1
200	1175	2
200	1395	2
200	1659	-2
201	234	1
201	246	1
201	273	1
201	288	1
201	523	1
201	688	1
201	1168	-2
201	1566	-2
201	1806	-2
202	207	1
202	286	1
202	508	1
202	722	1
202	805	1
202	917	1
202	1427	2
202	1767	-2
202	2023	2
203	263	1
203	811	1
203	897	1
203	1636	-2
203	1718	2
203	1873	2
204	234	1
204	415	1
204	491	1
204	521	1
204	762	1
204	956	1
204	1058	2
204	1217	2
204	1525	-2
205	624	1
205	860	1
205	883	1
205	936	1
205	1000	1
205	1006	1
205	1358	2
205	1476	-2
205	1935	-2
206	304	1
206	405	1
206	799	1
206	926	1
206	1098	2
206	1386	2
206	1412	2
207	273	1
207	508	1
207	718	1
207	728	1
207	847	1
207	1052	-2
207	1352	2
207	1767	-2
208	243	1
208	316	1
208	649	1
208	698	1
208	884	1
208	1499	-2
208	1571	2
208	1802	-2
209	327	1
209	505	1
209	625	1
209	706	1
209	720	1
209	887	1
209	1323	-2
209	1858	-2
209	1952	2
210	464	1
210	508	1
210	582	1
210	749	1
210	1503	2
210	1790	2
210	1904	2
211	485	1
211	562	1
211	802	1
211	886	1
211	977	1
211	1008	1
211	1043	2
211	1731	2
211	1853	-2
212	223	1
212	337	1
212	473	1
212	520	1
212	598	1
212	823	1
212	1252	2
212	1424	-2
212	1445	2
213	412	1
213	542	1
213	607	1
213	726	1
213	1227	-2
213	1714	2
213	2029	-2
214	439	1
214	504	1
214	621	1
214	697	1
214	852	1
214	972	1
214	1583	-2
214	1727	-2
214	1821	2
215	246	1
215	279	1
215	415	1
215	580	1
215	843	1
215	1722	2
215	1879	-2
215	1987	2
216	245	1
216	326	1
216	427	1
216	554	1
216	1296	2
216	1837	2
216	1922	-2
217	388	1
217	516	1
217	555	1
217	797	1
217	831	1
217	894	1
217	1113	2
217	1241	2
217	1343	2
218	317	1
218	704	1
218	910	1
218	925	1
218	995	1
218	1100	-2
218	1865	-2
218	2046	-2
219	336	1
219	540	1
219	552	1
219	918	1
219	995	1
219	1463	-2
219	1588	-2
219	1889	2
220	301	1
220	1139	-2
220	1378	2
220	1546	-2
221	724	1
221	1268	2
221	1780	-2
221	1978	-2
222	417	1
222	494	1
222	705	1
222	816	1
222	1202	-2
222	1614	2
222	1627	-2
223	253	1
223	398	1
223	520	1
223	695	1
223	1252	2
223	1309	2
223	1785	2
224	737	1
224	748	1
224	877	1
224	1023	1
224	1047	2
224	1145	2
224	1249	2
225	271	1
225	345	1
225	399	1
225	453	1
225	507	1
225	847	1
225	1054	-2
225	1788	-2
225	1893	-2
226	329	1
226	367	1
226	912	1
226	938	1
226	953	1
226	1140	2
226	1198	2
226	1380	-2
227	233	1
227	445	1
227	590	1
227	677	1
227	826	1
227	963	1
227	1532	-2
227	1912	2
227	2027	-2
228	445	1
228	509	1
228	517	1
228	751	1
228	763	1
228	1127	-2
228	1593	2
228	1857	2
229	1062	2
229	1331	2
229	1973	2
230	242	1
230	441	1
230	465	1
230	587	1
230	731	1
230	1329	2
230	1579	-2
230	1659	-2
231	250	1
231	308	1
231	583	1
231	979	1
231	1327	2
231	1595	-2
231	1910	2
232	590	1
232	636	1
232	788	1
232	1016	1
232	1048	-2
232	1212	2
232	2048	2
233	242	1
233	335	1
233	386	1
233	445	1
233	668	1
233	1413	2
233	1914	-2
233	2027	-2
234	273	1
234	420	1
234	908	1
234	956	1
234	1168	-2
234	1525	-2
234	1897	2
235	266	1
235	434	1
235	673	1
235	746	1
235	1562	2
235	1687	-2
235	1977	2
236	547	1
236	600	1
236	857	1
236	900	1
236	997	1
236	1014	1
236	1050	2
236	1408	-2
236	1734	-2
237	334	1
237	426	1
237	587	1
237	756	1
237	983	1
237	1039	2
237	1160	-2
237	1815	-2
238	252	1
238	588	1
238	645	1
238	864	1
238	1248	-2
238	1550	-2
238	1701	-2
239	311	1
239	557	1
239	630	1
239	835	1
239	897	1
239	959	1
239	1165	2
239	1609	-2
239	2003	2
240	496	1
240	553	1
240	570	1
240	886	1
240	947	1
240	1126	2
240	1535	-2
240	1621	-2
241	307	1
241	693	1
241	739	1
241	915	1
241	1037	2
241	1225	-2
241	1279	2
242	314	1
242	335	1
242	465	1
242	840	1
242	1413	2
242	1579	-2
242	1950	2
243	500	1
243	563	1
243	750	1
243	924	1
243	1571	2
243	1600	-2
243	1786	-2
244	347	1
244	390	1
244	470	1
244	676	1
244	1088	2
244	1099	2
244	1433	-2
245	326	1
245	543	1
245	713	1
245	1428	2
245	1789	2
245	1837	2
246	279	1
246	360	1
246	688	1
246	760	1
246	1106	-2
246	1806	-2
246	1879	-2
247	496	1
247	812	1
247	822	1
247	1211	-2
247	1632	2
247	1979	-2
248	367	1
248	769	1
248	797	1
248	820	1
248	1002	1
248	1025	-2
248	1661	-2
248	1840	-2
249	313	1
249	375	1
249	411	1
249	1004	1
249	1356	-2
249	1694	-2
249	1949	2
250	293	1
250	419	1
250	450	1
250	679	1
250	979	1
250	1330	2
250	1595	-2
250	1753	2
251	267	1
251	406	1
251	456	1
251	467	1
251	1007	1
251	1306	2
251	1676	-2
251	1706	2
252	509	1
252	737	1
252	864	1
252	970	1
252	1350	2
252	1550	-2
252	1715	2
253	306	1
253	505	1
253	530	1
253	695	1
253	700	1
253	1785	2
253	1792	2
253	1878	2
254	322	1
254	476	1
254	606	1
254	633	1
254	948	1
254	974	1
254	1152	-2
254	1180	2
254	1549	2
255	437	1
255	445	1
255	520	1
255	716	1
255	767	1
255	1035	-2
255	1456	-2
255	1791	-2
256	344	1
256	452	1
256	541	1
256	586	1
256	736	1
256	808	1
256	1053	-2
256	1263	2
256	1843	2
257	404	1
257	407	1
257	738	1
257	778	1
257	922	1
257	1019	1
257	1357	2
257	1645	2
257	1776	-2
258	387	1
258	593	1
258	723	1
258	865	1
258	957	1
258	1441	2
258	1984	2
258	2028	-2
259	295	1
259	338	1
259	516	1
259	747	1
259	748	1
259	882	1
259	1032	-2
259	1471	2
259	1567	2
260	447	1
260	482	1
260	648	1
260	757	1
260	1154	-2
260	1414	-2
260	1446	-2
261	374	1
261	520	1
261	708	1
261	755	1
261	1003	1
261	1185	2
261	1434	-2
261	1989	2
262	277	1
262	437	1
262	492	1
262	846	1
262	921	1
262	991	1
262	1158	2
262	1465	-2
262	1695	2
263	354	1
263	466	1
263	496	1
263	721	1
263	1635	2
263	1654	2
263	1873	2
264	288	1
264	631	1
264	744	1
264	1188	-2
264	1368	2
264	1823	-2
265	371	1
265	650	1
265	863	2
265	1023	1
265	1079	-2
265	1224	2
265	1392	-2
266	602	1
266	746	1
266	806	1
266	952	1
266	992	1
266	1192	-2
266	1648	2
266	1687	-2
267	418	1
267	502	1
267	723	1
267	987	1
267	1007	1
267	1085	2
267	1306	2
267	1317	-2
268	430	1
268	435	1
268	454	1
268	481	1
268	535	1
268	571	1
268	1416	-2
268	1626	-2
268	1699	-2
269	424	1
269	518	1
269	525	1
269	565	1
269	652	1
269	746	1
269	1453	-2
269	1555	-2
269	2017	2
270	372	1
270	464	1
270	623	1
270	891	1
270	952	1
270	999	1
270	1276	-2
270	1702	2
270	2002	2
271	497	1
271	507	1
271	611	1
271	754	1
271	1213	-2
271	1291	2
271	1788	-2
272	290	1
272	540	1
272	691	1
272	718	1
272	784	1
272	1234	2
272	1766	-2
272	1997	2
273	390	1
273	718	1
273	1168	-2
273	1352	2
273	1765	-2
274	313	1
274	547	1
274	603	1
274	670	1
274	917	1
274	1578	2
274	1719	-2
274	1971	2
275	283	1
275	457	1
275	677	1
275	987	1
275	1475	2
275	1531	-2
275	2000	2
276	311	1
276	401	1
276	652	1
276	720	1
276	928	1
276	946	1
276	1210	-2
276	1355	2
276	1481	-2
277	333	1
277	437	1
277	567	1
277	719	1
277	857	1
277	1033	2
277	1695	2
277	1725	2
278	319	1
278	740	1
278	1367	2
278	1518	2
278	1819	-2
279	316	1
279	429	1
279	464	1
279	506	1
279	1524	2
279	1703	-2
279	1879	-2
280	321	1
280	829	1
280	935	1
280	973	1
280	1243	2
280	1372	2
280	1529	-2
281	297	1
281	637	1
281	729	1
281	1591	-2
281	2022	-2
281	2045	-2
282	448	1
282	523	1
282	827	1
282	1007	1
282	1404	-2
282	1537	2
282	1574	2
283	890	1
283	906	1
283	996	1
283	1270	2
283	1475	2
283	1688	-2
284	640	1
284	716	1
284	839	1
284	1118	-2
284	1387	-2
284	1451	-2
285	491	1
285	612	1
285	801	1
285	863	1
285	865	1
285	1570	-2
285	1684	2
285	1930	-2
286	359	1
286	386	1
286	392	1
286	722	1
286	861	1
286	1300	2
286	1301	-2
286	2023	2
287	324	1
287	382	1
287	462	1
287	896	1
287	1125	-2
287	1218	-2
287	1983	2
288	523	1
288	744	1
288	1278	2
288	1368	2
288	1566	-2
289	441	1
289	536	1
289	794	1
289	959	1
289	1104	2
289	1347	2
289	1747	-2
290	353	1
290	498	1
290	753	1
290	1235	2
290	1766	-2
290	2040	2
291	369	1
291	523	1
291	606	1
291	651	1
291	800	1
291	1547	-2
291	1829	2
291	2036	2
292	656	1
292	750	1
292	771	1
292	934	1
292	1121	-2
292	1492	-2
292	1666	2
293	450	1
293	495	1
293	809	1
293	984	1
293	1330	2
293	1477	-2
293	1822	2
294	564	1
294	735	1
294	1801	-2
294	1884	2
294	2047	-2
295	320	1
295	483	1
295	747	1
295	804	1
295	989	1
295	1092	-2
295	1567	2
295	1898	-2
296	331	1
296	729	1
296	762	1
296	822	1
296	956	1
296	998	1
296	1328	2
296	1572	-2
296	1862	-2
297	517	1
297	610	1
297	680	1
297	1177	2
297	1953	2
297	2045	-2
298	393	1
298	427	1
298	663	1
298	836	1
298	891	1
298	1015	1
298	1269	-2
298	1353	2
298	1851	2
299	352	1
299	412	1
299	594	1
299	844	1
299	998	1
299	1046	-2
299	1117	-2
299	1266	2
300	400	1
300	407	1
300	408	1
300	592	1
300	1478	-2
300	1678	2
300	1867	-2
301	446	1
301	594	1
301	880	1
301	1139	-2
301	1344	-2
301	1798	2
302	412	1
302	492	1
302	869	1
302	1005	1
302	1196	-2
302	1504	-2
302	1994	-2
303	315	1
303	551	1
303	571	1
303	705	1
303	803	1
303	1166	2
303	1244	2
303	1360	2
304	963	1
304	1020	1
304	1123	2
304	1412	2
304	1607	2
305	541	1
305	651	1
305	745	1
305	873	1
305	1373	2
305	1744	-2
305	1769	-2
306	432	1
306	530	1
306	844	1
306	866	1
306	1418	2
306	1878	2
306	1905	2
307	362	1
307	691	1
307	725	1
307	843	1
307	915	1
307	1279	2
307	1497	-2
307	2035	2
308	522	1
308	583	1
308	610	1
308	825	1
308	1034	-2
308	1564	-2
308	1910	2
309	328	1
309	331	1
309	422	1
309	751	1
309	797	1
309	931	1
309	1295	-2
309	1528	2
309	1848	-2
310	458	1
310	597	1
310	604	1
310	731	1
310	791	1
310	1494	2
310	1841	-2
310	1929	-2
311	401	1
311	557	1
311	999	1
311	1005	1
311	1481	-2
311	1609	-2
311	1760	-2
312	338	1
312	368	1
312	408	1
312	608	1
312	993	1
312	1307	-2
312	1606	-2
312	1680	-2
313	486	1
313	547	1
313	901	1
313	1356	-2
313	1536	-2
313	1578	2
314	356	1
314	594	1
314	840	1
314	870	1
314	1040	2
314	1261	2
314	1950	2
315	571	1
315	678	1
315	751	1
315	1022	1
315	1026	-2
315	1166	2
315	1256	2
316	420	1
316	429	1
316	729	1
316	884	1
316	1259	2
316	1524	2
316	1802	-2
317	550	1
317	704	1
317	783	1
317	908	1
317	1447	2
317	1865	-2
317	2038	-2
318	341	1
318	572	1
318	601	1
318	703	1
318	996	1
318	1233	-2
318	1292	-2
318	2014	2
319	443	1
319	642	1
319	1582	2
319	1819	-2
319	1832	-2
320	374	1
320	483	1
320	1055	-2
320	1092	-2
320	1751	2
321	512	1
321	829	1
321	986	1
321	1529	-2
321	1691	2
321	1945	-2
322	409	1
322	472	1
322	873	1
322	909	1
322	974	1
322	1060	2
322	1152	-2
322	1420	2
323	435	1
323	501	1
323	1231	2
323	1274	-2
323	1946	-2
324	462	1
324	1016	1
324	1193	-2
324	1981	-2
324	1983	2
325	340	1
325	343	1
325	378	1
325	732	1
325	822	1
325	962	1
325	1468	-2
325	1520	-2
325	1834	-2
326	641	1
326	876	1
326	997	1
326	1254	2
326	1837	2
326	2008	-2
327	483	1
327	505	1
327	524	1
327	1103	2
327	1589	-2
327	1858	-2
328	411	1
328	727	1
328	931	1
328	934	1
328	1295	-2
328	1735	2
328	2024	-2
329	396	1
329	423	1
329	597	1
329	938	1
329	1198	2
329	1302	-2
329	1657	2
330	407	1
330	689	1
330	768	1
330	1197	-2
330	1493	-2
330	1958	2
331	422	1
331	686	1
331	944	1
331	956	1
331	1848	-2
331	1862	-2
331	2043	-2
332	344	1
332	402	1
332	576	1
332	582	1
332	639	1
332	1377	2
332	1628	2
332	1667	-2
333	364	1
333	567	1
333	679	1
333	703	1
333	758	1
333	1033	2
333	1116	-2
333	1603	2
334	561	1
334	587	1
334	860	1
334	1021	1
334	1039	2
334	1407	2
334	1740	2
335	575	1
335	709	1
335	760	1
335	1061	-2
335	1413	2
335	1855	-2
336	398	1
336	540	1
336	545	1
336	569	1
336	1265	2
336	1415	-2
336	1463	-2
337	352	1
337	355	1
337	397	1
337	460	1
337	823	1
337	1363	2
337	1379	2
337	1424	-2
338	516	1
338	632	1
338	750	1
338	1032	-2
338	1606	-2
338	1611	2
339	499	1
339	684	1
339	862	1
339	990	1
339	1021	1
339	1601	-2
339	1871	2
339	1982	2
340	542	1
340	628	1
340	674	1
340	962	1
340	1010	1
340	1208	2
340	1520	-2
340	1942	2
341	572	1
341	669	1
341	673	1
341	836	1
341	1875	2
341	1938	2
341	2014	2
342	471	1
342	661	1
342	666	1
342	714	1
342	1209	2
342	1351	2
342	1673	-2
343	654	1
343	732	1
343	886	1
343	1436	-2
343	1834	-2
343	1847	-2
344	402	1
344	446	1
344	808	1
344	1024	1
344	1667	-2
344	1843	2
344	1933	-2
345	484	1
345	531	1
345	711	1
345	847	1
345	1054	-2
345	1067	2
345	1811	-2
346	373	1
346	553	1
346	699	1
346	814	1
346	818	1
346	1122	2
346	1674	2
346	2006	2
347	358	1
347	661	1
347	676	1
347	1433	-2
347	1563	2
347	2009	2
348	359	1
348	490	1
348	689	1
348	1184	-2
348	1382	-2
348	1630	2
349	462	1
349	591	1
349	684	1
349	858	1
349	872	1
349	892	1
349	1072	-2
349	1262	2
349	1683	2
350	467	1
350	539	1
350	782	1
350	895	1
350	1720	2
350	1732	-2
350	1916	2
351	381	1
351	525	1
351	637	1
351	760	1
351	846	1
351	1267	-2
351	1391	-2
351	1527	-2
352	380	1
352	397	1
352	975	1
352	1117	-2
352	1363	2
352	1990	-2
353	372	1
353	535	1
353	569	1
353	1235	2
353	1337	-2
353	1467	2
354	360	1
354	496	1
354	665	1
354	905	1
354	1340	2
354	1473	-2
354	1635	2
355	362	1
355	460	1
355	745	1
355	970	1
355	1096	2
355	1379	2
355	1804	-2
356	582	1
356	876	1
356	977	1
356	1040	2
356	1221	2
356	1568	2
357	392	1
357	562	1
357	579	1
357	1649	-2
357	1671	2
357	1886	-2
358	511	1
358	654	1
358	661	1
358	835	1
358	950	1
358	1563	2
358	1617	2
358	1835	2
359	386	1
359	578	1
359	955	1
359	1184	-2
359	1300	2
359	1633	-2
360	532	1
360	760	1
360	814	1
360	905	1
360	1106	-2
360	1473	-2
360	1670	2
361	383	1
361	463	1
361	530	1
361	589	1
361	904	1
361	965	1
361	1051	2
361	1148	-2
361	1799	-2
362	843	1
362	879	1
362	898	1
362	1096	2
362	1324	-2
362	1497	-2
363	375	1
363	466	1
363	595	1
363	714	1
363	1318	2
363	1431	-2
363	2037	-2
364	490	1
364	727	1
364	758	1
364	967	1
364	1116	-2
364	1389	-2
364	1724	2
365	512	1
365	657	1
365	676	1
365	838	1
365	1669	2
365	1689	-2
365	1773	2
366	658	1
366	733	1
366	766	1
366	899	1
366	1016	1
366	1036	2
366	1381	-2
366	1613	-2
367	797	1
367	848	1
367	912	1
367	993	1
367	1348	2
367	1380	-2
367	1661	-2
368	399	1
368	408	1
368	518	1
368	604	1
368	774	1
368	1298	-2
368	1307	-2
368	1756	2
369	534	1
369	563	1
369	707	1
369	800	1
369	854	1
369	1542	-2
369	1547	-2
369	1784	-2
370	481	1
370	685	1
370	1605	-2
370	1742	2
370	2020	2
371	465	1
371	579	1
371	858	1
371	1023	1
371	1392	-2
371	1399	2
371	1941	2
372	535	1
372	623	1
372	759	1
372	801	1
372	1337	-2
372	1868	2
372	2002	2
373	533	1
373	711	1
373	814	1
373	1009	1
373	1041	-2
373	1122	2
373	2021	2
374	489	1
374	520	1
374	930	1
374	1055	-2
374	1590	-2
374	1989	2
375	411	1
375	472	1
375	595	1
375	851	1
375	1318	2
375	1556	-2
375	1949	2
376	555	1
376	575	1
376	786	1
376	892	1
376	927	1
376	1660	-2
376	1763	2
376	2005	2
377	461	1
377	577	1
377	626	1
377	672	1
377	687	1
377	1245	-2
377	1501	2
377	1658	-2
378	621	1
378	802	1
378	819	1
378	822	1
378	960	1
378	1063	-2
378	1468	-2
378	1559	2
379	458	1
379	602	1
379	933	1
379	1136	-2
379	1313	-2
379	1339	-2
380	439	1
380	516	1
380	588	1
380	809	1
380	975	1
380	1308	-2
380	1682	2
380	1990	-2
381	485	1
381	534	1
381	760	1
381	790	1
381	1008	1
381	1070	2
381	1267	-2
381	1552	-2
382	436	1
382	717	1
382	1125	-2
382	1894	2
382	1951	-2
383	599	1
383	888	1
383	965	1
383	985	1
383	1439	-2
383	1587	2
383	1799	-2
384	398	1
384	429	1
384	643	1
384	683	1
384	703	1
384	1290	-2
384	1491	2
384	1854	-2
385	527	1
385	580	1
385	583	1
385	593	1
385	636	1
385	1091	2
385	1128	2
385	1864	-2
386	668	1
386	867	1
386	976	1
386	1280	2
386	1300	2
386	1914	-2
387	619	1
387	898	1
387	957	1
387	1393	-2
387	1538	2
387	1984	2
388	513	1
388	555	1
388	783	1
388	890	1
388	1241	2
388	1258	-2
388	1921	2
389	488	1
389	605	1
389	616	1
389	687	1
389	734	1
389	850	1
389	1325	2
389	1448	-2
389	1761	2
390	848	1
390	1003	1
390	1087	2
390	1088	2
390	1765	-2
391	530	1
391	623	1
391	644	1
391	911	1
391	965	1
391	1080	-2
391	1109	-2
391	1610	2
392	562	1
392	861	1
392	1130	2
392	1301	-2
392	1886	-2
393	494	1
393	833	1
393	1015	1
393	1353	2
393	1771	-2
393	1881	2
394	605	1
394	804	1
394	964	1
394	1115	2
394	1698	2
394	2026	2
395	646	1
395	701	1
395	969	1
395	1402	-2
395	1452	2
395	1752	2
396	397	1
396	423	1
396	669	1
396	1020	1
396	1657	2
396	1681	-2
396	1827	-2
397	638	1
397	1020	1
397	1141	2
397	1363	2
397	1681	-2
398	1265	2
398	1290	-2
398	1309	2
399	446	1
399	453	1
399	568	1
399	774	1
399	1631	2
399	1756	2
399	1893	-2
400	403	1
400	408	1
400	479	1
400	540	1
400	990	1
400	1038	2
400	1095	2
400	1678	2
401	470	1
401	925	1
401	1481	-2
401	1599	-2
401	1962	2
402	815	1
402	1146	-2
402	1181	2
402	1667	-2
403	472	1
403	540	1
403	622	1
403	756	1
403	802	1
403	1095	2
403	1190	-2
403	1406	-2
404	536	1
404	669	1
404	717	1
404	922	1
404	1009	1
404	1083	-2
404	1357	2
404	1554	-2
405	603	1
405	766	1
405	799	1
405	985	1
405	991	1
405	1138	-2
405	1386	2
405	1644	2
406	595	1
406	789	1
406	1191	2
406	1676	-2
406	1746	-2
407	1019	1
407	1478	-2
407	1776	-2
407	1958	2
408	721	1
408	912	1
408	1307	-2
408	1678	2
408	1685	2
409	472	1
409	521	1
409	644	1
409	688	1
409	1060	2
409	1437	2
409	1896	-2
410	561	1
410	740	1
410	882	1
410	933	1
410	1173	2
410	1677	-2
410	1944	2
411	625	1
411	752	1
411	1735	2
411	1830	2
411	1949	2
412	594	1
412	607	1
412	1046	-2
412	1196	-2
412	1714	2
413	659	1
413	681	1
413	697	1
413	985	1
413	987	1
413	1203	-2
413	1438	2
413	1777	-2
414	680	1
414	704	1
414	725	1
414	937	1
414	1018	1
414	1102	2
414	1326	2
414	1754	-2
415	580	1
415	762	1
415	848	1
415	943	1
415	1217	2
415	1870	-2
415	1987	2
416	1423	2
416	1597	2
416	1619	-2
417	659	1
417	668	1
417	705	1
417	841	1
417	946	1
417	1273	-2
417	1614	2
417	1936	2
418	658	1
418	776	1
418	981	1
418	987	1
418	1021	1
418	1085	2
418	1512	2
418	1955	2
419	466	1
419	624	1
419	679	1
419	780	1
419	1395	2
419	1696	-2
419	1753	2
420	729	1
420	850	1
420	852	1
420	908	1
420	1259	2
420	1519	-2
420	1897	2
421	455	1
421	515	1
421	651	1
421	675	1
421	1663	2
421	1814	2
421	1996	2
422	442	1
422	574	1
422	730	1
422	868	1
422	1383	-2
422	1848	-2
422	1918	-2
423	424	1
423	773	1
423	864	1
423	945	1
423	1112	-2
423	1454	2
423	1657	2
424	494	1
424	525	1
424	770	1
424	864	1
424	1454	2
424	1555	-2
424	1900	2
425	430	1
425	451	1
425	730	1
425	745	1
425	1397	2
425	1807	-2
425	1985	2
426	696	1
426	705	1
426	712	1
426	826	1
426	1073	2
426	1160	-2
426	1304	2
427	457	1
427	591	1
427	663	1
427	1215	2
427	1851	2
427	1922	-2
428	432	1
428	544	1
428	618	1
428	674	1
428	789	1
428	981	1
428	1114	2
428	1846	-2
428	1913	-2
429	683	1
429	1491	2
429	1524	2
429	1733	-2
430	481	1
430	583	1
430	730	1
430	885	1
430	1275	-2
430	1626	-2
430	1985	2
431	480	1
431	484	1
431	627	1
431	790	1
431	792	1
431	1162	-2
431	1228	2
431	1809	2
432	584	1
432	844	1
432	867	1
432	981	1
432	1114	2
432	1708	2
432	1905	2
433	436	1
433	648	1
433	818	1
433	1009	1
433	1017	1
433	1220	2
433	1272	-2
433	1782	2
434	460	1
434	554	1
434	559	1
434	949	1
434	1419	-2
434	1562	2
434	1863	2
435	454	1
435	814	1
435	1020	1
435	1699	-2
435	1887	2
435	1946	-2
436	1009	1
436	1584	2
436	1782	2
436	1951	-2
437	767	1
437	1035	-2
437	1303	-2
437	1695	2
438	507	1
438	616	1
438	647	1
438	682	1
438	808	1
438	1425	2
438	1533	2
438	1737	2
439	504	1
439	588	1
439	907	1
439	1308	-2
439	1713	-2
439	1727	-2
440	547	1
440	629	1
440	819	1
440	828	1
440	1163	-2
440	1335	2
440	1479	2
441	512	1
441	731	2
441	794	1
441	1329	2
441	1347	2
441	1845	-2
442	574	1
442	779	1
442	1508	-2
442	1918	-2
442	2007	-2
443	506	1
443	793	1
443	943	1
443	973	1
443	1369	-2
443	1625	-2
443	1832	-2
444	728	1
444	810	1
444	823	1
444	896	1
444	975	1
444	1216	2
444	1341	-2
444	1836	2
445	1127	-2
445	1456	-2
445	2027	-2
446	568	1
446	1024	1
446	1631	2
446	1798	2
446	1933	-2
447	632	1
447	648	1
447	884	1
447	893	1
447	936	1
447	1090	2
447	1260	2
447	1414	-2
448	631	1
448	772	1
448	1007	1
448	1404	-2
448	1604	-2
448	1672	2
449	667	1
449	726	1
449	736	1
449	944	1
449	1003	1
449	1384	-2
449	1888	-2
449	1915	2
450	601	1
450	953	1
450	1293	2
450	1330	2
450	1410	2
451	706	1
451	820	1
451	821	1
451	1429	2
451	1565	-2
451	1807	-2
452	562	1
452	586	1
452	662	1
452	926	1
452	1263	2
452	1860	-2
452	1940	-2
453	612	1
453	716	1
453	874	1
453	1287	2
453	1697	-2
453	1893	-2
454	556	1
454	901	1
454	969	1
454	1131	-2
454	1207	-2
454	1699	-2
455	576	1
455	675	1
455	766	1
455	897	1
455	1174	2
455	1814	2
455	1967	2
456	467	1
456	507	1
456	574	1
456	777	1
456	902	1
456	1485	-2
456	1706	2
456	1812	-2
457	591	1
457	631	1
457	677	1
457	877	1
457	1215	2
457	1349	2
457	2000	2
458	602	1
458	858	1
458	1313	-2
458	1598	-2
458	1841	-2
459	739	1
459	759	1
459	764	1
459	1359	-2
459	1483	2
459	1592	2
460	554	1
460	708	1
460	971	1
460	1379	2
460	1419	-2
460	2004	2
461	632	1
461	672	1
461	807	1
461	832	1
461	877	1
461	1155	2
461	1443	2
461	1501	2
462	493	1
462	684	1
462	994	1
462	1072	-2
462	1964	2
462	1983	2
463	589	1
463	642	1
463	823	1
463	862	1
463	1148	-2
463	1167	-2
463	1314	-2
464	506	1
464	952	1
464	1503	2
464	1702	2
464	1703	-2
465	769	1
465	1077	2
465	1399	2
465	1579	-2
466	714	1
466	721	1
466	1395	2
466	1431	-2
466	1654	2
467	861	1
467	895	1
467	930	1
467	1706	2
467	1820	-2
467	1916	2
468	577	1
468	686	1
468	785	1
468	798	1
468	882	1
468	916	1
468	1086	-2
468	1320	2
468	1362	2
469	528	1
469	600	1
469	724	1
469	816	1
469	1449	2
469	1581	-2
469	1646	2
470	686	1
470	925	1
470	1099	2
470	1505	-2
470	1599	-2
471	531	1
471	666	1
471	671	1
471	948	1
471	1019	1
471	1351	2
471	1470	-2
471	1817	2
472	802	1
472	851	1
472	1060	2
472	1190	-2
472	1556	-2
473	598	1
473	735	1
473	816	1
473	1175	2
473	1189	-2
473	1445	2
474	504	1
474	573	1
474	649	1
474	907	1
474	928	1
474	1124	2
474	1238	2
474	1991	2
475	755	1
475	803	1
475	864	1
475	903	1
475	922	1
475	935	1
475	1226	-2
475	1440	-2
475	1899	-2
476	633	1
476	1001	1
476	1180	2
476	1214	-2
476	1522	-2
477	559	1
477	690	1
477	839	1
477	851	1
477	976	1
477	1153	2
477	1194	2
477	1924	-2
478	565	1
478	630	1
478	799	1
478	888	1
478	952	1
478	1338	2
478	1662	2
478	1839	-2
479	732	1
479	889	1
479	990	1
479	1038	2
479	1401	2
479	1738	-2
480	484	1
480	831	1
480	954	1
480	982	1
480	1162	-2
480	1239	-2
480	1957	-2
481	650	1
481	685	1
481	904	1
481	1200	-2
481	1605	-2
481	1626	-2
482	757	1
482	772	1
482	781	1
482	878	1
482	1154	-2
482	1277	-2
482	1963	2
483	855	1
483	871	1
483	1092	-2
483	1282	2
483	1589	-2
484	743	1
484	880	1
484	1162	-2
484	1811	-2
484	1906	-2
485	534	1
485	773	1
485	781	1
485	1008	1
485	1070	2
485	1312	2
485	1731	2
486	578	1
486	666	1
486	901	1
486	910	1
486	1536	-2
486	1730	-2
486	1931	-2
487	694	1
487	825	1
487	986	1
487	1057	2
487	1195	-2
487	1618	2
488	687	1
488	813	1
488	892	1
488	967	1
488	1001	1
488	1044	-2
488	1448	-2
488	1709	-2
489	770	1
489	798	1
489	853	1
489	930	1
489	1069	-2
489	1590	-2
489	1638	2
490	689	1
490	727	1
490	913	1
490	1382	-2
490	1724	2
490	1783	-2
491	521	1
491	709	1
491	801	1
491	970	1
491	1058	2
491	1570	-2
491	1966	2
492	846	1
492	869	1
492	909	1
492	1462	-2
492	1465	-2
492	1504	-2
493	568	1
493	881	1
493	988	1
493	994	1
493	1068	-2
493	1204	-2
493	1964	2
494	770	1
494	1202	-2
494	1881	2
494	1900	2
495	505	1
495	809	1
495	988	1
495	1012	1
495	1477	-2
495	1513	2
495	1534	-2
496	886	1
496	1126	2
496	1211	-2
496	1635	2
497	534	1
497	754	1
497	907	1
497	1291	2
497	1354	2
497	1422	2
498	510	1
498	753	1
498	799	1
498	878	1
498	1926	-2
498	2040	2
498	2044	-2
499	559	1
499	684	1
499	983	1
499	996	1
499	1601	-2
499	1842	2
499	1908	-2
500	750	1
500	811	1
500	830	1
500	960	1
500	1011	1
500	1182	2
500	1786	-2
500	1794	-2
501	706	1
501	778	1
501	921	1
501	954	1
501	1119	-2
501	1274	-2
501	1876	-2
502	522	1
502	723	1
502	742	1
502	795	1
502	1015	1
502	1315	-2
502	1317	-2
502	1959	2
503	538	1
503	723	1
503	775	1
503	978	1
503	1028	2
503	1186	2
503	1334	-2
504	834	1
504	984	1
504	1727	-2
504	1991	2
504	2030	-2
505	700	1
505	1012	1
505	1534	-2
505	1792	2
505	1858	-2
506	900	1
506	973	1
506	1369	-2
506	1703	-2
506	1770	-2
507	574	1
507	808	1
507	1737	2
507	1788	-2
507	1812	-2
508	749	1
508	765	1
508	1469	-2
508	1767	-2
508	1790	2
509	621	1
509	737	1
509	751	1
509	1593	2
509	1715	2
509	1892	2
510	544	1
510	914	1
510	1005	1
510	1375	-2
510	1772	2
510	1926	-2
511	611	1
511	654	1
511	759	1
511	1013	1
511	1142	-2
511	1617	2
511	2013	-2
512	731	1
512	1773	2
512	1845	-2
512	1945	-2
513	537	1
513	1156	-2
513	1258	-2
513	1716	-2
514	550	1
514	610	1
514	776	1
514	845	1
514	1486	-2
514	1489	-2
514	1647	2
515	581	1
515	854	1
515	1361	2
515	1803	2
515	1996	2
516	809	1
516	831	1
516	1032	-2
516	1343	2
516	1682	2
517	741	1
517	763	1
517	1704	2
517	1857	2
517	1953	2
518	604	1
518	677	1
518	746	1
518	891	1
518	1042	2
518	1298	-2
518	1453	-2
519	614	1
519	761	1
519	924	1
519	966	1
519	968	1
519	1018	1
519	1094	-2
519	1299	-2
519	1749	-2
520	716	1
520	1252	2
520	1791	-2
520	1989	2
521	913	1
521	1058	2
521	1311	2
521	1896	-2
522	639	1
522	825	1
522	973	1
522	1015	1
522	1315	-2
522	1564	-2
522	1969	2
523	827	1
523	1566	-2
523	1574	2
523	2036	2
524	629	1
524	958	1
524	978	1
524	1103	2
524	1201	2
524	1818	2
525	585	1
525	846	1
525	1391	-2
525	1555	-2
525	1768	-2
526	742	1
526	777	1
526	787	1
526	817	1
526	847	1
526	1045	-2
526	1430	-2
526	1890	2
527	580	1
527	768	1
527	824	1
527	1091	2
527	1310	2
527	1679	-2
528	592	1
528	724	1
528	1246	-2
528	1449	2
528	1616	2
529	634	1
529	660	1
529	940	1
529	1283	-2
529	1346	2
529	2011	2
530	644	1
530	904	1
530	1051	2
530	1610	2
530	1878	2
531	671	1
531	711	1
531	763	1
531	989	1
531	1067	2
531	1458	2
531	1817	2
532	567	1
532	712	1
532	753	1
532	814	1
532	1670	2
532	1710	2
532	1717	2
533	711	1
533	837	1
533	876	1
533	925	1
533	997	1
533	1901	2
533	1907	2
533	2021	2
534	854	1
534	907	1
534	1070	2
534	1422	2
534	1784	-2
535	571	1
535	622	1
535	866	1
535	1337	-2
535	1416	-2
535	1444	2
536	775	1
536	1009	1
536	1409	-2
536	1554	-2
536	1747	-2
537	775	1
537	782	1
537	887	1
537	1480	2
537	1716	-2
537	2010	-2
538	870	1
538	881	1
538	914	1
538	978	1
538	992	1
538	1334	-2
538	1370	-2
538	1596	2
539	692	1
539	710	1
539	1464	2
539	1705	2
539	1720	2
540	784	1
540	1095	2
540	1463	-2
540	1997	2
541	614	1
541	719	1
541	736	1
541	1053	-2
541	1111	2
541	1769	-2
542	653	1
542	906	1
542	1010	1
542	1208	2
542	1222	2
542	2029	-2
543	645	1
543	680	1
543	713	1
543	770	1
543	1006	1
543	1176	2
543	1428	2
543	1999	-2
544	708	1
544	786	1
544	789	1
544	914	1
544	1509	2
544	1772	2
544	1846	-2
545	557	1
545	569	1
545	675	1
545	681	1
545	859	1
545	1064	2
545	1415	-2
545	1748	-2
546	589	1
546	979	1
546	1010	1
546	1011	1
546	1012	1
546	1144	2
546	1219	2
546	1316	2
547	819	1
547	997	1
547	1050	2
547	1163	-2
547	1578	2
548	664	1
548	722	1
548	1164	2
548	1398	2
548	1435	-2
549	695	1
549	714	1
549	755	1
549	916	1
549	920	1
549	1108	-2
549	1461	-2
549	1975	-2
550	610	1
550	771	1
550	813	1
550	1647	2
550	1828	2
550	2038	-2
551	705	1
551	719	1
551	895	1
551	1075	2
551	1360	2
551	1883	-2
552	648	1
552	698	1
552	841	1
552	903	1
552	918	1
552	1082	2
552	1322	2
552	1588	-2
553	570	1
553	614	1
553	824	1
553	1535	-2
553	1976	-2
553	2006	2
554	607	1
554	796	1
554	1296	2
554	1419	-2
554	1998	-2
555	560	1
555	919	1
555	927	1
555	1241	2
555	1319	-2
555	1660	-2
556	596	1
556	609	1
556	928	1
556	1131	-2
556	1371	-2
556	1961	-2
557	675	1
557	779	1
557	838	1
557	1093	2
557	1609	-2
557	1748	-2
558	671	1
558	702	1
558	924	1
558	933	1
558	963	1
558	1101	-2
558	1171	2
558	1932	-2
559	839	1
559	949	1
559	996	1
559	1842	2
559	1863	2
559	1924	-2
560	722	1
560	919	1
560	1319	-2
560	1364	2
560	1759	-2
561	740	1
561	860	1
561	974	1
561	1012	1
561	1289	2
561	1407	2
561	1677	-2
562	662	1
562	977	1
562	1043	2
562	1860	-2
562	1886	-2
563	707	1
563	715	1
563	924	1
563	1229	2
563	1542	-2
563	1600	-2
564	626	1
564	647	1
564	665	1
564	968	1
564	1159	2
564	1739	2
564	2047	-2
565	652	1
565	747	1
565	799	1
565	1169	2
565	1839	-2
565	2017	2
566	654	1
566	699	1
566	898	1
566	904	1
566	929	1
566	1004	1
566	1551	2
566	1793	-2
566	1813	-2
567	753	1
567	1033	2
567	1421	2
567	1710	2
568	834	1
568	988	1
568	1068	-2
568	1631	2
568	1800	-2
569	1415	-2
569	1467	2
569	1726	2
570	589	1
570	591	1
570	1014	1
570	1257	-2
570	1535	-2
570	1664	-2
571	694	1
571	878	1
571	1166	2
571	1405	-2
571	1416	-2
572	613	1
572	749	1
572	1432	2
572	2014	2
572	2042	-2
573	653	1
573	685	1
573	879	1
573	907	1
573	931	1
573	1238	2
573	1500	2
573	1939	2
574	756	1
574	815	1
574	1240	-2
574	1812	-2
574	1918	-2
575	760	1
575	786	1
575	946	1
575	1027	-2
575	1855	-2
575	2005	2
576	639	1
576	655	1
576	945	1
576	1466	-2
576	1628	2
576	1967	2
577	626	1
577	663	1
577	882	1
577	1255	-2
577	1320	2
577	1658	-2
578	738	1
578	919	1
578	955	1
578	1633	-2
578	1891	-2
578	1931	-2
579	695	1
579	858	1
579	1671	2
579	1941	2
579	1956	-2
580	592	1
580	721	1
580	1091	2
580	1762	2
580	1987	2
581	618	1
581	671	1
581	698	1
581	1361	2
581	1526	-2
581	1797	-2
582	977	1
582	1377	2
582	1568	2
582	1904	2
583	636	1
583	885	1
583	1275	-2
583	1864	-2
583	1910	2
584	593	1
584	765	1
584	867	1
584	938	1
584	1011	1
584	1137	2
584	1708	2
584	2032	2
585	794	1
585	941	1
585	1665	2
585	1768	-2
585	1859	-2
586	697	1
586	852	1
586	1071	2
586	1263	2
586	1729	-2
587	688	1
587	1039	2
587	1457	2
587	1659	-2
588	645	1
588	919	1
588	1105	-2
588	1308	-2
588	1701	-2
589	979	1
589	1014	1
589	1148	-2
589	1316	2
589	1664	-2
590	773	1
590	826	1
590	939	1
590	1016	1
590	1212	2
590	1573	-2
590	1912	2
591	858	1
591	1215	2
591	1257	-2
591	1262	2
592	721	1
592	1246	-2
592	1762	2
592	1867	-2
593	1011	1
593	1128	2
593	1137	2
593	2028	-2
594	870	1
594	880	1
594	1046	-2
594	1261	2
594	1344	-2
595	1318	2
595	1623	2
595	1746	-2
596	749	1
596	777	1
596	899	1
596	928	1
596	1396	-2
596	1511	-2
596	1961	-2
597	672	1
597	791	1
597	1302	-2
597	1929	-2
597	2012	-2
598	664	1
598	1445	2
598	1455	-2
598	1514	-2
599	849	1
599	862	1
599	914	1
599	985	1
599	1000	1
599	1439	-2
599	1594	-2
599	2039	-2
600	762	1
600	816	1
600	857	1
600	860	1
600	1031	2
600	1408	-2
600	1581	-2
601	703	1
601	859	1
601	1292	-2
601	1410	2
601	1540	2
602	653	1
602	665	1
602	952	1
602	1313	-2
602	1641	2
602	1648	2
603	766	1
603	787	1
603	1400	2
603	1644	2
603	1971	2
604	675	1
604	731	1
604	732	1
604	1298	-2
604	1494	2
604	1764	2
605	734	1
605	804	1
605	809	1
605	1066	2
605	1325	2
605	2026	2
606	651	1
606	826	1
606	948	1
606	1496	2
606	1549	2
606	1829	2
607	796	1
607	889	1
607	1714	2
607	1903	-2
607	1998	-2
608	710	1
608	781	1
608	980	1
608	993	1
608	1417	2
608	1680	-2
608	1927	2
609	639	1
609	768	1
609	966	1
609	1149	2
609	1371	-2
609	1655	2
610	680	1
610	1034	-2
610	1177	2
610	1647	2
611	759	1
611	893	1
611	915	1
611	1142	-2
611	1213	-2
611	1460	2
612	707	1
612	718	1
612	863	1
612	874	1
612	1287	2
612	1684	2
612	1711	-2
613	841	1
613	888	1
613	980	1
613	1264	2
613	1432	2
613	1490	2
614	719	1
614	824	1
614	924	1
614	1094	-2
614	1111	2
614	1976	-2
615	821	1
615	842	1
615	942	1
615	1014	1
615	1305	-2
615	1757	2
615	1805	-2
616	681	1
616	682	1
616	764	1
616	850	1
616	1089	2
616	1533	2
616	1761	2
617	628	1
617	644	1
617	788	1
617	828	1
617	910	1
617	1143	2
617	1342	-2
617	1557	2
618	674	1
618	758	1
618	1526	-2
618	1795	2
618	1913	-2
619	817	1
619	830	1
619	898	1
619	932	1
619	1393	-2
619	1506	-2
619	1576	-2
620	709	1
620	738	1
620	803	1
620	842	1
620	871	1
620	1507	2
620	1741	-2
620	1995	-2
621	852	1
621	960	1
621	1559	2
621	1821	2
621	1892	2
622	756	1
622	808	1
622	866	1
622	1406	-2
622	1444	2
622	1561	-2
623	757	1
623	965	1
623	1080	-2
623	1934	-2
623	2002	2
624	780	1
624	936	1
624	937	1
624	1358	2
624	1696	-2
624	1954	-2
625	720	1
625	752	1
625	1323	-2
625	1787	-2
625	1830	2
626	647	1
626	1575	2
626	1658	-2
626	1739	2
627	727	1
627	993	1
627	1228	2
627	1336	-2
627	1653	-2
628	674	1
628	828	1
628	957	1
628	1143	2
628	1942	2
628	1960	-2
629	746	1
629	832	1
629	958	1
629	1107	2
629	1335	2
629	1818	2
630	683	1
630	835	1
630	952	1
630	1151	-2
630	1165	2
630	1662	2
631	877	1
631	1349	2
631	1604	-2
631	1823	-2
632	750	1
632	877	1
632	884	1
632	1155	2
632	1260	2
632	1611	2
633	672	1
633	679	1
633	979	1
633	1178	-2
633	1180	2
633	1232	-2
634	660	1
634	887	1
634	951	1
634	1084	2
634	1346	2
634	1624	2
635	660	1
635	742	1
635	820	1
635	935	1
635	1332	2
635	1642	2
635	1831	-2
636	788	1
636	1048	-2
636	1288	2
636	1864	-2
637	966	1
637	1527	-2
637	1539	2
637	1591	-2
638	652	1
638	784	1
638	1022	1
638	1141	2
638	1472	-2
638	1560	-2
639	973	1
639	1628	2
639	1655	2
639	1969	2
640	813	1
640	839	1
640	856	1
640	900	1
640	1118	-2
640	1172	2
640	1928	-2
641	788	1
641	876	1
641	1024	1
641	1237	-2
641	1254	2
641	1515	-2
642	667	1
642	862	1
642	1013	1
642	1167	-2
642	1582	2
642	1640	2
643	703	1
643	798	1
643	961	1
643	1510	-2
643	1854	-2
643	1877	-2
644	688	1
644	910	1
644	1342	-2
644	1437	2
644	1610	2
645	680	1
645	894	1
645	1019	1
645	1250	-2
645	1701	-2
645	1999	-2
646	666	1
646	945	1
646	1029	2
646	1253	2
646	1452	2
647	1425	2
647	1739	2
647	2025	-2
648	841	1
648	1220	2
648	1322	2
648	1414	-2
649	668	1
649	698	1
649	928	1
649	1049	2
649	1124	2
649	1499	-2
650	863	1
650	904	1
650	932	1
650	1079	-2
650	1200	-2
650	1736	2
651	745	1
651	1663	2
651	1744	-2
651	1829	2
652	784	1
652	928	1
652	1210	-2
652	1560	-2
652	2017	2
653	665	1
653	879	1
653	906	1
653	1222	2
653	1641	2
653	1939	2
654	929	1
654	1617	2
654	1813	-2
654	1847	-2
655	670	1
655	769	1
655	945	1
655	1466	-2
655	1824	2
655	1923	-2
656	694	1
656	771	1
656	905	1
656	936	1
656	1121	-2
656	1403	-2
656	2041	-2
657	676	1
657	937	1
657	1081	-2
657	1615	-2
657	1669	2
658	763	1
658	766	1
658	929	1
658	1021	1
658	1613	-2
658	1849	2
658	1955	2
659	697	1
659	725	1
659	841	1
659	1273	-2
659	1285	2
659	1777	-2
660	715	1
660	935	1
660	1346	2
660	1642	2
660	1974	-2
661	714	1
661	906	1
661	969	1
661	1563	2
661	1673	-2
661	1911	-2
662	752	1
662	835	1
662	1129	-2
662	1860	-2
662	1965	-2
663	943	1
663	1056	-2
663	1255	-2
663	1851	2
664	722	1
664	806	1
664	1435	-2
664	1455	-2
664	1541	-2
665	968	1
665	1159	2
665	1340	2
665	1641	2
666	910	1
666	1029	2
666	1351	2
666	1730	-2
667	682	1
667	726	1
667	1013	1
667	1366	-2
667	1384	-2
667	1640	2
668	946	1
668	1049	2
668	1914	-2
668	1936	2
669	717	1
669	836	1
669	1083	-2
669	1827	-2
669	1938	2
670	883	1
670	917	1
670	1059	2
670	1719	-2
670	1923	-2
671	698	1
671	702	1
671	1101	-2
671	1797	-2
671	1817	2
672	979	1
672	1232	-2
672	1501	2
672	2012	-2
673	824	1
673	1875	2
673	1977	2
673	1993	-2
674	927	1
674	1544	-2
674	1913	-2
674	1942	2
675	732	1
675	1748	-2
675	1764	2
675	1814	2
676	783	1
676	1433	-2
676	1669	2
676	1781	-2
677	891	1
677	963	1
677	1042	2
677	1532	-2
677	2000	2
678	713	1
678	1018	1
678	1256	2
678	1388	-2
678	1728	-2
679	703	1
679	1178	-2
679	1603	2
679	1753	2
680	704	1
680	1177	2
680	1326	2
680	1999	-2
681	764	1
681	859	1
681	1064	2
681	1089	2
681	1203	-2
682	687	1
682	744	1
682	1366	-2
682	1533	2
682	1774	-2
683	1000	1
683	1151	-2
683	1286	-2
683	1491	2
684	953	1
684	1072	-2
684	1601	-2
684	1826	-2
685	874	1
685	926	1
685	931	1
685	1500	2
685	1605	-2
685	2015	-2
686	916	1
686	944	1
686	1362	2
686	1505	-2
686	2043	-2
687	744	1
687	1245	-2
687	1448	-2
687	1774	-2
688	1437	2
688	1457	2
688	1806	-2
689	990	1
689	1382	-2
689	1493	-2
689	1620	-2
690	710	1
690	851	1
690	870	1
690	940	1
690	1194	2
690	1652	2
690	1970	2
691	718	1
691	725	1
691	795	1
691	1234	2
691	1516	2
691	2035	2
692	804	1
692	942	1
692	950	1
692	1622	-2
692	1629	2
692	1705	2
693	739	1
693	836	1
693	894	1
693	958	1
693	1037	2
693	1608	-2
693	1656	-2
694	878	1
694	936	1
694	1403	-2
694	1405	-2
694	1618	2
695	755	1
695	1461	-2
695	1785	2
695	1956	-2
696	767	1
696	826	1
696	992	1
696	1073	2
696	1205	-2
696	1517	-2
697	972	1
697	1583	-2
697	1729	-2
697	1777	-2
698	903	1
698	1082	2
698	1499	-2
698	1797	-2
699	795	1
699	818	1
699	1004	1
699	1674	2
699	1793	-2
699	1833	-2
700	912	1
700	971	1
700	982	1
700	1333	2
700	1792	2
700	1937	-2
701	837	1
701	901	1
701	922	1
701	1150	2
701	1752	2
701	1825	-2
702	909	1
702	934	1
702	939	1
702	1101	-2
702	1199	2
702	1426	-2
703	1292	-2
703	1603	2
703	1854	-2
704	995	1
704	1326	2
704	1612	2
704	1865	-2
705	712	1
705	1304	2
705	1360	2
705	1614	2
706	820	1
706	887	1
706	921	1
706	1565	-2
706	1876	-2
706	1952	2
707	718	1
707	774	1
707	931	1
707	1542	-2
707	1711	-2
707	1850	-2
708	755	1
708	786	1
708	971	1
708	1434	-2
708	1509	2
708	2004	2
709	842	1
709	970	1
709	1061	-2
709	1741	-2
709	1966	2
710	940	1
710	980	1
710	1464	2
710	1652	2
710	1927	2
711	1067	2
711	1856	-2
711	2021	2
712	1007	1
712	1304	2
712	1502	2
712	1717	2
713	831	1
713	1388	-2
713	1428	2
713	1844	2
714	1431	-2
714	1673	-2
714	1975	-2
715	959	1
715	1161	-2
715	1229	2
715	1974	-2
716	1451	-2
716	1697	-2
716	1791	-2
717	950	1
717	1002	1
717	1083	-2
717	1223	-2
717	1894	2
718	1234	2
718	1352	2
718	1711	-2
719	857	1
719	895	1
719	1111	2
719	1725	2
719	1883	-2
720	913	1
720	946	1
720	1323	-2
720	1355	2
720	1779	2
721	912	1
721	1654	2
721	1685	2
721	1762	2
722	1364	2
722	1435	-2
722	2023	2
723	865	1
723	1186	2
723	1317	-2
723	1441	2
724	1284	-2
724	1449	2
724	1780	-2
725	1018	1
725	1102	2
725	1285	2
725	2035	2
726	819	1
726	875	1
726	1227	-2
726	1384	-2
726	1498	2
727	934	1
727	993	1
727	1653	-2
727	1724	2
727	2024	-2
728	823	1
728	847	1
728	964	1
728	1052	-2
728	1836	2
728	1885	2
729	762	1
729	1259	2
729	1328	2
729	2022	-2
730	743	1
730	806	1
730	868	1
730	1383	-2
730	1743	-2
730	1985	2
731	1329	2
731	1494	2
731	1845	-2
732	1401	2
732	1764	2
732	1834	-2
733	843	1
733	982	1
733	1008	1
733	1179	-2
733	1251	2
733	1381	-2
734	911	1
734	981	1
734	1076	-2
734	1147	-2
734	1325	2
735	1097	2
735	1175	2
735	1884	2
736	1003	1
736	1023	1
736	1053	-2
736	1838	-2
736	1915	2
737	1017	1
737	1023	1
737	1249	2
737	1715	2
737	1755	-2
738	778	1
738	919	1
738	1645	2
738	1891	-2
738	1995	-2
739	759	1
739	1037	2
739	1483	2
739	1852	-2
740	800	1
740	1518	2
740	1586	2
740	1677	-2
741	880	1
741	890	1
741	956	1
741	1170	2
741	1704	2
741	1880	2
742	795	1
742	1831	-2
742	1890	2
742	1959	2
743	806	1
743	833	1
743	880	1
743	1743	-2
743	1796	2
743	1906	-2
744	872	1
744	1368	2
744	1774	-2
744	2019	2
745	970	1
745	1397	2
745	1744	-2
745	1804	-2
746	832	1
746	1107	2
746	1453	-2
746	1687	-2
747	810	1
747	1169	2
747	1567	2
747	1778	-2
748	882	1
748	883	1
748	1145	2
748	1411	2
748	1471	2
749	777	1
749	1511	-2
749	1790	2
749	2042	-2
750	934	1
750	1611	2
750	1666	2
750	1786	-2
751	797	1
751	1022	1
751	1026	-2
751	1528	2
751	1593	2
752	835	1
752	998	1
752	1830	2
752	1943	-2
752	1965	-2
753	903	1
753	1690	2
753	1710	2
753	2040	2
754	958	1
754	964	1
754	1291	2
754	1365	2
754	1374	-2
755	922	1
755	1434	-2
755	1440	-2
755	1461	-2
756	815	1
756	983	1
756	1240	-2
756	1406	-2
756	1815	-2
757	873	1
757	1132	-2
757	1154	-2
757	1934	-2
758	815	1
758	825	1
758	1116	-2
758	1795	2
758	1948	2
759	801	1
759	1142	-2
759	1483	2
759	1868	2
760	1106	-2
760	1267	-2
760	1855	-2
761	800	1
761	966	1
761	1013	1
761	1078	-2
761	1745	-2
761	1749	-2
762	860	1
762	1031	2
762	1217	2
762	1328	2
763	929	1
763	989	1
763	1458	2
763	1849	2
763	1857	2
764	791	1
764	1089	2
764	1359	-2
764	1988	2
765	793	1
765	938	1
765	942	1
765	1187	2
765	1469	-2
765	2032	2
766	897	1
766	1174	2
766	1613	-2
766	1644	2
767	875	1
767	1035	-2
767	1205	-2
767	1675	2
768	966	1
768	1149	2
768	1197	-2
768	1310	2
769	1025	-2
769	1077	2
769	1824	2
770	1006	1
770	1176	2
770	1638	2
770	1900	2
771	792	1
771	813	1
771	1121	-2
771	1474	-2
771	1828	2
772	781	1
772	896	1
772	948	1
772	1277	-2
772	1495	-2
772	1672	2
773	781	1
773	939	1
773	945	1
773	1112	-2
773	1312	2
773	1573	-2
774	905	1
774	931	1
774	1693	-2
774	1756	2
774	1850	-2
775	887	1
775	1028	2
775	1409	-2
775	2010	-2
776	921	1
776	981	1
776	1484	2
776	1489	-2
776	1512	2
777	847	1
777	902	1
777	1045	-2
777	1485	-2
777	1511	-2
778	889	1
778	954	1
778	999	1
778	1119	-2
778	1645	2
778	1775	2
779	838	1
779	978	1
779	994	1
779	1093	2
779	1487	-2
779	2007	-2
780	782	1
780	866	1
780	968	1
780	1390	-2
780	1696	-2
780	1707	2
781	1277	-2
781	1312	2
781	1417	2
782	968	1
782	1390	-2
782	1480	2
782	1732	-2
783	890	1
783	908	1
783	1447	2
783	1781	-2
783	1921	2
784	838	1
784	972	1
784	1560	-2
784	1902	2
784	1997	2
785	798	1
785	828	1
785	842	1
785	850	1
785	1086	-2
785	1810	2
785	1869	-2
786	892	1
786	946	1
786	1027	-2
786	1509	2
786	1763	2
787	817	1
787	845	1
787	1400	2
787	1430	-2
787	1482	-2
788	1024	1
788	1048	-2
788	1515	-2
788	1557	2
789	971	1
789	1191	2
789	1846	-2
789	1895	-2
790	792	1
790	1008	1
790	1552	-2
790	1686	2
790	1809	2
791	832	1
791	1643	-2
791	1929	-2
791	1988	2
792	793	1
792	902	1
792	1474	-2
792	1634	-2
792	1809	2
793	902	1
793	942	1
793	943	1
793	1187	2
793	1625	-2
793	1634	-2
794	859	1
794	1347	2
794	1665	2
794	1721	-2
795	1516	2
795	1833	-2
795	1959	2
796	869	1
796	1909	-2
796	1917	-2
796	1998	-2
797	894	1
797	1113	2
797	1528	2
797	1661	-2
798	853	1
798	961	1
798	1069	-2
798	1086	-2
798	1877	-2
799	878	1
799	1386	2
799	1839	-2
799	2044	-2
800	1547	-2
800	1586	2
800	1745	-2
801	810	1
801	941	1
801	1459	-2
801	1570	-2
801	1868	2
802	819	1
802	886	1
802	1063	-2
802	1190	-2
802	1853	-2
803	864	1
803	871	1
803	1244	2
803	1507	2
803	1899	-2
804	950	1
804	989	1
804	1622	-2
804	1898	-2
804	2026	2
805	911	1
805	917	1
805	1236	2
805	1281	-2
805	1427	2
806	992	1
806	1192	-2
806	1541	-2
806	1743	-2
807	832	1
807	840	1
807	1443	2
807	1548	-2
807	1553	-2
808	1561	-2
808	1737	2
808	1843	2
809	1066	2
809	1477	-2
809	1682	2
810	941	1
810	1216	2
810	1459	-2
810	1778	-2
811	830	1
811	918	1
811	1718	2
811	1794	-2
811	1968	2
812	839	1
812	1545	-2
812	1874	2
812	1979	-2
813	856	1
813	967	1
813	1044	-2
813	1828	2
813	1928	-2
814	1020	1
814	1122	2
814	1670	2
814	1887	2
815	825	1
815	1181	2
815	1240	-2
815	1948	2
816	1189	-2
816	1581	-2
816	1627	-2
817	849	1
817	932	1
817	1430	-2
817	1506	-2
817	1723	2
818	1017	1
818	1024	1
818	1272	-2
818	1580	2
818	1674	2
819	875	1
819	1063	-2
819	1163	-2
819	1498	2
820	1002	1
820	1332	2
820	1565	-2
820	1840	-2
821	1321	-2
821	1429	2
821	1757	2
822	998	1
822	1468	-2
822	1572	-2
822	1632	2
823	1314	-2
823	1424	-2
823	1836	2
824	1679	-2
824	1976	-2
824	1993	-2
825	986	1
825	1057	2
825	1564	-2
825	1948	2
826	1073	2
826	1496	2
826	1912	2
827	865	1
827	989	1
827	1523	-2
827	1574	2
827	1808	-2
828	1143	2
828	1479	2
828	1869	-2
829	861	1
829	871	1
829	881	1
829	980	1
829	1529	-2
829	1577	2
829	1972	2
830	869	1
830	895	1
830	1576	-2
830	1794	-2
830	1992	2
831	954	1
831	1343	2
831	1844	2
831	1957	-2
832	1107	2
832	1443	2
832	1643	-2
833	853	1
833	1750	2
833	1771	-2
833	1796	2
834	984	1
834	1668	2
834	1800	-2
834	2030	-2
835	950	1
835	1165	2
835	1835	2
835	1965	-2
836	891	1
836	958	1
836	1269	-2
836	1656	-2
836	1938	2
837	876	1
837	1150	2
837	1882	2
837	1901	2
838	972	1
838	1093	2
838	1689	-2
838	1902	2
839	1118	-2
839	1545	-2
839	1924	-2
840	1006	1
840	1488	2
840	1553	-2
840	1950	2
841	888	1
841	1273	-2
841	1322	2
841	1490	2
842	850	1
842	1014	1
842	1305	-2
842	1741	-2
842	1810	2
843	982	1
843	1179	-2
843	1497	-2
843	1722	2
844	857	1
844	994	1
844	998	1
844	1074	2
844	1266	2
844	1905	2
845	855	1
845	1482	-2
845	1486	-2
845	1521	2
846	974	1
846	1206	-2
846	1391	-2
846	1465	-2
847	1045	-2
847	1052	-2
847	1054	-2
848	943	1
848	993	1
848	1003	1
848	1087	2
848	1348	2
848	1870	-2
849	862	1
849	961	1
849	1594	-2
849	1602	2
849	1723	2
850	852	1
850	1519	-2
850	1761	2
850	1810	2
851	855	1
851	1194	2
851	1556	-2
851	1947	-2
852	1071	2
852	1519	-2
852	1821	2
853	1069	-2
853	1712	-2
853	1750	2
854	856	1
854	1294	-2
854	1784	-2
854	1803	2
855	871	1
855	1282	2
855	1521	2
855	1947	-2
856	1294	-2
856	1639	2
856	1928	-2
857	994	1
857	1074	2
857	1408	-2
857	1725	2
858	1262	2
858	1598	-2
858	1941	2
859	1064	2
859	1540	2
859	1721	-2
860	1006	1
860	1031	2
860	1407	2
860	1935	-2
861	930	1
861	980	1
861	1301	-2
861	1820	-2
861	1972	2
862	990	1
862	1167	-2
862	1594	-2
862	1871	2
863	1079	-2
863	1224	2
863	1684	2
864	1454	2
864	1550	-2
864	1899	-2
865	989	1
865	1441	2
865	1808	-2
865	1930	-2
866	1418	2
866	1444	2
866	1707	2
867	976	1
867	991	1
867	1280	2
867	1394	2
867	1708	2
868	893	1
868	902	1
868	1383	-2
868	1385	2
868	1637	2
869	895	1
869	1504	-2
869	1917	-2
869	1992	2
870	992	1
870	1261	2
870	1596	2
870	1970	2
871	881	1
871	1282	2
871	1507	2
871	1577	2
872	892	1
872	988	1
872	1271	2
872	1683	2
872	2019	2
873	909	1
873	1132	-2
873	1373	2
873	1420	2
874	885	1
874	926	1
874	1287	2
874	1872	2
874	2015	-2
875	941	1
875	1498	2
875	1558	-2
875	1675	2
876	1221	2
876	1254	2
876	1901	2
877	1047	2
877	1155	2
877	1349	2
878	1405	-2
878	1963	2
878	2044	-2
879	885	1
879	898	1
879	947	1
879	1324	-2
879	1939	2
879	2031	2
880	956	1
880	1170	2
880	1344	-2
880	1906	-2
881	914	1
881	1204	-2
881	1370	-2
881	1577	2
882	933	1
882	1173	2
882	1320	2
882	1471	2
883	1000	1
883	1059	2
883	1411	2
883	1476	-2
884	986	1
884	1260	2
884	1802	-2
884	2016	-2
885	947	1
885	1275	-2
885	1872	2
885	2031	2
886	1126	2
886	1436	-2
886	1853	-2
887	951	1
887	1624	2
887	1952	2
887	2010	-2
888	1338	2
888	1490	2
888	1587	2
889	999	1
889	1738	-2
889	1775	2
889	1903	-2
890	996	1
890	1270	2
890	1880	2
890	1921	2
891	999	1
891	1042	2
891	1269	-2
891	1276	-2
892	1001	1
892	1683	2
892	1709	-2
892	1763	2
893	915	1
893	936	1
893	1090	2
893	1385	2
893	1460	2
894	1019	1
894	1113	2
894	1250	-2
894	1608	-2
895	1883	-2
895	1916	2
895	1992	2
896	948	1
896	975	1
896	1218	-2
896	1341	-2
896	1495	-2
897	959	1
897	1174	2
897	1636	-2
897	2003	2
898	904	1
898	1324	-2
898	1393	-2
898	1551	2
899	916	1
899	1016	1
899	1036	2
899	1247	2
899	1396	-2
900	1014	1
900	1172	2
900	1734	-2
900	1770	-2
901	922	1
901	969	1
901	1207	-2
901	1536	-2
901	1825	-2
902	1485	-2
902	1634	-2
902	1637	2
903	935	1
903	1082	2
903	1226	-2
903	1690	2
904	1051	2
904	1200	-2
904	1551	2
905	1473	-2
905	1693	-2
905	2041	-2
906	969	1
906	1222	2
906	1688	-2
906	1911	-2
907	1238	2
907	1422	2
907	1713	-2
908	944	1
908	984	1
908	1030	2
908	1447	2
908	1897	2
909	934	1
909	1199	2
909	1420	2
909	1462	-2
910	925	1
910	1342	-2
910	1730	-2
910	2046	-2
911	1076	-2
911	1109	-2
911	1236	2
912	1380	-2
912	1685	2
912	1937	-2
913	1311	2
913	1779	2
913	1783	-2
914	1000	1
914	1370	-2
914	1772	2
914	2039	-2
915	1183	-2
915	1279	2
915	1460	2
916	920	1
916	1108	-2
916	1247	2
916	1362	2
917	920	1
917	1427	2
917	1719	-2
917	2034	2
918	1004	1
918	1588	-2
918	1866	2
918	1968	2
919	1105	-2
919	1319	-2
919	1891	-2
920	1108	-2
920	1758	2
920	2034	2
921	991	1
921	1158	2
921	1484	2
921	1876	-2
922	1357	2
922	1440	-2
922	1825	-2
923	972	1
923	977	1
923	1376	-2
923	1651	2
923	1700	-2
924	1094	-2
924	1600	-2
924	1932	-2
925	997	1
925	1599	-2
925	1907	2
925	2046	-2
926	1098	2
926	1940	-2
926	2015	-2
927	955	1
927	962	1
927	1544	-2
927	1660	-2
927	2018	-2
928	1124	2
928	1210	-2
928	1961	-2
929	932	1
929	939	1
929	1157	-2
929	1813	-2
929	1849	2
930	947	1
930	1134	2
930	1590	-2
930	1820	-2
931	1295	-2
931	1500	2
931	1850	-2
932	939	1
932	1157	-2
932	1506	-2
932	1736	2
933	963	1
933	1171	2
933	1173	2
933	1339	-2
934	1199	2
934	1666	2
934	2024	-2
935	1226	-2
935	1243	2
935	1642	2
936	1090	2
936	1358	2
936	1403	-2
937	1081	-2
937	1754	-2
937	1954	-2
938	1198	2
938	1980	2
938	2032	2
939	1157	-2
939	1426	-2
939	1573	-2
940	967	1
940	1652	2
940	1861	2
940	2011	2
941	1459	-2
941	1558	-2
941	1859	-2
942	1187	2
942	1629	2
942	1805	-2
943	1056	-2
943	1625	-2
943	1870	-2
944	984	1
944	1030	2
944	1888	-2
944	2043	-2
945	1112	-2
945	1253	2
945	1466	-2
946	1027	-2
946	1355	2
946	1936	2
947	1134	2
947	1621	-2
947	2031	2
948	1019	1
948	1470	-2
948	1495	-2
948	1549	2
949	955	1
949	1297	2
949	1345	-2
949	1863	2
950	1002	1
950	1223	-2
950	1622	-2
950	1835	2
951	1135	2
951	1530	-2
951	1624	2
952	1648	2
952	1662	2
952	1702	2
953	1140	2
953	1293	2
953	1826	-2
954	962	1
954	1119	-2
954	1957	-2
954	2033	-2
955	962	1
955	1297	2
955	1633	-2
955	2018	-2
956	1170	2
956	1525	-2
956	1862	-2
957	1001	1
957	1110	2
957	1960	-2
957	1984	2
958	964	1
958	1374	-2
958	1656	-2
958	1818	2
959	1104	2
959	1161	-2
959	2003	2
960	1011	1
960	1182	2
960	1559	2
960	1650	-2
961	1242	-2
961	1602	2
961	1877	-2
962	1520	-2
962	2018	-2
962	2033	-2
963	1123	2
963	1171	2
963	1532	-2
964	1374	-2
964	1698	2
964	1885	2
965	1080	-2
965	1692	-2
965	1799	-2
966	1149	2
966	1539	2
966	1749	-2
967	1044	-2
967	1389	-2
967	1861	2
968	1018	1
968	1159	2
968	1299	-2
968	1390	-2
969	1207	-2
969	1402	-2
969	1911	-2
970	1350	2
970	1804	-2
970	1966	2
971	982	1
971	1333	2
971	1895	-2
971	2004	2
972	1583	-2
972	1700	-2
972	1902	2
973	1369	-2
973	1372	2
973	1969	2
974	1012	1
974	1152	-2
974	1206	-2
974	1289	2
975	976	1
975	1341	-2
975	1925	2
975	1990	-2
976	1153	2
976	1280	2
976	1925	2
977	1043	2
977	1568	2
977	1651	2
978	994	1
978	1201	2
978	1334	-2
978	1487	-2
979	1232	-2
979	1316	2
979	1595	-2
980	1264	2
980	1927	2
980	1972	2
981	1114	2
981	1147	-2
981	1512	2
982	1179	-2
982	1239	-2
982	1333	2
983	1543	-2
983	1815	-2
983	1908	-2
984	1030	2
984	1822	2
984	2030	-2
985	987	1
985	991	1
985	1138	-2
985	1438	2
985	1439	-2
986	1057	2
986	1691	2
986	2016	-2
987	1085	2
987	1438	2
987	1531	-2
988	1068	-2
988	1271	2
988	1513	2
989	1458	2
989	1808	-2
989	1898	-2
990	1038	2
990	1620	-2
990	1871	2
991	1138	-2
991	1158	2
991	1394	2
992	1192	-2
992	1517	-2
992	1596	2
993	1348	2
993	1653	-2
993	1680	-2
994	1074	2
994	1487	-2
994	1964	2
995	1100	-2
995	1612	2
995	1889	2
996	1233	-2
996	1270	2
996	1842	2
997	1050	2
997	1907	2
997	2008	-2
998	1266	2
998	1572	-2
998	1943	-2
999	1005	1
999	1276	-2
999	1760	-2
999	1775	2
1000	1286	-2
1000	1476	-2
1000	2039	-2
1001	1110	2
1001	1522	-2
1001	1709	-2
1002	1015	1
1002	1223	-2
1002	1840	-2
1002	1919	2
1003	1087	2
1003	1185	2
1003	1915	2
1004	1694	-2
1004	1793	-2
1004	1866	2
1005	1375	-2
1005	1760	-2
1005	1994	-2
1006	1176	2
1006	1488	2
1006	1935	-2
1007	1306	2
1007	1404	-2
1007	1502	2
1008	1251	2
1008	1552	-2
1008	1731	2
1009	1041	-2
1009	1554	-2
1009	1782	2
1010	1120	-2
1010	1144	2
1010	1208	2
1011	1012	1
1011	1137	2
1011	1182	2
1011	1219	2
1012	1219	2
1012	1289	2
1012	1534	-2
1013	1078	-2
1013	1640	2
1013	2013	-2
1014	1305	-2
1014	1664	-2
1014	1734	-2
1015	1315	-2
1015	1353	2
1015	1919	2
1016	1036	2
1016	1212	2
1016	1981	-2
1017	1022	1
1017	1230	2
1017	1272	-2
1017	1755	-2
1018	1102	2
1018	1299	-2
1018	1728	-2
1019	1250	-2
1019	1470	-2
1019	1776	-2
1020	1607	2
1020	1681	-2
1020	1887	2
1021	1740	2
1021	1955	2
1021	1982	2
1022	1026	-2
1022	1230	2
1022	1472	-2
1023	1249	2
1023	1392	-2
1023	1838	-2
1024	1515	-2
1024	1580	2
1024	1933	-2
