1	1	-1
2	2	-1
3	3	-1
4	4	-1
5	5	-1
6	6	-3
7	7	-1
8	8	1
9	9	-1
10	10	-1
11	11	-3
12	12	3
13	13	1
14	14	-1
15	15	-3
16	16	1
17	17	-1
18	18	-1
19	19	-1
20	20	1
21	21	-3
22	22	-1
23	23	-3
24	24	1
25	25	-3
26	26	-3
27	27	-1
28	28	-1
29	29	1
30	30	-1
31	31	-1
32	32	-1
33	33	2
34	34	2
35	35	2
36	36	2
37	37	2
38	38	-2
39	39	-2
40	40	2
41	41	2
42	42	-2
43	43	2
44	44	2
45	45	-2
46	46	-2
47	47	2
48	48	2
49	49	-2
50	50	-2
51	51	-2
52	52	2
53	53	-2
54	54	2
55	55	-2
56	56	-2
57	57	-2
58	58	2
59	59	2
60	60	2
61	61	-2
62	62	2
63	63	-2
64	64	-2
1	9	2
1	18	1
1	20	1
1	22	1
1	25	1
1	38	2
1	49	2
1	60	2
2	4	1
2	11	1
2	16	1
2	22	1
2	26	1
2	29	1
2	40	-2
2	46	-2
2	63	2
3	11	1
3	26	1
3	27	2
3	28	1
3	32	1
3	53	2
3	61	-2
3	62	-2
4	6	1
4	11	1
4	13	1
4	14	1
4	31	1
4	40	-2
4	42	2
4	50	-2
5	7	1
5	13	1
5	15	1
5	16	1
5	24	1
5	32	1
5	39	2
5	47	2
5	59	-2
6	13	1
6	14	1
6	15	1
6	19	1
6	25	1
6	42	2
6	44	-2
6	64	2
7	10	1
7	15	1
7	25	1
7	30	1
7	32	1
7	37	2
7	45	2
7	59	-2
8	12	2
8	13	1
8	16	1
8	20	1
8	29	1
8	36	2
8	57	-2
8	58	-2
9	12	1
9	18	1
9	19	1
9	25	1
9	34	2
9	38	2
9	49	2
10	17	1
10	21	1
10	27	1
10	31	1
10	32	1
10	37	2
10	48	-2
10	55	2
11	21	1
11	23	1
11	26	1
11	40	-2
11	41	-2
11	53	2
12	13	1
12	16	1
12	19	1
12	34	2
12	36	2
12	57	-2
13	24	1
13	42	2
13	47	2
13	57	-2
14	15	1
14	30	1
14	31	2
14	50	-2
14	51	2
14	64	2
15	19	1
15	26	1
15	56	2
15	59	-2
15	64	2
16	29	1
16	32	1
16	36	2
16	39	2
16	46	-2
17	18	1
17	22	1
17	24	1
17	30	1
17	31	1
17	35	2
17	54	-2
17	55	2
18	23	1
18	28	1
18	30	1
18	35	2
18	49	2
18	52	-2
19	25	1
19	26	1
19	34	2
19	44	-2
19	56	2
20	22	1
20	24	1
20	29	2
20	43	2
20	58	-2
20	60	2
21	23	2
21	27	1
21	28	1
21	33	-2
21	41	-2
21	48	-2
22	24	1
22	26	1
22	54	-2
22	60	2
22	63	2
23	28	2
23	33	-2
23	41	-2
23	52	-2
24	29	1
24	43	2
24	47	2
24	54	-2
25	30	1
25	38	2
25	44	-2
25	45	2
26	53	2
26	56	2
26	63	2
27	28	1
27	32	1
27	48	-2
27	61	-2
27	62	-2
28	33	-2
28	52	-2
28	61	-2
29	43	2
29	46	-2
29	58	-2
30	31	1
30	35	2
30	45	2
30	51	2
31	50	-2
31	51	2
31	55	2
32	37	2
32	39	2
32	62	-2
