1	1	-1
2	2	-1
3	3	1
4	4	-1
5	5	-1
6	6	-1
7	7	3
8	8	-1
9	9	1
10	10	1
11	11	1
12	12	1
13	13	1
14	14	1
15	15	1
16	16	1
17	17	-1
18	18	1
19	19	1
20	20	1
21	21	-1
22	22	-3
23	23	-1
24	24	1
25	25	-1
26	26	-3
27	27	-1
28	28	3
29	29	-1
30	30	-1
31	31	-1
32	32	-1
33	33	-1
34	34	-1
35	35	3
36	36	-1
37	37	-1
38	38	3
39	39	3
40	40	-3
41	41	-1
42	42	1
43	43	3
44	44	1
45	45	-1
46	46	1
47	47	-1
48	48	-3
49	49	-1
50	50	3
51	51	-3
52	52	-1
53	53	-1
54	54	1
55	55	1
56	56	3
57	57	3
58	58	3
59	59	-1
60	60	-1
61	61	1
62	62	3
63	63	1
64	64	1
65	65	1
66	66	1
67	67	1
68	68	3
69	69	-1
70	70	-3
71	71	3
72	72	-3
73	73	-1
74	74	1
75	75	-1
76	76	-1
77	77	-1
78	78	1
79	79	1
80	80	-1
81	81	3
82	82	1
83	83	3
84	84	3
85	85	1
86	86	1
87	87	1
88	88	-1
89	89	2
90	90	-2
91	91	-2
92	92	2
93	93	-2
94	94	-2
95	95	2
96	96	2
97	97	-2
98	98	2
99	99	2
100	100	2
101	101	2
102	102	2
103	103	2
104	104	-2
105	105	-2
106	106	2
107	107	-2
108	108	2
109	109	-2
110	110	2
111	111	-2
112	112	-2
113	113	-2
114	114	2
115	115	2
116	116	-2
117	117	2
118	118	-2
119	119	-2
120	120	-2
121	121	2
122	122	2
123	123	-2
124	124	2
125	125	-2
126	126	2
127	127	2
128	128	-2
129	129	-2
130	130	-2
131	131	2
132	132	2
133	133	2
134	134	-2
135	135	2
136	136	2
137	137	2
138	138	2
139	139	2
140	140	-2
141	141	2
142	142	-2
143	143	-2
144	144	-2
145	145	2
146	146	-2
147	147	2
148	148	-2
149	149	-2
150	150	-2
151	151	-2
152	152	2
153	153	2
154	154	2
155	155	-2
156	156	2
157	157	-2
158	158	2
159	159	-2
160	160	-2
161	161	2
162	162	2
163	163	2
164	164	-2
165	165	2
166	166	2
167	167	-2
168	168	2
169	169	2
170	170	-2
171	171	-2
172	172	2
173	173	2
174	174	2
175	175	-2
176	176	2
1	23	1
1	33	1
1	45	1
1	55	1
1	69	1
1	70	1
1	100	-2
1	107	-2
1	109	2
2	3	1
2	8	1
2	11	1
2	30	1
2	49	1
2	85	1
2	105	2
2	126	-2
2	159	-2
3	11	1
3	26	1
3	28	1
3	43	1
3	54	1
3	154	-2
3	159	-2
3	166	2
4	10	1
4	11	1
4	19	1
4	24	1
4	33	1
4	78	1
4	144	-2
4	150	2
4	151	2
5	6	1
5	30	1
5	32	1
5	51	1
5	82	1
5	87	1
5	93	2
5	137	2
5	162	-2
6	9	1
6	18	1
6	31	1
6	37	1
6	51	1
6	123	2
6	134	-2
6	162	-2
7	8	1
7	14	1
7	20	1
7	28	1
7	55	1
7	74	1
7	90	-2
7	152	2
7	158	2
8	14	1
8	74	1
8	78	1
8	85	1
8	90	-2
8	105	2
8	168	-2
9	20	1
9	37	1
9	51	1
9	63	1
9	80	1
9	95	2
9	134	-2
9	142	2
10	15	1
10	58	1
10	62	1
10	78	1
10	86	1
10	120	2
10	144	-2
10	176	2
11	33	1
11	67	1
11	79	1
11	150	2
11	153	2
11	159	-2
12	16	1
12	23	1
12	28	1
12	52	1
12	60	1
12	77	1
12	91	-2
12	118	-2
12	171	2
13	17	1
13	25	1
13	26	1
13	30	1
13	53	1
13	68	1
13	111	-2
13	146	-2
13	157	2
14	15	1
14	26	1
14	79	1
14	88	1
14	90	-2
14	97	2
14	149	-2
15	16	1
15	32	1
15	79	1
15	86	1
15	120	2
15	149	-2
15	163	2
16	32	1
16	47	1
16	75	1
16	77	1
16	118	-2
16	133	-2
16	163	2
17	26	1
17	37	1
17	58	1
17	63	1
17	83	1
17	116	2
17	130	-2
17	157	2
18	31	1
18	38	1
18	61	1
18	71	1
18	83	1
18	123	2
18	145	2
18	170	-2
19	24	1
19	29	1
19	38	1
19	49	1
19	61	1
19	98	2
19	113	-2
19	151	2
20	51	1
20	55	1
20	63	1
20	72	1
20	95	2
20	141	-2
20	158	2
21	25	1
21	36	1
21	43	1
21	47	1
21	59	1
21	72	1
21	106	-2
21	128	-2
21	167	2
22	25	1
22	36	1
22	40	2
22	67	1
22	70	1
22	99	-2
22	127	-2
22	172	-2
23	28	1
23	40	1
23	55	1
23	70	1
23	91	-2
23	100	-2
23	115	-2
24	31	1
24	64	1
24	65	1
24	66	1
24	124	2
24	151	2
24	173	2
25	36	1
25	47	1
25	68	1
25	146	-2
25	167	2
25	172	-2
26	54	1
26	88	1
26	97	2
26	154	-2
26	157	2
27	34	1
27	41	1
27	42	1
27	52	1
27	53	1
27	81	1
27	102	-2
27	148	-2
27	164	2
28	43	1
28	74	1
28	91	-2
28	152	2
28	166	2
29	31	1
29	38	1
29	45	1
29	61	1
29	70	1
29	96	-2
29	98	2
29	143	2
30	32	1
30	49	1
30	53	1
30	93	2
30	111	-2
30	126	-2
31	61	1
31	64	1
31	96	-2
31	123	2
31	173	2
32	53	1
32	72	1
32	93	2
32	136	-2
32	163	2
33	57	1
33	69	1
33	84	1
33	109	2
33	119	-2
33	150	2
34	36	1
34	42	1
34	44	2
34	73	1
34	129	-2
34	131	-2
34	164	2
35	39	1
35	42	2
35	47	1
35	71	1
35	81	1
35	112	-2
35	132	2
35	160	-2
36	43	1
36	44	1
36	128	-2
36	131	-2
36	172	-2
37	59	1
37	63	1
37	76	1
37	116	2
37	134	-2
37	139	-2
38	41	1
38	56	1
38	71	1
38	98	2
38	140	-2
38	170	-2
39	56	1
39	57	1
39	71	1
39	81	1
39	86	1
39	121	2
39	132	2
39	174	2
40	55	1
40	67	1
40	70	1
40	99	-2
40	115	-2
40	127	-2
41	52	1
41	53	1
41	56	1
41	80	1
41	102	-2
41	140	-2
41	147	-2
42	47	1
42	71	1
42	112	-2
42	160	-2
42	164	2
43	44	1
43	68	1
43	128	-2
43	161	2
43	166	2
44	68	1
44	73	1
44	129	-2
44	131	-2
44	161	2
45	48	1
45	55	1
45	66	1
45	70	1
45	101	-2
45	107	-2
45	143	2
46	48	1
46	59	1
46	65	1
46	73	1
46	84	1
46	86	1
46	89	2
46	103	-2
46	125	-2
47	75	1
47	133	-2
47	160	-2
47	167	2
48	64	1
48	66	1
48	73	1
48	82	1
48	94	2
48	101	-2
48	103	-2
49	61	1
49	75	1
49	77	1
49	113	-2
49	114	-2
49	126	-2
50	57	1
50	58	1
50	62	1
50	64	1
50	84	1
50	85	1
50	108	2
50	135	2
50	169	2
51	72	1
51	80	1
51	141	-2
51	142	2
51	162	-2
52	60	1
52	80	1
52	81	1
52	147	-2
52	148	-2
52	171	2
53	72	1
53	102	-2
53	111	-2
53	136	-2
54	63	1
54	68	1
54	76	1
54	88	1
54	122	2
54	138	2
54	154	-2
55	107	-2
55	115	-2
55	158	2
56	57	1
56	78	1
56	85	1
56	110	2
56	140	-2
56	174	2
57	84	1
57	85	1
57	119	-2
57	169	2
57	174	2
58	62	1
58	64	1
58	83	1
58	108	2
58	130	-2
58	176	2
59	72	1
59	76	1
59	86	1
59	89	2
59	106	-2
59	139	-2
60	69	2
60	81	1
60	88	1
60	92	-2
60	156	2
60	171	2
61	83	1
61	96	-2
61	113	-2
61	145	2
62	74	1
62	84	1
62	87	1
62	117	2
62	135	2
62	176	2
63	88	1
63	95	2
63	116	2
63	122	2
64	82	1
64	94	2
64	108	2
64	173	2
65	66	1
65	73	1
65	77	1
65	84	1
65	124	2
65	125	-2
65	165	-2
66	75	1
66	82	1
66	101	-2
66	104	-2
66	124	2
67	79	1
67	80	1
67	83	1
67	127	-2
67	153	2
67	155	-2
68	76	1
68	138	2
68	146	-2
68	161	2
69	81	1
69	88	1
69	92	-2
69	109	2
69	156	2
70	99	-2
70	100	-2
70	143	2
71	86	1
71	112	-2
71	121	2
71	170	-2
72	106	-2
72	136	-2
72	141	-2
73	77	1
73	103	-2
73	129	-2
73	165	-2
74	78	1
74	87	1
74	117	2
74	152	2
74	168	-2
75	77	1
75	82	1
75	104	-2
75	114	-2
75	133	-2
76	79	1
76	87	1
76	138	2
76	139	-2
76	175	2
77	114	-2
77	118	-2
77	165	-2
78	85	1
78	110	2
78	144	-2
78	168	-2
79	87	1
79	149	-2
79	153	2
79	175	2
80	83	1
80	142	2
80	147	-2
80	155	-2
81	132	2
81	148	-2
81	156	2
82	87	1
82	94	2
82	104	-2
82	137	2
83	130	-2
83	145	2
83	155	-2
84	119	-2
84	125	-2
84	135	2
85	105	2
85	110	2
85	169	2
86	89	2
86	120	2
86	121	2
87	117	2
87	137	2
87	175	2
88	92	-2
88	97	2
88	122	2
