1	1	-1
2	2	-1
3	3	3
4	4	1
5	5	-1
6	6	-1
7	7	-3
8	8	3
9	9	-1
10	10	-1
11	11	-1
12	12	1
13	13	3
14	14	-1
15	15	-1
16	16	-1
17	17	1
18	18	1
19	19	3
20	20	1
21	21	1
22	22	-1
23	23	1
24	24	1
25	25	1
26	26	3
27	27	-1
28	28	-1
29	29	-1
30	30	1
31	31	3
32	32	1
33	33	3
34	34	1
35	35	3
36	36	-3
37	37	3
38	38	-1
39	39	-1
40	40	-1
41	41	3
42	42	-1
43	43	-1
44	44	1
45	45	-1
46	46	-1
47	47	3
48	48	-1
49	49	-1
50	50	-1
51	51	-1
52	52	1
53	53	1
54	54	-1
55	55	1
56	56	-1
57	57	1
58	58	1
59	59	1
60	60	-1
61	61	3
62	62	-1
63	63	1
64	64	-1
65	65	1
66	66	-1
67	67	3
68	68	-3
69	69	-1
70	70	1
71	71	1
72	72	-3
73	73	1
74	74	3
75	75	1
76	76	-1
77	77	3
78	78	-1
79	79	3
80	80	-3
81	81	-1
82	82	-1
83	83	1
84	84	3
85	85	1
86	86	1
87	87	1
88	88	-1
89	89	1
90	90	-1
91	91	1
92	92	-1
93	93	-1
94	94	-1
95	95	3
96	96	3
97	97	-1
98	98	1
99	99	1
100	100	-1
101	101	-1
102	102	-3
103	103	1
104	104	1
105	105	1
106	106	-3
107	107	1
108	108	-1
109	109	1
110	110	1
111	111	1
112	112	-1
113	113	-3
114	114	-1
115	115	-1
116	116	1
117	117	1
118	118	1
119	119	1
120	120	1
121	121	3
122	122	1
123	123	1
124	124	-3
125	125	1
126	126	3
127	127	1
128	128	1
129	129	1
130	130	3
131	131	1
132	132	-1
133	133	3
134	134	3
135	135	-1
136	136	1
137	137	-1
138	138	1
139	139	-3
140	140	3
141	141	1
142	142	1
143	143	1
144	144	1
145	145	-1
146	146	1
147	147	1
148	148	-3
149	149	-3
150	150	1
151	151	-1
152	152	-1
153	153	1
154	154	1
155	155	-1
156	156	1
157	157	-1
158	158	-1
159	159	-1
160	160	1
161	161	-1
162	162	-1
163	163	-1
164	164	3
165	165	3
166	166	-1
167	167	1
168	168	3
169	169	1
170	170	1
171	171	1
172	172	1
173	173	-1
174	174	-1
175	175	1
176	176	1
177	177	3
178	178	-1
179	179	-3
180	180	-1
181	181	1
182	182	-1
183	183	-1
184	184	-1
185	185	3
186	186	-3
187	187	-3
188	188	-3
189	189	3
190	190	-1
191	191	-3
192	192	-1
193	193	-1
194	194	-1
195	195	-1
196	196	1
197	197	-1
198	198	1
199	199	1
200	200	1
201	201	3
202	202	-1
203	203	1
204	204	1
205	205	-3
206	206	3
207	207	1
208	208	-1
209	209	1
210	210	-1
211	211	-1
212	212	-3
213	213	1
214	214	-1
215	215	-1
216	216	1
217	217	1
218	218	1
219	219	1
220	220	-3
221	221	1
222	222	1
223	223	3
224	224	-3
225	225	3
226	226	-1
227	227	-1
228	228	1
229	229	1
230	230	-1
231	231	1
232	232	-1
233	233	-1
234	234	-1
235	235	-1
236	236	3
237	237	-1
238	238	-1
239	239	-3
240	240	1
241	241	-1
242	242	-1
243	243	1
244	244	1
245	245	1
246	246	-1
247	247	1
248	248	-1
249	249	-1
250	250	-3
251	251	-1
252	252	-3
253	253	3
254	254	1
255	255	-1
256	256	3
257	257	1
258	258	-1
259	259	-1
260	260	-3
261	261	1
262	262	1
263	263	1
264	264	3
265	265	-1
266	266	-1
267	267	3
268	268	-1
269	269	1
270	270	1
271	271	1
272	272	1
273	273	-1
274	274	-1
275	275	1
276	276	1
277	277	-1
278	278	3
279	279	-1
280	280	1
281	281	-3
282	282	-3
283	283	-1
284	284	3
285	285	-3
286	286	-1
287	287	1
288	288	1
289	289	-1
290	290	-1
291	291	3
292	292	-1
293	293	3
294	294	-1
295	295	-1
296	296	-1
297	297	1
298	298	-3
299	299	1
300	300	1
301	301	-3
302	302	1
303	303	1
304	304	1
305	305	1
306	306	3
307	307	-1
308	308	-1
309	309	1
310	310	-3
311	311	-1
312	312	1
313	313	-1
314	314	1
315	315	-1
316	316	-1
317	317	3
318	318	1
319	319	-1
320	320	1
321	321	-3
322	322	3
323	323	-1
324	324	1
325	325	-3
326	326	1
327	327	3
328	328	-3
329	329	1
330	330	-3
331	331	1
332	332	1
333	333	-1
334	334	1
335	335	1
336	336	-1
337	337	3
338	338	1
339	339	-1
340	340	-1
341	341	1
342	342	1
343	343	1
344	344	-1
345	345	-1
346	346	1
347	347	-1
348	348	-3
349	349	-1
350	350	-1
351	351	1
352	352	3
353	353	3
354	354	-1
355	355	-1
356	356	-3
357	357	1
358	358	3
359	359	1
360	360	1
361	361	-1
362	362	-1
363	363	1
364	364	-1
365	365	-1
366	366	-1
367	367	3
368	368	1
369	369	1
370	370	1
371	371	3
372	372	1
373	373	3
374	374	-1
375	375	1
376	376	-1
377	377	1
378	378	1
379	379	3
380	380	3
381	381	3
382	382	1
383	383	3
384	384	1
385	385	-1
386	386	-3
387	387	-1
388	388	1
389	389	3
390	390	3
391	391	-3
392	392	-1
393	393	3
394	394	1
395	395	1
396	396	3
397	397	-1
398	398	1
399	399	1
400	400	3
401	401	1
402	402	1
403	403	1
404	404	-1
405	405	1
406	406	3
407	407	-3
408	408	-1
409	409	-1
410	410	-1
411	411	1
412	412	3
413	413	-1
414	414	1
415	415	-3
416	416	-1
417	417	3
418	418	-3
419	419	1
420	420	1
421	421	-1
422	422	1
423	423	-1
424	424	-3
425	425	1
426	426	1
427	427	3
428	428	1
429	429	1
430	430	1
431	431	-1
432	432	-1
433	433	1
434	434	-1
435	435	1
436	436	-3
437	437	-1
438	438	-1
439	439	1
440	440	-1
441	441	-1
442	442	1
443	443	1
444	444	-1
445	445	3
446	446	1
447	447	-1
448	448	1
449	449	-3
450	450	-1
451	451	1
452	452	3
453	453	-1
454	454	-3
455	455	-1
456	456	1
457	457	-1
458	458	1
459	459	3
460	460	3
461	461	-1
462	462	1
463	463	-1
464	464	3
465	465	1
466	466	3
467	467	-1
468	468	-1
469	469	1
470	470	-1
471	471	-3
472	472	1
473	473	-1
474	474	-1
475	475	1
476	476	-1
477	477	-3
478	478	1
479	479	-1
480	480	-1
481	481	-3
482	482	3
483	483	-1
484	484	-1
485	485	1
486	486	1
487	487	3
488	488	-1
489	489	-1
490	490	3
491	491	3
492	492	3
493	493	1
494	494	-1
495	495	-1
496	496	-1
497	497	1
498	498	-1
499	499	1
500	500	-1
501	501	1
502	502	-1
503	503	-1
504	504	1
505	505	1
506	506	-1
507	507	-1
508	508	-1
509	509	1
510	510	-3
511	511	1
512	512	-1
513	513	-2
514	514	-2
515	515	2
516	516	2
517	517	-2
518	518	2
519	519	-2
520	520	2
521	521	2
522	522	2
523	523	2
524	524	-2
525	525	-2
526	526	-2
527	527	-2
528	528	2
529	529	2
530	530	-2
531	531	2
532	532	2
533	533	-2
534	534	-2
535	535	2
536	536	-2
537	537	2
538	538	2
539	539	-2
540	540	-2
541	541	2
542	542	2
543	543	-2
544	544	-2
545	545	2
546	546	-2
547	547	2
548	548	-2
549	549	-2
550	550	-2
551	551	2
552	552	-2
553	553	-2
554	554	2
555	555	-2
556	556	-2
557	557	-2
558	558	-2
559	559	2
560	560	2
561	561	2
562	562	-2
563	563	-2
564	564	2
565	565	2
566	566	-2
567	567	2
568	568	2
569	569	-2
570	570	2
571	571	2
572	572	2
573	573	-2
574	574	-2
575	575	2
576	576	2
577	577	-2
578	578	2
579	579	2
580	580	2
581	581	-2
582	582	-2
583	583	-2
584	584	-2
585	585	2
586	586	2
587	587	-2
588	588	2
589	589	2
590	590	-2
591	591	-2
592	592	2
593	593	2
594	594	-2
595	595	-2
596	596	2
597	597	2
598	598	2
599	599	-2
600	600	-2
601	601	-2
602	602	2
603	603	2
604	604	-2
605	605	-2
606	606	2
607	607	-2
608	608	-2
609	609	2
610	610	-2
611	611	-2
612	612	2
613	613	2
614	614	-2
615	615	2
616	616	-2
617	617	-2
618	618	-2
619	619	2
620	620	-2
621	621	2
622	622	2
623	623	-2
624	624	2
625	625	-2
626	626	-2
627	627	2
628	628	2
629	629	2
630	630	-2
631	631	2
632	632	-2
633	633	2
634	634	-2
635	635	-2
636	636	-2
637	637	2
638	638	2
639	639	2
640	640	-2
641	641	-2
642	642	2
643	643	-2
644	644	-2
645	645	2
646	646	-2
647	647	2
648	648	2
649	649	-2
650	650	-2
651	651	2
652	652	-2
653	653	2
654	654	-2
655	655	2
656	656	-2
657	657	-2
658	658	2
659	659	2
660	660	-2
661	661	2
662	662	2
663	663	-2
664	664	-2
665	665	2
666	666	-2
667	667	-2
668	668	2
669	669	-2
670	670	-2
671	671	-2
672	672	-2
673	673	2
674	674	2
675	675	2
676	676	2
677	677	2
678	678	-2
679	679	2
680	680	2
681	681	2
682	682	-2
683	683	2
684	684	-2
685	685	-2
686	686	2
687	687	-2
688	688	-2
689	689	-2
690	690	2
691	691	-2
692	692	-2
693	693	-2
694	694	2
695	695	-2
696	696	-2
697	697	-2
698	698	2
699	699	-2
700	700	-2
701	701	2
702	702	2
703	703	2
704	704	-2
705	705	-2
706	706	2
707	707	-2
708	708	-2
709	709	2
710	710	2
711	711	-2
712	712	-2
713	713	-2
714	714	-2
715	715	-2
716	716	-2
717	717	-2
718	718	2
719	719	2
720	720	2
721	721	2
722	722	-2
723	723	2
724	724	2
725	725	-2
726	726	2
727	727	-2
728	728	-2
729	729	2
730	730	-2
731	731	-2
732	732	2
733	733	-2
734	734	2
735	735	2
736	736	-2
737	737	2
738	738	-2
739	739	-2
740	740	2
741	741	-2
742	742	2
743	743	2
744	744	2
745	745	2
746	746	-2
747	747	2
748	748	2
749	749	-2
750	750	2
751	751	-2
752	752	2
753	753	2
754	754	-2
755	755	-2
756	756	2
757	757	-2
758	758	2
759	759	-2
760	760	-2
761	761	-2
762	762	-2
763	763	2
764	764	-2
765	765	-2
766	766	2
767	767	2
768	768	-2
769	769	-2
770	770	-2
771	771	-2
772	772	-2
773	773	-2
774	774	-2
775	775	2
776	776	-2
777	777	-2
778	778	-2
779	779	2
780	780	2
781	781	-2
782	782	-2
783	783	2
784	784	-2
785	785	2
786	786	-2
787	787	-2
788	788	2
789	789	2
790	790	-2
791	791	-2
792	792	-2
793	793	2
794	794	2
795	795	2
796	796	2
797	797	-2
798	798	2
799	799	-2
800	800	2
801	801	-2
802	802	2
803	803	-2
804	804	-2
805	805	2
806	806	-2
807	807	-2
808	808	-2
809	809	2
810	810	-2
811	811	-2
812	812	-2
813	813	2
814	814	-2
815	815	-2
816	816	2
817	817	-2
818	818	2
819	819	2
820	820	-2
821	821	-2
822	822	-2
823	823	2
824	824	2
825	825	-2
826	826	2
827	827	2
828	828	-2
829	829	2
830	830	-2
831	831	2
832	832	-2
833	833	-2
834	834	-2
835	835	-2
836	836	-2
837	837	2
838	838	2
839	839	2
840	840	-2
841	841	2
842	842	-2
843	843	2
844	844	-2
845	845	-2
846	846	-2
847	847	2
848	848	2
849	849	-2
850	850	-2
851	851	-2
852	852	-2
853	853	2
854	854	-2
855	855	2
856	856	2
857	857	2
858	858	-2
859	859	-2
860	860	-2
861	861	2
862	862	-2
863	863	2
864	864	2
865	865	2
866	866	2
867	867	2
868	868	-2
869	869	2
870	870	-2
871	871	-2
872	872	2
873	873	2
874	874	2
875	875	-2
876	876	-2
877	877	-2
878	878	-2
879	879	-2
880	880	2
881	881	2
882	882	-2
883	883	2
884	884	2
885	885	-2
886	886	-2
887	887	2
888	888	2
889	889	2
890	890	2
891	891	2
892	892	2
893	893	2
894	894	2
895	895	2
896	896	2
897	897	2
898	898	2
899	899	2
900	900	-2
901	901	-2
902	902	-2
903	903	2
904	904	-2
905	905	2
906	906	2
907	907	-2
908	908	-2
909	909	-2
910	910	-2
911	911	2
912	912	2
913	913	2
914	914	-2
915	915	2
916	916	-2
917	917	-2
918	918	2
919	919	2
920	920	-2
921	921	-2
922	922	-2
923	923	2
924	924	-2
925	925	-2
926	926	-2
927	927	-2
928	928	-2
929	929	-2
930	930	-2
931	931	-2
932	932	-2
933	933	-2
934	934	2
935	935	-2
936	936	-2
937	937	2
938	938	-2
939	939	-2
940	940	-2
941	941	-2
942	942	-2
943	943	-2
944	944	2
945	945	2
946	946	-2
947	947	2
948	948	-2
949	949	2
950	950	-2
951	951	-2
952	952	-2
953	953	2
954	954	-2
955	955	-2
956	956	2
957	957	2
958	958	2
959	959	-2
960	960	2
961	961	2
962	962	2
963	963	2
964	964	2
965	965	2
966	966	2
967	967	2
968	968	-2
969	969	-2
970	970	-2
971	971	2
972	972	-2
973	973	2
974	974	2
975	975	-2
976	976	-2
977	977	-2
978	978	-2
979	979	2
980	980	-2
981	981	2
982	982	2
983	983	-2
984	984	-2
985	985	2
986	986	2
987	987	2
988	988	-2
989	989	-2
990	990	2
991	991	-2
992	992	-2
993	993	2
994	994	2
995	995	-2
996	996	-2
997	997	-2
998	998	2
999	999	2
1000	1000	2
1001	1001	-2
1002	1002	-2
1003	1003	2
1004	1004	2
1005	1005	2
1006	1006	2
1007	1007	2
1008	1008	-2
1009	1009	-2
1010	1010	-2
1011	1011	-2
1012	1012	2
1013	1013	2
1014	1014	2
1015	1015	2
1016	1016	2
1017	1017	2
1018	1018	-2
1019	1019	2
1020	1020	-2
1021	1021	-2
1022	1022	-2
1023	1023	2
1024	1024	-2
1	23	1
1	104	1
1	142	1
1	319	1
1	344	1
1	470	1
1	655	-2
1	778	-2
1	872	-2
2	20	1
2	220	1
2	258	1
2	330	1
2	456	1
2	490	1
2	626	-2
2	646	2
2	906	-2
3	20	1
3	65	1
3	262	1
3	272	1
3	276	1
3	393	1
3	589	2
3	682	-2
3	821	-2
4	40	1
4	96	1
4	109	1
4	368	1
4	409	1
4	421	1
4	555	-2
4	700	2
4	794	2
5	60	1
5	82	1
5	99	1
5	170	1
5	228	1
5	323	1
5	549	2
5	674	-2
5	840	-2
6	152	1
6	164	1
6	186	1
6	247	1
6	297	1
6	407	1
6	613	2
6	704	2
6	983	2
7	52	1
7	192	1
7	212	1
7	247	1
7	316	1
7	507	1
7	618	2
7	732	-2
7	939	2
8	79	1
8	131	1
8	185	1
8	214	1
8	358	1
8	452	1
8	782	-2
8	972	-2
8	1000	2
9	26	1
9	184	1
9	258	1
9	415	1
9	498	1
9	506	1
9	546	2
9	570	2
9	844	2
10	17	1
10	25	1
10	41	1
10	376	1
10	494	1
10	505	1
10	576	-2
10	578	2
10	904	2
11	15	1
11	123	1
11	198	1
11	217	1
11	234	1
11	317	1
11	726	-2
11	788	2
11	835	2
12	52	1
12	69	1
12	137	1
12	160	1
12	386	1
12	401	1
12	550	-2
12	585	2
12	871	2
13	223	1
13	254	1
13	353	1
13	366	1
13	372	1
13	394	1
13	676	2
13	943	-2
13	951	-2
14	177	1
14	246	1
14	248	1
14	300	1
14	315	1
14	436	1
14	665	2
14	706	-2
14	953	-2
15	137	1
15	189	1
15	217	1
15	255	1
15	394	1
15	709	-2
15	776	-2
15	835	2
16	48	1
16	91	1
16	259	1
16	335	1
16	408	1
16	418	1
16	539	-2
16	623	2
16	988	2
17	41	1
17	175	1
17	290	1
17	339	1
17	493	1
17	578	2
17	881	-2
17	910	-2
18	77	1
18	117	1
18	129	1
18	169	1
18	236	1
18	472	1
18	644	-2
18	779	2
18	974	-2
19	25	1
19	133	1
19	270	1
19	293	1
19	405	1
19	498	1
19	598	2
19	837	2
19	987	2
20	192	1
20	245	1
20	258	1
20	272	1
20	646	2
20	656	-2
20	682	-2
21	70	1
21	80	1
21	202	1
21	238	1
21	359	1
21	413	1
21	710	2
21	753	-2
21	887	2
22	45	1
22	72	1
22	89	1
22	114	1
22	227	1
22	305	1
22	569	2
22	718	2
22	982	-2
23	62	1
23	102	1
23	104	1
23	114	1
23	290	1
23	778	-2
23	817	2
23	944	2
24	47	1
24	196	1
24	264	1
24	292	1
24	337	1
24	444	1
24	568	2
24	693	2
24	747	2
25	236	1
25	270	1
25	292	1
25	505	1
25	576	-2
25	598	2
25	714	-2
26	37	1
26	258	1
26	269	1
26	309	1
26	314	1
26	570	2
26	571	2
26	967	2
27	85	1
27	86	1
27	191	1
27	299	1
27	378	1
27	461	1
27	530	2
27	544	2
27	596	2
28	97	1
28	206	1
28	251	1
28	428	1
28	437	1
28	502	1
28	607	2
28	861	2
28	884	-2
29	93	1
29	194	1
29	300	1
29	308	1
29	319	1
29	503	1
29	822	-2
29	834	2
29	921	2
30	239	1
30	343	1
30	369	1
30	392	1
30	419	1
30	484	1
30	564	2
30	698	-2
30	799	-2
31	67	1
31	140	1
31	156	1
31	237	1
31	264	1
31	364	1
31	780	2
31	813	2
31	1011	-2
32	41	1
32	95	1
32	115	1
32	372	1
32	420	1
32	482	1
32	600	2
32	942	-2
32	970	-2
33	245	1
33	335	1
33	342	1
33	352	1
33	432	1
33	488	1
33	575	2
33	701	2
33	830	-2
34	58	1
34	64	1
34	121	1
34	173	1
34	221	1
34	301	1
34	612	-2
34	803	-2
34	930	-2
35	96	1
35	246	1
35	278	1
35	305	1
35	445	1
35	461	1
35	529	2
35	699	-2
35	1007	2
36	106	1
36	135	1
36	157	1
36	429	1
36	437	1
36	499	1
36	664	2
36	723	-2
36	755	2
37	119	1
37	154	1
37	269	1
37	331	1
37	401	1
37	553	-2
37	571	2
37	617	-2
38	291	1
38	374	1
38	387	1
38	413	1
38	456	1
38	481	1
38	670	2
38	675	2
38	868	2
39	93	1
39	103	1
39	111	1
39	188	1
39	274	1
39	377	1
39	532	-2
39	925	-2
39	933	2
40	230	1
40	311	1
40	340	1
40	368	1
40	447	1
40	742	-2
40	794	2
40	825	2
41	302	1
41	370	1
41	482	1
41	578	2
41	645	2
41	970	-2
42	61	1
42	64	1
42	141	1
42	155	1
42	172	1
42	210	1
42	565	2
42	649	2
42	684	2
43	85	1
43	155	1
43	231	1
43	247	1
43	250	1
43	298	1
43	599	2
43	601	2
43	622	2
44	52	1
44	244	1
44	261	1
44	330	1
44	460	1
44	466	1
44	672	2
44	833	-2
44	852	-2
45	89	1
45	156	1
45	235	1
45	296	1
45	480	1
45	520	-2
45	718	2
45	971	-2
46	55	1
46	125	1
46	145	1
46	171	1
46	173	1
46	421	1
46	702	-2
46	802	-2
46	991	-2
47	89	1
47	120	1
47	196	1
47	351	1
47	472	1
47	531	2
47	636	-2
47	747	2
48	157	1
48	241	1
48	361	1
48	408	1
48	460	1
48	739	2
48	744	2
48	988	2
49	105	1
49	107	1
49	129	1
49	239	1
49	255	1
49	301	1
49	574	2
49	751	2
49	820	-2
50	102	1
50	282	1
50	305	1
50	316	1
50	434	1
50	507	1
50	513	-2
50	606	-2
50	804	2
51	75	1
51	200	1
51	338	1
51	405	1
51	431	1
51	453	1
51	581	2
51	875	-2
51	977	2
52	160	1
52	192	1
52	466	1
52	550	-2
52	732	-2
52	852	-2
53	101	1
53	117	1
53	153	1
53	309	1
53	310	1
53	324	1
53	686	-2
53	876	-2
53	920	-2
54	173	1
54	199	1
54	279	1
54	288	1
54	396	1
54	475	1
54	858	2
54	865	-2
54	918	2
55	71	1
55	145	1
55	249	1
55	289	1
55	369	1
55	547	2
55	643	-2
55	802	-2
56	87	1
56	251	1
56	255	1
56	282	1
56	409	1
56	420	1
56	604	2
56	758	2
56	768	2
57	209	1
57	232	1
57	350	1
57	385	1
57	454	1
57	478	1
57	518	-2
57	572	2
57	843	2
58	64	1
58	284	1
58	287	1
58	455	1
58	467	1
58	619	-2
58	659	2
58	803	-2
59	79	1
59	134	1
59	260	1
59	277	1
59	457	1
59	465	1
59	841	2
59	936	2
59	984	-2
60	285	1
60	323	1
60	371	1
60	408	1
60	487	1
60	660	-2
60	674	-2
60	863	-2
61	128	1
61	141	1
61	154	1
61	306	1
61	380	1
61	565	2
61	786	-2
61	787	-2
62	114	1
62	118	1
62	219	1
62	439	1
62	506	1
62	654	2
62	854	2
62	944	2
63	83	1
63	199	1
63	286	1
63	353	1
63	413	1
63	457	1
63	524	2
63	633	2
63	738	-2
64	160	1
64	172	1
64	404	1
64	684	2
64	803	-2
64	989	2
65	107	1
65	262	1
65	271	1
65	410	1
65	451	1
65	589	2
65	767	2
65	896	-2
66	121	1
66	187	1
66	259	1
66	422	1
66	462	1
66	495	1
66	793	-2
66	931	2
66	961	2
67	203	1
67	360	1
67	364	1
67	406	1
67	429	1
67	551	2
67	813	2
67	1001	-2
68	158	1
68	187	1
68	237	1
68	265	1
68	285	1
68	461	1
68	657	2
68	677	-2
68	866	-2
69	106	1
69	303	1
69	348	1
69	374	1
69	401	1
69	585	2
69	595	2
69	1002	2
70	78	1
70	119	1
70	201	1
70	413	1
70	432	1
70	527	2
70	710	2
70	736	-2
71	94	1
71	139	1
71	369	1
71	484	1
71	504	1
71	514	2
71	547	2
71	966	2
72	174	1
72	281	1
72	305	1
72	377	1
72	424	1
72	809	-2
72	982	-2
72	1019	-2
73	149	1
73	170	1
73	231	1
73	271	1
73	332	1
73	483	1
73	653	2
73	741	-2
73	769	2
74	126	1
74	137	1
74	217	1
74	230	1
74	346	1
74	428	1
74	688	-2
74	775	2
74	1015	2
75	208	1
75	243	1
75	273	1
75	333	1
75	338	1
75	605	2
75	816	2
75	875	-2
76	94	1
76	128	1
76	273	1
76	336	1
76	418	1
76	506	1
76	750	2
76	832	2
76	838	-2
77	161	1
77	257	1
77	374	1
77	400	1
77	472	1
77	658	2
77	779	2
77	829	2
78	334	1
78	362	1
78	369	1
78	432	1
78	464	1
78	527	2
78	558	-2
78	729	-2
79	143	1
79	319	1
79	452	1
79	465	1
79	857	2
79	984	-2
79	1000	2
80	108	1
80	175	1
80	202	1
80	401	1
80	415	1
80	616	2
80	753	-2
80	761	2
81	239	1
81	242	1
81	274	1
81	334	1
81	345	1
81	495	1
81	630	2
81	705	2
81	737	2
82	99	1
82	340	1
82	347	1
82	370	1
82	504	1
82	610	2
82	814	2
82	840	-2
83	199	1
83	403	1
83	449	1
83	491	1
83	508	1
83	690	-2
83	738	-2
83	924	-2
84	96	1
84	166	1
84	174	1
84	360	1
84	378	1
84	389	1
84	536	-2
84	594	-2
84	915	2
85	226	1
85	247	1
85	346	1
85	378	1
85	544	2
85	622	2
85	807	-2
86	279	1
86	299	1
86	317	1
86	412	1
86	474	1
86	526	-2
86	596	2
86	864	-2
87	134	1
87	255	1
87	443	1
87	471	1
87	476	1
87	593	2
87	758	2
87	952	2
88	114	1
88	189	1
88	232	1
88	304	1
88	354	1
88	455	1
88	772	2
88	978	-2
88	1016	-2
89	351	1
89	385	1
89	509	1
89	611	2
89	636	-2
89	718	2
90	197	1
90	265	1
90	399	1
90	438	1
90	460	1
90	488	1
90	560	-2
90	592	-2
90	889	2
91	194	1
91	259	1
91	261	1
91	283	1
91	439	1
91	539	-2
91	587	2
91	735	2
92	178	1
92	209	1
92	233	1
92	331	1
92	373	1
92	477	1
92	540	-2
92	790	2
92	914	2
93	111	1
93	296	1
93	308	1
93	497	1
93	823	2
93	834	2
93	933	2
94	139	1
94	203	1
94	418	1
94	444	1
94	514	2
94	583	-2
94	832	2
95	185	1
95	240	1
95	367	1
95	406	1
95	420	1
95	608	-2
95	642	2
95	942	-2
96	109	1
96	174	1
96	246	1
96	529	2
96	536	-2
96	555	-2
97	110	1
97	356	1
97	357	1
97	361	1
97	502	1
97	543	-2
97	615	-2
97	884	-2
98	111	1
98	146	1
98	336	1
98	393	1
98	419	1
98	509	1
98	535	2
98	545	-2
98	573	-2
99	165	1
99	204	1
99	205	1
99	227	1
99	840	-2
99	846	2
99	892	2
100	213	1
100	220	1
100	225	1
100	355	1
100	445	1
100	489	1
100	603	-2
100	812	2
100	1017	2
101	168	1
101	180	1
101	182	1
101	188	1
101	310	1
101	686	-2
101	734	2
101	1024	2
102	124	1
102	290	1
102	434	1
102	511	1
102	525	2
102	804	2
102	817	2
103	188	1
103	193	1
103	222	1
103	402	1
103	491	1
103	532	-2
103	651	2
103	903	2
104	112	1
104	144	1
104	233	1
104	256	1
104	712	2
104	778	-2
104	827	2
105	107	1
105	175	1
105	242	1
105	307	1
105	403	1
105	820	-2
105	893	-2
105	995	-2
106	298	1
106	374	1
106	407	1
106	437	1
106	638	-2
106	723	-2
106	1002	2
107	272	1
107	451	1
107	470	1
107	668	2
107	820	-2
107	896	-2
108	177	1
108	197	1
108	241	1
108	262	1
108	401	1
108	616	2
108	632	-2
108	927	2
109	116	1
109	159	1
109	176	1
109	512	1
109	555	-2
109	810	2
109	1005	2
110	256	1
110	361	1
110	467	1
110	485	1
110	509	1
110	543	-2
110	792	2
110	917	-2
111	120	1
111	393	1
111	512	1
111	573	-2
111	933	2
111	985	2
112	146	1
112	233	1
112	246	1
112	259	1
112	467	1
112	712	2
112	940	-2
112	962	-2
113	214	1
113	263	1
113	268	1
113	296	1
113	395	1
113	486	1
113	681	-2
113	954	2
113	1013	-2
114	227	1
114	232	1
114	569	2
114	944	2
114	1016	-2
115	312	1
115	347	1
115	365	1
115	372	1
115	468	1
115	600	2
115	635	2
115	851	-2
116	159	1
116	228	1
116	391	1
116	492	1
116	512	1
116	745	2
116	891	-2
116	1005	2
117	153	1
117	169	1
117	466	1
117	504	1
117	876	-2
117	969	-2
117	974	-2
118	126	1
118	233	1
118	253	1
118	362	1
118	439	1
118	762	-2
118	854	2
118	923	2
119	135	1
119	201	1
119	401	1
119	489	1
119	617	-2
119	736	-2
119	911	-2
120	238	1
120	424	1
120	472	1
120	512	1
120	531	2
120	855	-2
120	985	2
121	129	1
121	221	1
121	390	1
121	462	1
121	882	-2
121	930	-2
121	961	2
122	136	1
122	218	1
122	312	1
122	381	1
122	391	1
122	462	1
122	703	2
122	885	2
122	945	2
123	142	1
123	234	1
123	265	1
123	320	1
123	368	1
123	647	2
123	726	-2
123	965	2
124	146	1
124	442	1
124	448	1
124	496	1
124	511	1
124	525	2
124	663	2
124	973	-2
125	151	1
125	241	1
125	393	1
125	421	1
125	430	1
125	597	2
125	634	-2
125	702	-2
126	137	1
126	322	1
126	362	1
126	431	1
126	688	-2
126	798	2
126	923	2
127	162	1
127	167	1
127	287	1
127	384	1
127	485	1
127	493	1
127	523	2
127	577	2
127	731	-2
128	147	1
128	168	1
128	273	1
128	306	1
128	584	-2
128	786	-2
128	838	-2
129	236	1
129	301	1
129	390	1
129	644	-2
129	751	2
129	882	-2
130	162	1
130	201	1
130	211	1
130	254	1
130	409	1
130	480	1
130	808	-2
130	993	2
130	1003	2
131	152	1
131	214	1
131	245	1
131	482	1
131	500	1
131	754	-2
131	782	-2
131	831	-2
132	138	1
132	148	1
132	213	1
132	291	1
132	441	1
132	450	1
132	522	-2
132	913	2
132	992	2
133	221	1
133	293	1
133	405	1
133	422	1
133	501	1
133	580	2
133	837	2
133	860	-2
134	183	1
134	222	1
134	443	1
134	457	1
134	593	2
134	764	-2
134	841	2
135	223	1
135	339	1
135	489	1
135	499	1
135	664	2
135	911	-2
135	999	2
136	295	1
136	381	1
136	395	1
136	469	1
136	496	1
136	713	2
136	789	2
136	945	2
137	255	1
137	386	1
137	688	-2
137	709	-2
137	871	2
138	148	1
138	168	1
138	293	1
138	323	1
138	442	1
138	522	-2
138	828	-2
138	909	-2
139	269	1
139	292	1
139	324	1
139	339	1
139	514	2
139	935	2
139	941	2
140	264	1
140	324	1
140	448	1
140	463	1
140	478	1
140	515	2
140	715	-2
140	1011	-2
141	176	1
141	307	1
141	454	1
141	465	1
141	565	2
141	667	-2
141	1009	2
142	265	1
142	319	1
142	373	1
142	441	1
142	647	2
142	655	-2
142	1012	2
143	215	1
143	225	1
143	301	1
143	319	1
143	444	1
143	725	-2
143	857	2
143	901	2
144	252	1
144	256	1
144	306	1
144	318	1
144	453	1
144	671	-2
144	827	2
144	1004	-2
145	207	1
145	381	1
145	391	1
145	403	1
145	707	-2
145	802	-2
145	916	2
146	442	1
146	467	1
146	509	1
146	535	2
146	940	-2
146	973	-2
147	168	1
147	341	1
147	383	1
147	498	1
147	511	1
147	584	-2
147	652	2
147	760	-2
148	150	1
148	298	1
148	449	1
148	471	1
148	522	-2
148	895	-2
148	975	2
149	271	1
149	315	1
149	351	1
149	414	1
149	465	1
149	559	-2
149	689	2
149	769	2
150	263	1
150	303	1
150	314	1
150	471	1
150	473	1
150	877	-2
150	895	-2
150	1022	-2
151	260	1
151	328	1
151	416	1
151	423	1
151	430	1
151	634	-2
151	897	-2
151	1023	-2
152	159	1
152	186	1
152	310	1
152	482	1
152	704	2
152	754	-2
152	956	-2
153	200	1
153	376	1
153	384	1
153	479	1
153	727	-2
153	842	2
153	876	-2
154	281	1
154	331	1
154	380	1
154	416	1
154	553	-2
154	621	-2
154	787	-2
155	210	1
155	250	1
155	294	1
155	355	1
155	556	-2
155	599	2
155	649	2
156	219	1
156	235	1
156	237	1
156	311	1
156	780	2
156	791	-2
156	971	-2
157	194	1
157	429	1
157	436	1
157	460	1
157	744	2
157	755	2
157	765	2
158	188	1
158	285	1
158	302	1
158	332	1
158	343	1
158	627	2
158	657	2
158	886	2
159	266	1
159	310	1
159	507	1
159	717	2
159	956	-2
159	1005	2
160	283	1
160	380	1
160	404	1
160	550	-2
160	562	-2
160	989	2
161	162	1
161	179	1
161	257	1
161	258	1
161	392	1
161	658	2
161	848	-2
161	922	2
162	179	1
162	211	1
162	287	1
162	577	2
162	848	-2
162	993	2
163	172	1
163	220	1
163	276	1
163	325	1
163	338	1
163	494	1
163	586	-2
163	719	2
163	853	-2
164	185	1
164	197	1
164	236	1
164	247	1
164	280	1
164	516	2
164	613	2
164	902	-2
165	204	1
165	327	1
165	354	1
165	425	1
165	450	1
165	759	-2
165	815	-2
165	892	2
166	230	1
166	311	1
166	360	2
166	470	1
166	594	-2
166	728	2
166	948	2
167	191	1
167	359	1
167	384	1
167	434	1
167	446	1
167	694	-2
167	731	-2
167	963	2
168	180	1
168	442	1
168	584	-2
168	734	2
168	909	-2
169	219	1
169	264	1
169	417	1
169	491	1
169	591	-2
169	661	2
169	974	-2
170	228	1
170	399	1
170	433	1
170	483	1
170	549	2
170	653	2
170	748	2
171	173	1
171	232	1
171	303	1
171	346	1
171	436	1
171	874	-2
171	908	-2
171	991	-2
172	297	1
172	476	1
172	494	1
172	684	2
172	719	2
172	720	2
173	279	1
173	301	1
173	612	-2
173	858	2
173	991	-2
174	198	1
174	281	1
174	426	1
174	536	-2
174	809	-2
174	960	-2
175	307	1
175	415	1
175	493	1
175	761	2
175	910	-2
175	995	-2
176	217	1
176	427	1
176	465	1
176	512	1
176	667	-2
176	797	-2
176	810	2
177	189	1
177	262	1
177	284	1
177	315	1
177	566	-2
177	632	-2
177	665	2
178	233	1
178	304	1
178	307	1
178	425	1
178	479	1
178	692	-2
178	752	-2
178	914	2
179	310	1
179	333	1
179	356	1
179	473	1
179	711	2
179	848	-2
179	899	-2
180	184	1
180	252	1
180	314	1
180	355	1
180	602	-2
180	734	2
180	746	2
181	208	1
181	235	1
181	290	1
181	389	1
181	416	1
181	451	1
181	641	-2
181	818	-2
181	883	2
182	186	1
182	188	1
182	193	1
182	358	1
182	511	1
182	637	-2
182	733	-2
182	1024	2
183	222	1
183	386	2
183	399	1
183	430	1
183	695	2
183	764	-2
183	1006	-2
184	314	1
184	451	1
184	452	1
184	498	1
184	746	2
184	766	2
184	844	2
185	197	1
185	358	1
185	406	1
185	516	2
185	608	-2
185	972	-2
186	193	1
186	238	1
186	308	1
186	637	-2
186	704	2
186	819	-2
187	237	1
187	362	1
187	446	1
187	495	1
187	677	-2
187	793	-2
187	1018	2
188	302	1
188	532	-2
188	886	2
188	1024	2
189	284	1
189	394	1
189	455	1
189	566	-2
189	776	-2
189	978	-2
190	195	1
190	242	1
190	260	1
190	332	1
190	406	1
190	475	1
190	673	-2
190	862	-2
190	932	2
191	359	1
191	433	1
191	437	1
191	461	1
191	530	2
191	694	-2
191	879	2
192	245	1
192	252	1
192	356	1
192	656	-2
192	732	-2
192	929	2
193	318	1
193	491	1
193	503	1
193	637	-2
193	651	2
193	959	2
194	283	1
194	300	1
194	436	1
194	587	2
194	765	2
194	822	-2
195	261	1
195	326	1
195	332	1
195	463	1
195	464	1
195	538	-2
195	856	2
195	932	2
196	398	1
196	412	1
196	469	1
196	510	1
196	579	-2
196	747	2
196	997	-2
197	241	1
197	438	1
197	516	2
197	560	-2
197	927	2
198	251	1
198	270	1
198	317	1
198	426	1
198	691	-2
198	788	2
198	960	-2
199	375	1
199	433	1
199	475	1
199	639	2
199	738	-2
199	865	-2
200	365	1
200	383	1
200	431	1
200	479	1
200	581	2
200	683	2
200	727	-2
201	256	1
201	384	1
201	480	1
201	736	-2
201	847	2
201	1003	2
202	291	1
202	312	1
202	365	1
202	371	1
202	629	-2
202	753	-2
202	968	-2
203	320	1
203	406	1
203	444	1
203	484	1
203	551	2
203	583	-2
203	624	-2
204	224	1
204	322	1
204	458	1
204	481	1
204	867	-2
204	892	2
204	986	2
205	227	1
205	249	1
205	309	1
205	375	1
205	388	1
205	625	2
205	696	2
205	846	2
206	244	1
206	253	1
206	327	1
206	437	1
206	505	1
206	528	2
206	824	2
206	861	2
207	317	1
207	322	1
207	391	1
207	487	1
207	502	1
207	795	2
207	878	-2
207	916	2
208	235	1
208	273	1
208	275	1
208	373	1
208	605	2
208	757	-2
208	818	-2
209	250	1
209	321	1
209	350	1
209	373	1
209	540	-2
209	805	-2
209	843	2
210	363	1
210	395	1
210	477	1
210	492	1
210	649	2
210	836	2
210	937	2
211	315	1
211	361	1
211	368	1
211	425	1
211	590	2
211	648	-2
211	993	2
212	316	1
212	345	1
212	434	1
212	458	1
212	481	1
212	582	2
212	618	2
212	981	-2
213	291	1
213	355	1
213	452	1
213	475	1
213	730	-2
213	812	2
213	913	2
214	294	1
214	486	1
214	493	1
214	782	-2
214	900	2
214	1013	-2
215	225	1
215	268	1
215	397	1
215	431	1
215	432	1
215	631	-2
215	725	-2
215	926	2
216	218	1
216	240	1
216	275	1
216	336	1
216	342	1
216	357	1
216	756	-2
216	800	2
216	980	-2
217	346	1
217	427	1
217	797	-2
217	835	2
217	1015	2
218	275	1
218	391	1
218	458	1
218	485	1
218	697	-2
218	885	2
218	980	-2
219	264	1
219	311	1
219	506	1
219	654	2
219	661	2
219	791	-2
220	276	1
220	330	1
220	489	1
220	586	-2
220	603	-2
220	906	-2
221	234	1
221	283	1
221	422	1
221	517	2
221	860	-2
221	930	-2
222	402	1
222	424	1
222	477	1
222	764	-2
222	903	2
222	1010	2
223	254	1
223	300	1
223	320	1
223	339	1
223	880	2
223	943	-2
223	999	2
224	270	1
224	281	1
224	397	1
224	481	1
224	497	1
224	867	-2
224	907	2
224	958	-2
225	299	1
225	396	1
225	445	1
225	722	-2
225	725	-2
225	1017	2
226	254	1
226	346	1
226	411	1
226	454	1
226	495	1
226	679	-2
226	807	-2
226	998	-2
227	316	1
227	326	1
227	569	2
227	781	-2
227	846	2
228	439	1
228	492	1
228	505	1
228	549	2
228	745	2
228	777	-2
229	275	1
229	288	1
229	313	1
229	376	1
229	396	1
229	400	1
229	708	2
229	919	2
229	996	-2
230	311	1
230	360	1
230	428	1
230	742	-2
230	775	2
230	948	2
231	298	1
231	332	1
231	375	1
231	388	1
231	601	2
231	620	-2
231	741	-2
232	303	1
232	454	1
232	518	-2
232	908	-2
232	1016	-2
233	253	1
233	712	2
233	762	-2
233	914	2
234	283	1
234	318	1
234	380	1
234	517	2
234	666	-2
234	726	-2
235	486	1
235	487	1
235	818	-2
235	888	2
235	971	-2
236	280	1
236	292	1
236	644	-2
236	714	-2
236	902	-2
237	274	1
237	366	1
237	677	-2
237	780	2
237	947	-2
238	308	1
238	359	1
238	424	1
238	819	-2
238	855	-2
238	887	2
239	255	1
239	345	1
239	484	1
239	574	2
239	630	2
239	698	-2
240	336	1
240	363	1
240	367	1
240	499	1
240	642	2
240	756	-2
240	771	-2
241	361	1
241	393	1
241	597	2
241	739	2
241	927	2
242	260	1
242	403	1
242	495	1
242	673	-2
242	737	2
242	893	-2
243	266	1
243	333	1
243	382	1
243	468	1
243	501	1
243	519	2
243	816	2
243	1021	-2
244	253	1
244	343	1
244	394	1
244	460	1
244	824	2
244	833	-2
244	859	2
245	342	1
245	500	1
245	575	2
245	656	-2
245	831	-2
246	259	1
246	436	1
246	529	2
246	953	-2
246	962	-2
247	507	1
247	613	2
247	622	2
247	939	2
248	300	1
248	341	1
248	349	1
248	387	1
248	418	1
248	542	2
248	706	-2
248	839	-2
249	262	1
249	289	1
249	388	1
249	479	1
249	521	-2
249	643	-2
249	696	2
250	294	1
250	321	1
250	463	1
250	599	2
250	805	-2
250	1020	2
251	270	1
251	420	1
251	428	1
251	604	2
251	607	2
251	691	-2
252	355	1
252	356	1
252	453	1
252	602	-2
252	929	2
252	1004	-2
253	331	1
253	464	1
253	537	2
253	762	-2
253	824	2
254	409	1
254	454	1
254	679	-2
254	808	-2
254	943	-2
255	574	2
255	709	-2
255	758	2
256	384	1
256	509	1
256	827	2
256	847	2
256	917	-2
257	352	1
257	364	1
257	414	1
257	510	1
257	658	2
257	774	-2
257	870	2
258	392	1
258	570	2
258	646	2
258	922	2
259	422	1
259	539	-2
259	931	2
259	962	-2
260	277	1
260	423	1
260	673	-2
260	936	2
260	1023	-2
261	330	1
261	439	1
261	464	1
261	672	2
261	735	2
261	856	2
262	479	1
262	521	-2
262	589	2
262	632	-2
263	303	1
263	337	1
263	395	1
263	438	1
263	640	-2
263	681	-2
263	1022	-2
264	337	1
264	568	2
264	661	2
264	1011	-2
265	461	1
265	488	1
265	592	-2
265	647	2
265	866	-2
266	268	1
266	293	1
266	468	1
266	507	1
266	519	2
266	717	2
266	849	-2
267	327	1
267	371	1
267	388	1
267	411	1
267	448	1
267	490	1
267	614	-2
267	801	-2
267	949	2
268	293	1
268	296	1
268	431	1
268	849	-2
268	926	2
268	954	2
269	292	1
269	302	1
269	503	1
269	561	2
269	571	2
269	935	2
270	497	1
270	598	2
270	691	-2
270	907	2
271	349	1
271	410	1
271	482	1
271	749	-2
271	767	2
271	769	2
272	354	1
272	443	1
272	470	1
272	668	2
272	682	-2
272	979	-2
273	338	1
273	426	1
273	605	2
273	838	-2
273	894	2
274	334	1
274	366	1
274	377	1
274	705	2
274	925	-2
274	947	-2
275	288	1
275	373	1
275	708	2
275	757	-2
275	980	-2
276	381	1
276	393	1
276	402	1
276	586	-2
276	821	-2
276	1008	-2
277	337	1
277	419	1
277	423	1
277	476	1
277	552	-2
277	898	-2
277	936	2
278	305	1
278	390	1
278	435	1
278	453	1
278	468	1
278	567	2
278	687	-2
278	1007	2
279	353	1
279	412	1
279	474	1
279	563	-2
279	858	2
279	864	-2
280	313	1
280	359	1
280	397	1
280	435	1
280	541	-2
280	902	-2
280	950	-2
281	397	1
281	416	1
281	621	-2
281	809	-2
281	958	-2
282	316	1
282	350	1
282	364	1
282	409	1
282	548	2
282	606	-2
282	768	2
283	380	1
283	517	2
283	562	-2
283	587	2
284	287	1
284	382	1
284	398	1
284	566	-2
284	659	2
284	724	2
285	329	1
285	408	1
285	508	1
285	650	2
285	657	2
285	863	-2
286	289	1
286	350	1
286	353	1
286	410	1
286	450	1
286	633	2
286	669	2
286	716	2
287	345	1
287	459	1
287	577	2
287	659	2
287	845	-2
288	396	1
288	411	1
288	486	1
288	708	2
288	918	2
288	964	2
289	385	1
289	450	1
289	480	1
289	554	-2
289	643	-2
289	716	2
290	339	1
290	451	1
290	817	2
290	881	-2
290	883	2
291	371	1
291	456	1
291	675	2
291	913	2
291	968	-2
292	444	1
292	693	2
292	714	-2
292	935	2
293	323	1
293	828	-2
293	837	2
293	849	-2
294	355	1
294	463	1
294	493	1
294	556	-2
294	900	2
294	1020	2
295	306	1
295	379	1
295	392	1
295	410	1
295	496	1
295	713	2
295	770	2
295	784	-2
296	480	1
296	497	1
296	520	-2
296	823	2
296	954	2
297	358	1
297	407	1
297	429	1
297	476	1
297	720	2
297	806	-2
297	983	2
298	407	1
298	449	1
298	601	2
298	638	-2
298	975	2
299	321	1
299	396	1
299	407	1
299	596	2
299	722	-2
299	890	-2
300	320	1
300	706	-2
300	822	-2
300	880	2
301	444	1
301	612	-2
301	751	2
301	901	2
302	370	1
302	503	1
302	561	2
302	645	2
302	886	2
303	348	1
303	595	2
303	908	-2
303	1022	-2
304	354	1
304	420	1
304	425	1
304	490	1
304	557	-2
304	692	-2
304	772	2
305	507	1
305	513	-2
305	982	-2
305	1007	2
306	318	1
306	379	1
306	671	-2
306	784	-2
306	786	-2
307	454	1
307	479	1
307	752	-2
307	995	-2
307	1009	2
308	326	1
308	367	1
308	678	-2
308	819	-2
308	834	2
309	314	1
309	324	1
309	375	1
309	625	2
309	920	-2
309	967	2
310	356	1
310	686	-2
310	899	-2
310	956	-2
311	470	1
311	728	2
311	742	-2
311	791	-2
312	347	1
312	365	1
312	462	1
312	629	-2
312	703	2
312	851	-2
313	376	1
313	387	1
313	435	1
313	462	1
313	541	-2
313	919	2
313	1014	-2
314	473	1
314	746	2
314	877	-2
314	967	2
315	351	1
315	368	1
315	559	-2
315	648	-2
315	665	2
316	326	1
316	606	-2
316	618	2
316	781	-2
317	412	1
317	487	1
317	526	-2
317	788	2
317	878	-2
318	380	1
318	503	1
318	666	-2
318	671	-2
318	959	2
319	503	1
319	655	-2
319	857	2
319	921	2
320	368	1
320	484	1
320	624	-2
320	880	2
320	965	2
321	325	1
321	330	1
321	407	1
321	805	-2
321	890	-2
321	994	-2
322	431	1
322	458	1
322	502	1
322	795	2
322	798	2
322	986	2
323	488	1
323	502	1
323	628	-2
323	674	-2
323	828	-2
324	339	1
324	478	1
324	515	2
324	920	-2
324	941	2
325	330	1
325	338	1
325	438	1
325	440	1
325	853	-2
325	912	-2
325	994	-2
326	367	1
326	463	1
326	538	-2
326	678	-2
326	781	-2
327	411	1
327	450	1
327	505	1
327	528	2
327	614	-2
327	759	-2
328	415	1
328	416	1
328	440	1
328	455	1
328	510	1
328	721	-2
328	897	-2
328	938	2
329	370	1
329	379	1
329	446	1
329	459	1
329	508	1
329	650	2
329	763	2
329	934	2
330	672	2
330	906	-2
330	994	-2
331	464	1
331	477	1
331	537	2
331	553	-2
331	790	2
332	343	1
332	627	2
332	741	-2
332	932	2
333	348	1
333	473	2
333	711	2
333	816	2
333	905	-2
334	378	1
334	379	1
334	464	1
334	533	-2
334	558	-2
334	705	2
335	418	1
335	432	1
335	447	1
335	497	1
335	623	2
335	680	2
335	701	2
336	419	1
336	506	1
336	545	-2
336	750	2
336	756	-2
337	419	1
337	438	1
337	552	-2
337	568	2
337	640	-2
338	426	1
338	853	-2
338	875	-2
338	894	2
339	881	-2
339	941	2
339	999	2
340	347	1
340	417	1
340	447	1
340	492	1
340	610	2
340	825	2
340	976	-2
341	383	1
341	387	1
341	427	1
341	498	1
341	542	2
341	652	2
341	957	2
342	357	1
342	366	1
342	457	1
342	575	2
342	785	-2
342	800	2
343	392	1
343	394	1
343	564	2
343	627	2
343	859	2
344	363	1
344	382	1
344	442	1
344	470	1
344	494	1
344	685	2
344	872	-2
344	946	-2
345	434	1
345	459	1
345	630	2
345	845	-2
345	981	-2
346	436	1
346	807	-2
346	874	-2
346	1015	2
347	349	1
347	483	1
347	610	2
347	850	2
347	851	-2
348	404	1
348	449	1
348	473	1
348	595	2
348	773	2
348	905	-2
349	418	1
349	482	1
349	483	1
349	749	-2
349	839	-2
349	850	2
350	364	1
350	410	1
350	548	2
350	669	2
350	843	2
351	459	1
351	489	1
351	559	-2
351	636	-2
351	873	2
352	414	1
352	427	1
352	488	1
352	499	1
352	774	-2
352	830	-2
352	955	-2
353	394	1
353	412	1
353	563	-2
353	633	2
353	676	2
354	425	1
354	443	1
354	772	2
354	815	-2
354	979	-2
355	556	-2
355	602	-2
355	812	2
356	357	1
356	615	-2
356	899	-2
356	929	2
357	414	1
357	428	1
357	534	-2
357	615	-2
357	800	2
358	429	1
358	511	1
358	733	-2
358	806	-2
358	972	-2
359	397	1
359	694	-2
359	887	2
359	950	-2
360	429	1
360	594	-2
360	948	2
360	1001	-2
361	425	1
361	543	-2
361	590	2
361	739	2
362	369	1
362	446	1
362	729	-2
362	923	2
362	1018	2
363	442	1
363	477	1
363	499	1
363	771	-2
363	836	2
363	946	-2
364	510	1
364	548	2
364	813	2
364	870	2
365	383	1
365	468	1
365	629	-2
365	635	2
365	683	2
366	372	1
366	457	1
366	785	-2
366	947	-2
366	951	-2
367	377	1
367	417	1
367	642	2
367	678	-2
367	783	2
368	648	-2
368	794	2
368	965	2
369	419	1
369	547	2
369	729	-2
369	799	-2
370	459	1
370	504	1
370	645	2
370	763	2
370	814	2
371	448	1
371	487	1
371	660	-2
371	949	2
371	968	-2
372	389	1
372	466	1
372	588	2
372	600	2
372	951	-2
373	441	1
373	540	-2
373	757	-2
373	1012	2
374	400	1
374	481	1
374	670	2
374	829	2
374	1002	2
375	388	1
375	433	1
375	620	-2
375	625	2
375	639	2
376	384	1
376	494	1
376	842	2
376	904	2
376	919	2
377	417	1
377	424	1
377	783	2
377	925	-2
377	1019	-2
378	379	1
378	389	1
378	533	-2
378	544	2
378	915	2
379	446	1
379	533	-2
379	784	-2
379	934	2
380	562	-2
380	666	-2
380	787	-2
381	402	1
381	403	1
381	707	-2
381	945	2
381	1008	-2
382	398	1
382	494	1
382	501	1
382	685	2
382	724	2
382	1021	-2
383	427	1
383	511	1
383	683	2
383	760	-2
383	957	2
384	731	-2
384	842	2
384	847	2
385	478	1
385	480	1
385	509	1
385	554	-2
385	572	2
385	611	2
386	399	1
386	430	1
386	695	2
386	871	2
386	1006	-2
387	413	1
387	462	1
387	542	2
387	868	2
387	1014	-2
388	490	1
388	620	-2
388	696	2
388	801	-2
389	416	1
389	466	1
389	588	2
389	641	-2
389	915	2
390	435	1
390	445	1
390	453	1
390	662	2
390	687	-2
390	882	-2
391	512	1
391	885	2
391	891	-2
391	916	2
392	410	1
392	564	2
392	770	2
392	922	2
393	573	-2
393	597	2
393	821	-2
394	676	2
394	776	-2
394	859	2
395	469	1
395	492	1
395	681	-2
395	789	2
395	937	2
396	400	1
396	722	-2
396	918	2
396	996	-2
397	432	1
397	631	-2
397	950	-2
397	958	-2
398	412	1
398	483	1
398	501	1
398	724	2
398	743	-2
398	997	-2
399	433	1
399	460	1
399	748	2
399	889	2
399	1006	-2
400	430	1
400	469	1
400	829	2
400	928	-2
400	996	-2
401	585	2
401	616	2
401	617	-2
402	447	1
402	471	1
402	869	-2
402	903	2
402	1008	-2
403	491	1
403	707	-2
403	893	-2
403	924	-2
404	408	1
404	426	1
404	449	1
404	773	2
404	796	2
404	989	2
405	453	1
405	498	1
405	501	1
405	580	2
405	977	2
405	987	2
406	475	1
406	551	2
406	608	-2
406	862	-2
407	638	-2
407	890	-2
407	983	2
408	426	1
408	796	2
408	863	-2
408	988	2
409	421	1
409	700	2
409	768	2
409	808	-2
410	669	2
410	767	2
410	770	2
411	486	1
411	495	1
411	614	-2
411	964	2
411	998	-2
412	526	-2
412	563	-2
412	997	-2
413	457	1
413	524	2
413	710	2
413	868	2
414	428	1
414	465	1
414	534	-2
414	689	2
414	774	-2
415	440	1
415	506	1
415	546	2
415	761	2
415	938	2
416	621	-2
416	641	-2
416	897	-2
417	491	1
417	492	1
417	591	-2
417	783	2
417	976	-2
418	623	2
418	832	2
418	839	-2
419	545	-2
419	552	-2
419	799	-2
420	490	1
420	557	-2
420	604	2
420	942	-2
421	496	1
421	508	1
421	700	2
421	702	-2
421	826	2
422	423	1
422	443	1
422	860	-2
422	931	2
422	990	2
423	443	1
423	476	1
423	898	-2
423	990	2
423	1023	-2
424	477	1
424	855	-2
424	1010	2
424	1019	-2
425	590	2
425	692	-2
425	815	-2
426	796	2
426	894	2
426	960	-2
427	499	1
427	797	-2
427	955	-2
427	957	2
428	534	-2
428	607	2
428	775	2
429	755	2
429	806	-2
429	1001	-2
430	469	1
430	634	-2
430	695	2
430	928	-2
431	581	2
431	798	2
431	926	2
432	527	2
432	631	-2
432	701	2
433	437	1
433	639	2
433	748	2
433	879	2
434	446	1
434	804	2
434	963	2
434	981	-2
435	445	1
435	468	1
435	541	-2
435	567	2
435	662	2
436	765	2
436	874	-2
436	953	-2
437	723	-2
437	861	2
437	879	2
438	440	1
438	560	-2
438	640	-2
438	912	-2
439	505	1
439	735	2
439	777	-2
439	854	2
440	474	1
440	500	1
440	609	2
440	912	-2
440	938	2
441	450	1
441	472	1
441	500	1
441	740	-2
441	992	2
441	1012	2
442	909	-2
442	946	-2
442	973	-2
443	593	2
443	979	-2
443	990	2
444	583	-2
444	693	2
444	901	2
445	461	1
445	662	2
445	699	-2
445	1017	2
446	934	2
446	963	2
446	1018	2
447	471	1
447	497	1
447	680	2
447	825	2
447	869	-2
448	463	1
448	496	1
448	663	2
448	715	-2
448	949	2
449	508	1
449	690	-2
449	773	2
449	975	2
450	716	2
450	759	-2
450	992	2
451	452	1
451	766	2
451	883	2
451	896	-2
452	475	1
452	730	-2
452	766	2
452	1000	2
453	687	-2
453	977	2
453	1004	-2
454	518	-2
454	679	-2
454	1009	2
455	467	1
455	510	1
455	619	-2
455	721	-2
455	978	-2
456	474	1
456	478	1
456	490	1
456	626	-2
456	675	2
456	811	2
457	524	2
457	785	-2
457	841	2
458	481	1
458	485	1
458	582	2
458	697	-2
458	986	2
459	489	1
459	763	2
459	845	-2
459	873	2
460	744	2
460	833	-2
460	889	2
461	530	2
461	699	-2
461	866	-2
462	703	2
462	961	2
462	1014	-2
463	538	-2
463	715	-2
463	1020	2
464	537	2
464	558	-2
464	856	2
465	667	-2
465	689	2
465	984	-2
466	504	1
466	588	2
466	852	-2
466	969	-2
467	485	1
467	619	-2
467	792	2
467	940	-2
468	519	2
468	567	2
468	635	2
469	510	1
469	579	-2
469	789	2
469	928	-2
470	668	2
470	728	2
470	872	-2
471	476	1
471	869	-2
471	895	-2
471	952	2
472	500	1
472	531	2
472	740	-2
472	779	2
473	711	2
473	877	-2
473	905	-2
474	478	1
474	500	1
474	609	2
474	811	2
474	864	-2
475	730	-2
475	862	-2
475	865	-2
476	720	2
476	898	-2
476	952	2
477	790	2
477	836	2
477	1010	2
478	515	2
478	572	2
478	811	2
479	521	-2
479	727	-2
479	752	-2
480	520	-2
480	554	-2
480	1003	2
481	582	2
481	670	2
481	867	-2
482	749	-2
482	754	-2
482	970	-2
483	501	1
483	653	2
483	743	-2
483	850	2
484	504	1
484	624	-2
484	698	-2
484	966	2
485	493	1
485	523	2
485	697	-2
485	792	2
486	487	1
486	888	2
486	964	2
486	1013	-2
487	660	-2
487	878	-2
487	888	2
488	502	1
488	592	-2
488	628	-2
488	830	-2
489	603	-2
489	873	2
489	911	-2
490	557	-2
490	626	-2
490	801	-2
491	591	-2
491	651	2
491	924	-2
492	745	2
492	937	2
492	976	-2
493	523	2
493	900	2
493	910	-2
494	685	2
494	719	2
494	904	2
495	737	2
495	793	-2
495	998	-2
496	508	1
496	663	2
496	713	2
496	826	2
497	680	2
497	823	2
497	907	2
498	652	2
498	844	2
498	987	2
499	664	2
499	771	-2
499	955	-2
500	609	2
500	740	-2
500	831	-2
501	580	2
501	743	-2
501	1021	-2
502	628	-2
502	795	2
502	884	-2
503	561	2
503	921	2
503	959	2
504	814	2
504	966	2
504	969	-2
505	528	2
505	576	-2
505	777	-2
506	546	2
506	654	2
506	750	2
507	513	-2
507	717	2
507	939	2
508	650	2
508	690	-2
508	826	2
509	535	2
509	611	2
509	917	-2
510	579	-2
510	721	-2
510	870	2
511	525	2
511	733	-2
511	760	-2
512	810	2
512	891	-2
512	985	2
