1	1	-1
2	2	3
3	3	1
4	4	-1
5	5	3
6	6	-1
7	7	1
8	8	3
9	9	1
10	10	1
11	11	1
12	12	-1
13	13	1
14	14	1
15	15	3
16	16	1
17	17	1
18	18	1
19	19	3
20	20	-1
21	21	1
22	22	1
23	23	-1
24	24	1
25	25	1
26	26	-1
27	27	1
28	28	1
29	29	1
30	30	-1
31	31	1
32	32	1
33	33	-1
34	34	-1
35	35	3
36	36	1
37	37	1
38	38	-1
39	39	-1
40	40	1
41	41	1
42	42	3
43	43	1
44	44	1
45	45	1
46	46	-1
47	47	-1
48	48	3
49	49	-1
50	50	1
51	51	3
52	52	-1
53	53	-1
54	54	-1
55	55	-1
56	56	-1
57	57	1
58	58	-1
59	59	1
60	60	1
61	61	-1
62	62	1
63	63	-1
64	64	-3
65	65	1
66	66	3
67	67	1
68	68	-1
69	69	1
70	70	1
71	71	-1
72	72	3
73	73	-3
74	74	1
75	75	-3
76	76	1
77	77	1
78	78	1
79	79	3
80	80	-1
81	81	-1
82	82	-1
83	83	1
84	84	-1
85	85	-3
86	86	1
87	87	3
88	88	1
89	89	-1
90	90	-1
91	91	-1
92	92	-1
93	93	1
94	94	1
95	95	1
96	96	-1
97	97	-1
98	98	-3
99	99	1
100	100	-1
101	101	1
102	102	-1
103	103	-1
104	104	-3
105	105	-2
106	106	2
107	107	-2
108	108	2
109	109	-2
110	110	2
111	111	2
112	112	-2
113	113	-2
114	114	-2
115	115	2
116	116	2
117	117	2
118	118	-2
119	119	2
120	120	2
121	121	-2
122	122	2
123	123	-2
124	124	2
125	125	2
126	126	2
127	127	-2
128	128	-2
129	129	-2
130	130	2
131	131	2
132	132	-2
133	133	-2
134	134	2
135	135	2
136	136	-2
137	137	2
138	138	-2
139	139	-2
140	140	-2
141	141	2
142	142	-2
143	143	-2
144	144	2
145	145	2
146	146	2
147	147	-2
148	148	2
149	149	-2
150	150	2
151	151	2
152	152	2
153	153	2
154	154	2
155	155	2
156	156	-2
157	157	-2
158	158	2
159	159	2
160	160	2
161	161	2
162	162	-2
163	163	-2
164	164	-2
165	165	2
166	166	2
167	167	-2
168	168	-2
169	169	-2
170	170	2
171	171	-2
172	172	2
173	173	-2
174	174	-2
175	175	2
176	176	2
177	177	2
178	178	-2
179	179	-2
180	180	-2
181	181	2
182	182	-2
183	183	-2
184	184	-2
185	185	2
186	186	-2
187	187	2
188	188	-2
189	189	2
190	190	-2
191	191	-2
192	192	2
193	193	2
194	194	-2
195	195	-2
196	196	2
197	197	2
198	198	2
199	199	2
200	200	2
201	201	2
202	202	2
203	203	-2
204	204	-2
205	205	2
206	206	2
207	207	-2
208	208	-2
1	17	1
1	37	1
1	55	1
1	56	1
1	70	1
1	103	1
1	120	-2
1	161	2
1	197	-2
2	13	1
2	18	1
2	44	1
2	72	1
2	80	1
2	93	1
2	131	2
2	153	2
2	169	-2
3	9	1
3	22	1
3	52	1
3	72	1
3	99	2
3	147	-2
3	194	2
3	202	2
4	10	1
4	14	1
4	23	1
4	64	1
4	75	1
4	96	1
4	125	2
4	130	-2
4	137	-2
5	25	1
5	26	1
5	30	1
5	45	1
5	51	1
5	79	1
5	148	2
5	181	2
5	184	-2
6	41	1
6	56	1
6	75	1
6	79	1
6	81	1
6	91	1
6	150	-2
6	167	-2
6	173	2
7	13	1
7	16	1
7	27	1
7	55	1
7	71	1
7	96	1
7	118	-2
7	143	2
7	159	2
8	11	1
8	17	1
8	28	1
8	42	2
8	100	1
8	117	2
8	126	2
8	144	2
9	48	1
9	57	1
9	72	2
9	98	1
9	112	2
9	133	-2
9	202	2
10	51	1
10	75	1
10	76	1
10	86	1
10	97	1
10	111	2
10	123	-2
10	130	-2
11	21	1
11	68	1
11	100	1
11	101	1
11	104	1
11	144	2
11	149	-2
11	187	-2
12	19	1
12	31	1
12	32	1
12	36	1
12	78	1
12	98	1
12	190	2
12	199	-2
12	204	-2
13	29	1
13	54	1
13	93	1
13	96	1
13	118	-2
13	160	-2
13	169	-2
14	23	1
14	36	1
14	60	1
14	62	1
14	73	1
14	125	2
14	140	2
14	162	-2
15	24	1
15	59	1
15	65	1
15	69	1
15	86	1
15	87	1
15	151	2
15	186	-2
15	207	-2
16	55	1
16	62	1
16	67	1
16	68	1
16	101	1
16	159	2
16	168	-2
16	185	-2
17	34	1
17	42	1
17	55	1
17	61	1
17	117	2
17	188	-2
17	197	-2
18	44	1
18	70	1
18	78	1
18	85	1
18	87	1
18	129	2
18	153	2
18	179	-2
19	22	1
19	25	1
19	31	1
19	43	1
19	65	1
19	158	2
19	198	2
19	204	-2
20	24	1
20	35	1
20	47	1
20	61	1
20	74	1
20	91	1
20	163	-2
20	165	-2
20	170	-2
21	38	1
21	48	1
21	79	1
21	99	1
21	104	1
21	175	2
21	187	-2
21	196	2
22	25	1
22	63	1
22	69	1
22	99	1
22	147	-2
22	166	-2
22	198	2
23	30	1
23	43	1
23	67	1
23	84	1
23	125	2
23	155	-2
23	208	2
24	63	1
24	65	1
24	78	1
24	91	1
24	132	-2
24	165	-2
24	186	-2
25	45	1
25	59	1
25	104	1
25	164	2
25	181	2
25	198	2
26	30	1
26	82	1
26	86	1
26	95	1
26	97	1
26	110	-2
26	114	2
26	184	-2
27	29	1
27	71	1
27	91	1
27	93	1
27	103	1
27	124	2
27	128	-2
27	143	2
28	32	1
28	39	1
28	42	1
28	57	1
28	102	1
28	126	2
28	145	2
28	193	-2
29	37	1
29	43	1
29	54	1
29	103	1
29	116	2
29	124	2
29	160	-2
30	53	1
30	67	1
30	76	1
30	154	-2
30	155	-2
30	184	-2
31	46	1
31	64	1
31	71	1
31	83	1
31	136	2
31	174	-2
31	204	-2
32	47	1
32	57	1
32	58	1
32	98	1
32	109	-2
32	145	2
32	190	2
33	39	1
33	46	1
33	58	1
33	66	1
33	67	1
33	80	1
33	135	2
33	176	-2
33	205	-2
34	49	1
34	55	1
34	61	1
34	89	1
34	100	1
34	105	2
34	188	-2
34	192	-2
35	48	1
35	50	1
35	74	1
35	82	1
35	90	1
35	127	-2
35	142	-2
35	163	-2
36	60	1
36	78	1
36	83	1
36	92	1
36	162	-2
36	199	-2
36	203	-2
37	43	1
37	84	1
37	88	1
37	103	1
37	116	2
37	120	-2
37	177	2
38	48	1
38	53	1
38	84	1
38	94	1
38	97	1
38	122	-2
38	134	-2
38	196	2
39	46	1
39	53	1
39	101	1
39	102	1
39	115	2
39	176	-2
39	193	-2
40	47	1
40	52	1
40	70	1
40	88	2
40	95	1
40	108	-2
40	171	-2
40	201	2
41	74	1
41	79	1
41	83	1
41	89	1
41	92	1
41	167	-2
41	178	2
41	189	2
42	69	1
42	94	1
42	117	2
42	126	2
42	195	-2
43	65	1
43	84	1
43	116	2
43	158	2
43	208	2
44	57	1
44	66	1
44	73	1
44	90	1
44	113	2
44	153	2
44	200	2
45	74	1
45	81	1
45	85	1
45	87	1
45	106	-2
45	121	-2
45	181	2
46	71	2
46	90	1
46	139	2
46	174	-2
46	176	-2
47	58	1
47	61	1
47	88	1
47	108	-2
47	109	-2
47	170	-2
48	72	1
48	82	1
48	127	-2
48	133	-2
48	196	2
49	51	1
49	54	1
49	55	1
49	75	1
49	102	1
49	172	-2
49	192	-2
49	206	2
50	73	1
50	76	1
50	90	1
50	94	1
50	102	1
50	119	2
50	142	-2
50	146	-2
51	79	1
51	97	1
51	102	1
51	123	-2
51	148	2
51	206	2
52	70	1
52	77	1
52	89	1
52	99	1
52	182	2
52	194	2
52	201	2
53	76	1
53	84	1
53	101	1
53	115	2
53	122	-2
53	154	-2
54	59	1
54	75	1
54	81	1
54	152	2
54	160	-2
54	172	-2
55	159	2
55	192	-2
55	197	-2
56	70	1
56	81	1
56	85	1
56	98	1
56	157	2
56	161	2
56	173	2
57	66	1
57	98	1
57	112	2
57	145	2
57	200	2
58	68	1
58	80	1
58	96	1
58	109	-2
58	141	-2
58	205	-2
59	81	1
59	86	1
59	104	1
59	152	2
59	164	2
59	207	-2
60	64	1
60	77	1
60	80	1
60	95	1
60	107	-2
60	156	2
60	162	-2
61	82	1
61	100	1
61	170	-2
61	183	2
61	188	-2
62	66	1
62	67	1
62	73	1
62	77	1
62	140	2
62	168	-2
62	191	-2
63	65	1
63	69	1
63	78	1
63	104	1
63	132	-2
63	138	2
63	166	-2
64	80	1
64	83	1
64	96	1
64	136	2
64	137	-2
64	156	2
65	104	1
65	138	2
65	158	2
65	186	-2
66	67	1
66	77	1
66	135	2
66	191	-2
66	200	2
67	135	2
67	155	-2
67	168	-2
68	96	1
68	101	2
68	141	-2
68	149	-2
68	185	-2
69	87	1
69	94	1
69	151	2
69	166	-2
69	195	-2
70	85	1
70	129	2
70	161	2
70	201	2
71	90	1
71	139	2
71	143	2
71	174	-2
72	80	1
72	131	2
72	133	-2
72	202	2
73	90	1
73	102	1
73	113	2
73	140	2
73	146	-2
74	87	1
74	92	1
74	121	-2
74	163	-2
74	178	2
75	91	1
75	130	-2
75	150	-2
75	172	-2
76	86	1
76	94	1
76	111	2
76	119	2
76	154	-2
77	89	1
77	95	1
77	107	-2
77	182	2
77	191	-2
78	87	1
78	132	-2
78	179	-2
78	199	-2
79	99	1
79	148	2
79	167	-2
79	175	2
80	131	2
80	156	2
80	205	-2
81	85	1
81	106	-2
81	152	2
81	173	2
82	86	1
82	100	1
82	110	-2
82	127	-2
82	183	2
83	89	1
83	92	1
83	136	2
83	189	2
83	203	-2
84	88	1
84	122	-2
84	177	2
84	208	2
85	98	1
85	106	-2
85	129	2
85	157	2
86	110	-2
86	111	2
86	207	-2
87	121	-2
87	151	2
87	179	-2
88	95	1
88	108	-2
88	171	-2
88	177	2
89	100	1
89	105	2
89	182	2
89	189	2
90	113	2
90	139	2
90	142	-2
91	93	1
91	128	-2
91	150	-2
91	165	-2
92	93	1
92	103	1
92	178	2
92	180	2
92	203	-2
93	103	1
93	128	-2
93	169	-2
93	180	2
94	97	1
94	119	2
94	134	-2
94	195	-2
95	97	1
95	107	-2
95	114	2
95	171	-2
96	118	-2
96	137	-2
96	141	-2
97	114	2
97	123	-2
97	134	-2
98	112	2
98	157	2
98	190	2
99	147	-2
99	175	2
99	194	2
100	105	2
100	144	2
100	183	2
101	115	2
101	149	-2
101	185	-2
102	146	-2
102	193	-2
102	206	2
103	120	-2
103	124	2
103	180	2
104	138	2
104	164	2
104	187	-2
