1	1	-3
2	2	3
3	3	1
4	4	-1
5	5	3
6	6	-1
7	7	1
8	8	-1
9	9	-1
10	10	1
11	11	1
12	12	-1
13	13	1
14	14	-3
15	15	-1
16	16	-1
17	17	1
18	18	-1
19	19	3
20	20	-1
21	21	-1
22	22	1
23	23	-1
24	24	1
25	25	1
26	26	-1
27	27	-1
28	28	1
29	29	-1
30	30	3
31	31	1
32	32	-1
33	33	-3
34	34	-3
35	35	-3
36	36	-3
37	37	-1
38	38	1
39	39	-1
40	40	3
41	41	1
42	42	-1
43	43	-3
44	44	-3
45	45	1
46	46	1
47	47	1
48	48	1
49	49	-1
50	50	1
51	51	-1
52	52	1
53	53	-1
54	54	-1
55	55	-1
56	56	1
57	57	3
58	58	-1
59	59	1
60	60	-1
61	61	1
62	62	1
63	63	1
64	64	1
65	65	1
66	66	1
67	67	1
68	68	-1
69	69	1
70	70	-1
71	71	1
72	72	3
73	73	-2
74	74	-2
75	75	-2
76	76	-2
77	77	-2
78	78	-2
79	79	-2
80	80	-2
81	81	2
82	82	-2
83	83	2
84	84	2
85	85	-2
86	86	2
87	87	2
88	88	2
89	89	-2
90	90	-2
91	91	-2
92	92	-2
93	93	2
94	94	-2
95	95	-2
96	96	2
97	97	-2
98	98	2
99	99	-2
100	100	-2
101	101	2
102	102	-2
103	103	2
104	104	-2
105	105	-2
106	106	-2
107	107	-2
108	108	-2
109	109	-2
110	110	-2
111	111	2
112	112	2
113	113	-2
114	114	-2
115	115	-2
116	116	2
117	117	2
118	118	2
119	119	2
120	120	-2
121	121	-2
122	122	2
123	123	2
124	124	2
125	125	-2
126	126	2
127	127	-2
128	128	2
129	129	2
130	130	2
131	131	-2
132	132	2
133	133	-2
134	134	-2
135	135	2
136	136	-2
137	137	2
138	138	-2
139	139	2
140	140	-2
141	141	-2
142	142	-2
143	143	2
144	144	2
1	16	1
1	34	1
1	36	2
1	45	1
1	49	1
1	74	2
1	124	-2
1	125	2
2	11	1
2	16	1
2	26	1
2	32	1
2	49	1
2	50	1
2	81	2
2	85	-2
2	136	-2
3	7	1
3	9	1
3	11	1
3	44	1
3	70	1
3	72	1
3	86	-2
3	106	-2
3	119	2
4	8	1
4	12	1
4	20	1
4	28	1
4	53	1
4	55	1
4	89	2
4	96	-2
4	141	-2
5	12	1
5	17	1
5	19	1
5	66	1
5	69	1
5	71	1
5	128	2
5	134	-2
5	135	2
6	10	1
6	12	1
6	21	1
6	23	1
6	52	1
6	72	1
6	97	-2
6	121	2
6	123	-2
7	11	1
7	43	1
7	52	1
7	59	1
7	68	1
7	82	-2
7	107	2
7	119	2
8	12	1
8	14	1
8	15	1
8	17	1
8	40	1
8	96	-2
8	98	2
8	132	-2
9	17	1
9	25	1
9	40	1
9	44	1
9	72	1
9	86	-2
9	95	2
9	100	-2
10	16	1
10	28	1
10	56	1
10	65	1
10	72	1
10	97	-2
10	104	2
10	113	-2
11	26	1
11	53	1
11	66	1
11	85	-2
11	119	2
11	144	-2
12	21	1
12	66	1
12	96	-2
12	123	-2
12	134	-2
13	38	1
13	39	1
13	46	1
13	47	1
13	54	1
13	66	1
13	83	-2
13	90	-2
13	93	2
14	15	1
14	20	1
14	41	1
14	42	1
14	60	1
14	99	2
14	132	-2
14	138	2
15	34	1
15	35	1
15	40	1
15	59	1
15	103	2
15	110	2
15	132	-2
16	32	1
16	45	1
16	65	1
16	74	2
16	104	2
16	136	-2
17	25	1
17	40	1
17	69	1
17	95	2
17	98	2
17	135	2
18	21	1
18	37	1
18	51	2
18	63	1
18	70	1
18	84	-2
18	88	-2
18	112	2
19	37	1
19	47	1
19	50	1
19	65	1
19	71	1
19	87	2
19	114	-2
19	128	2
20	23	1
20	41	1
20	55	2
20	89	2
20	118	2
20	138	2
21	53	1
21	63	1
21	67	1
21	91	2
21	112	2
21	123	-2
22	25	1
22	30	1
22	35	1
22	47	1
22	56	1
22	67	1
22	77	-2
22	109	-2
22	115	2
23	27	1
23	33	1
23	52	1
23	55	1
23	92	2
23	118	2
23	121	2
24	36	1
24	48	1
24	57	1
24	64	1
24	68	1
24	69	1
24	101	-2
24	116	2
24	139	2
25	39	1
25	65	1
25	67	1
25	77	-2
25	95	2
25	137	2
26	29	1
26	43	1
26	46	1
26	62	1
26	79	2
26	85	-2
26	108	2
27	33	1
27	37	1
27	38	1
27	42	1
27	58	1
27	92	2
27	120	-2
27	140	2
28	32	1
28	53	1
28	56	1
28	58	1
28	78	2
28	113	-2
28	141	-2
29	30	1
29	39	1
29	43	1
29	48	2
29	108	2
29	117	-2
29	127	-2
30	48	1
30	56	1
30	57	1
30	67	1
30	102	-2
30	109	-2
30	127	-2
31	42	1
31	46	1
31	60	1
31	62	1
31	70	1
31	71	1
31	76	-2
31	80	2
31	130	2
32	54	1
32	58	1
32	63	1
32	78	2
32	136	-2
32	142	2
33	44	1
33	49	1
33	64	1
33	71	1
33	92	2
33	105	2
33	129	-2
34	35	1
34	36	1
34	58	1
34	61	1
34	110	2
34	124	-2
34	131	2
35	43	1
35	47	1
35	50	1
35	73	2
35	110	2
35	115	2
36	49	1
36	68	1
36	101	-2
36	124	-2
36	125	2
37	42	1
37	47	1
37	51	1
37	87	2
37	88	-2
37	140	2
38	39	1
38	45	1
38	58	1
38	68	1
38	83	-2
38	120	-2
38	126	2
39	48	1
39	65	1
39	83	-2
39	117	-2
39	137	2
40	59	1
40	72	1
40	98	2
40	100	-2
40	103	2
41	51	1
41	52	1
41	57	1
41	60	1
41	94	-2
41	111	2
41	138	2
42	60	1
42	71	1
42	76	-2
42	99	2
42	140	2
43	50	1
43	68	1
43	73	2
43	107	2
43	108	2
44	56	1
44	69	1
44	71	1
44	75	2
44	86	-2
44	129	-2
45	61	1
45	63	1
45	68	1
45	74	2
45	126	2
45	143	2
46	47	1
46	62	2
46	79	2
46	93	2
46	130	2
47	87	2
47	93	2
47	115	2
48	64	1
48	116	2
48	117	-2
48	127	-2
49	50	1
49	64	1
49	81	2
49	105	2
49	125	2
50	65	1
50	73	2
50	81	2
50	114	-2
51	60	1
51	70	1
51	84	-2
51	88	-2
51	111	2
52	57	1
52	59	1
52	82	-2
52	94	-2
52	121	2
53	66	1
53	67	1
53	91	2
53	141	-2
53	144	-2
54	55	1
54	59	1
54	63	1
54	66	1
54	90	-2
54	122	-2
54	142	2
55	59	1
55	89	2
55	118	2
55	122	-2
56	69	1
56	75	2
56	109	-2
56	113	-2
57	67	1
57	69	1
57	94	-2
57	102	-2
57	139	2
58	61	1
58	78	2
58	120	-2
58	131	2
59	82	-2
59	103	2
59	122	-2
60	70	1
60	80	2
60	99	2
60	111	2
61	62	1
61	63	1
61	64	1
61	131	2
61	133	-2
61	143	2
62	64	1
62	79	2
62	130	2
62	133	-2
63	112	2
63	142	2
63	143	2
64	105	2
64	116	2
64	133	-2
65	104	2
65	114	-2
65	137	2
66	90	-2
66	134	-2
66	144	-2
67	77	-2
67	91	2
67	102	-2
68	101	-2
68	107	2
68	126	2
69	75	2
69	135	2
69	139	2
70	72	1
70	80	2
70	84	-2
70	106	-2
71	76	-2
71	128	2
71	129	-2
72	97	-2
72	100	-2
72	106	-2
