1	1	-1
2	2	1
3	3	-3
4	4	1
5	5	1
6	6	3
7	7	-1
8	8	-1
9	9	-3
10	10	-1
11	11	3
12	12	-1
13	13	-1
14	14	-1
15	15	-3
16	16	-1
17	17	1
18	18	1
19	19	3
20	20	1
21	21	-1
22	22	3
23	23	-1
24	24	1
25	25	1
26	26	1
27	27	1
28	28	3
29	29	-1
30	30	1
31	31	1
32	32	-1
33	33	1
34	34	1
35	35	1
36	36	-3
37	37	-1
38	38	-3
39	39	1
40	40	-1
41	41	-1
42	42	-1
43	43	1
44	44	1
45	45	1
46	46	-1
47	47	1
48	48	1
49	49	1
50	50	3
51	51	-1
52	52	1
53	53	1
54	54	3
55	55	-1
56	56	-1
57	57	-3
58	58	1
59	59	1
60	60	-1
61	61	1
62	62	-1
63	63	-3
64	64	1
65	65	-1
66	66	-1
67	67	3
68	68	-3
69	69	-1
70	70	1
71	71	-3
72	72	1
73	73	-3
74	74	-1
75	75	3
76	76	-3
77	77	1
78	78	-3
79	79	-1
80	80	1
81	81	1
82	82	-3
83	83	1
84	84	-3
85	85	3
86	86	-1
87	87	-1
88	88	-1
89	89	-1
90	90	1
91	91	-3
92	92	3
93	93	1
94	94	1
95	95	-1
96	96	1
97	97	-1
98	98	-1
99	99	1
100	100	-3
101	101	1
102	102	1
103	103	-1
104	104	1
105	105	1
106	106	-1
107	107	3
108	108	1
109	109	-1
110	110	-3
111	111	1
112	112	3
113	113	1
114	114	-3
115	115	1
116	116	1
117	117	-3
118	118	-3
119	119	1
120	120	1
121	121	1
122	122	1
123	123	1
124	124	1
125	125	-3
126	126	3
127	127	-1
128	128	-1
129	129	1
130	130	-3
131	131	-1
132	132	-1
133	133	-1
134	134	1
135	135	1
136	136	-1
137	137	-3
138	138	-1
139	139	-1
140	140	1
141	141	-1
142	142	-1
143	143	1
144	144	-1
145	145	1
146	146	-1
147	147	1
148	148	-1
149	149	3
150	150	-3
151	151	-1
152	152	1
153	153	-1
154	154	-1
155	155	-3
156	156	1
157	157	-1
158	158	1
159	159	-1
160	160	-1
161	161	1
162	162	-1
163	163	-3
164	164	1
165	165	-1
166	166	-1
167	167	1
168	168	-3
169	169	-1
170	170	1
171	171	-1
172	172	-1
173	173	1
174	174	1
175	175	1
176	176	-1
177	177	1
178	178	-1
179	179	1
180	180	-1
181	181	1
182	182	-1
183	183	-3
184	184	-1
185	185	-3
186	186	-3
187	187	-3
188	188	1
189	189	-1
190	190	-1
191	191	-1
192	192	1
193	193	-1
194	194	-3
195	195	-1
196	196	1
197	197	-1
198	198	-1
199	199	-1
200	200	-1
201	201	1
202	202	-1
203	203	1
204	204	-1
205	205	1
206	206	3
207	207	-3
208	208	-1
209	209	3
210	210	1
211	211	1
212	212	-3
213	213	-1
214	214	-1
215	215	1
216	216	-1
217	217	3
218	218	-1
219	219	3
220	220	1
221	221	-1
222	222	3
223	223	-3
224	224	-3
225	225	1
226	226	1
227	227	3
228	228	3
229	229	1
230	230	1
231	231	-3
232	232	-1
233	233	-1
234	234	1
235	235	-1
236	236	1
237	237	1
238	238	3
239	239	1
240	240	-1
241	241	-1
242	242	-1
243	243	-3
244	244	-3
245	245	-1
246	246	-1
247	247	1
248	248	-1
249	249	3
250	250	1
251	251	-1
252	252	1
253	253	3
254	254	1
255	255	1
256	256	-1
257	257	1
258	258	1
259	259	1
260	260	-1
261	261	1
262	262	-1
263	263	1
264	264	-1
265	265	1
266	266	-1
267	267	-1
268	268	1
269	269	-1
270	270	-1
271	271	1
272	272	-1
273	273	-1
274	274	-3
275	275	1
276	276	1
277	277	1
278	278	3
279	279	-1
280	280	-1
281	281	1
282	282	-1
283	283	1
284	284	1
285	285	-1
286	286	1
287	287	1
288	288	1
289	289	-1
290	290	-1
291	291	1
292	292	-1
293	293	3
294	294	-1
295	295	-3
296	296	1
297	297	-1
298	298	-1
299	299	-1
300	300	1
301	301	3
302	302	1
303	303	-1
304	304	3
305	305	1
306	306	1
307	307	3
308	308	1
309	309	-3
310	310	1
311	311	-1
312	312	1
313	313	-1
314	314	-3
315	315	3
316	316	3
317	317	-1
318	318	-1
319	319	1
320	320	-1
321	321	1
322	322	1
323	323	1
324	324	3
325	325	-1
326	326	1
327	327	1
328	328	-1
329	329	1
330	330	-1
331	331	-1
332	332	1
333	333	3
334	334	3
335	335	-1
336	336	-3
337	337	-1
338	338	1
339	339	-3
340	340	1
341	341	-1
342	342	-1
343	343	1
344	344	-1
345	345	-3
346	346	3
347	347	3
348	348	-1
349	349	-3
350	350	-1
351	351	1
352	352	-1
353	353	1
354	354	-1
355	355	-1
356	356	-1
357	357	3
358	358	-3
359	359	-3
360	360	-1
361	361	1
362	362	-1
363	363	1
364	364	-3
365	365	3
366	366	3
367	367	1
368	368	-3
369	369	-1
370	370	1
371	371	-1
372	372	1
373	373	-3
374	374	1
375	375	3
376	376	-3
377	377	-1
378	378	1
379	379	1
380	380	-1
381	381	-3
382	382	-3
383	383	1
384	384	1
385	385	-1
386	386	3
387	387	1
388	388	1
389	389	-3
390	390	-1
391	391	-1
392	392	1
393	393	-1
394	394	1
395	395	-1
396	396	-1
397	397	1
398	398	1
399	399	-1
400	400	1
401	401	3
402	402	-1
403	403	-1
404	404	-1
405	405	-1
406	406	1
407	407	-1
408	408	3
409	409	3
410	410	-1
411	411	1
412	412	3
413	413	1
414	414	1
415	415	1
416	416	1
417	417	1
418	418	-3
419	419	1
420	420	-1
421	421	1
422	422	-1
423	423	3
424	424	-1
425	425	1
426	426	-1
427	427	1
428	428	1
429	429	1
430	430	-1
431	431	-1
432	432	3
433	433	1
434	434	1
435	435	1
436	436	-1
437	437	-1
438	438	3
439	439	1
440	440	1
441	441	1
442	442	-3
443	443	-1
444	444	-1
445	445	1
446	446	-1
447	447	3
448	448	1
449	449	-3
450	450	1
451	451	-3
452	452	-1
453	453	-1
454	454	-1
455	455	1
456	456	1
457	457	-1
458	458	-1
459	459	-1
460	460	1
461	461	-1
462	462	3
463	463	1
464	464	-3
465	465	1
466	466	-1
467	467	-1
468	468	1
469	469	3
470	470	-3
471	471	1
472	472	-1
473	473	-1
474	474	1
475	475	3
476	476	-1
477	477	-1
478	478	-3
479	479	-3
480	480	1
481	481	1
482	482	1
483	483	-1
484	484	-1
485	485	1
486	486	-1
487	487	1
488	488	-1
489	489	1
490	490	-3
491	491	1
492	492	1
493	493	1
494	494	-1
495	495	1
496	496	1
497	497	1
498	498	3
499	499	3
500	500	-1
501	501	-1
502	502	-1
503	503	-1
504	504	3
505	505	1
506	506	-1
507	507	-1
508	508	1
509	509	-1
510	510	1
511	511	3
512	512	-1
513	513	-2
514	514	-2
515	515	-2
516	516	2
517	517	2
518	518	-2
519	519	2
520	520	-2
521	521	2
522	522	-2
523	523	-2
524	524	-2
525	525	-2
526	526	-2
527	527	2
528	528	-2
529	529	2
530	530	2
531	531	2
532	532	-2
533	533	2
534	534	-2
535	535	2
536	536	-2
537	537	2
538	538	-2
539	539	-2
540	540	-2
541	541	-2
542	542	-2
543	543	-2
544	544	-2
545	545	-2
546	546	-2
547	547	2
548	548	-2
549	549	-2
550	550	-2
551	551	2
552	552	-2
553	553	-2
554	554	-2
555	555	2
556	556	-2
557	557	2
558	558	-2
559	559	2
560	560	-2
561	561	-2
562	562	-2
563	563	-2
564	564	2
565	565	-2
566	566	-2
567	567	-2
568	568	2
569	569	2
570	570	2
571	571	2
572	572	-2
573	573	2
574	574	-2
575	575	-2
576	576	2
577	577	2
578	578	-2
579	579	-2
580	580	2
581	581	-2
582	582	-2
583	583	-2
584	584	2
585	585	-2
586	586	-2
587	587	-2
588	588	-2
589	589	2
590	590	2
591	591	2
592	592	2
593	593	2
594	594	2
595	595	2
596	596	-2
597	597	-2
598	598	2
599	599	2
600	600	-2
601	601	2
602	602	-2
603	603	2
604	604	-2
605	605	-2
606	606	-2
607	607	-2
608	608	2
609	609	2
610	610	2
611	611	-2
612	612	2
613	613	2
614	614	-2
615	615	-2
616	616	-2
617	617	-2
618	618	2
619	619	2
620	620	-2
621	621	2
622	622	-2
623	623	-2
624	624	2
625	625	-2
626	626	-2
627	627	-2
628	628	2
629	629	-2
630	630	2
631	631	-2
632	632	-2
633	633	2
634	634	2
635	635	2
636	636	2
637	637	-2
638	638	2
639	639	-2
640	640	-2
641	641	2
642	642	-2
643	643	-2
644	644	2
645	645	-2
646	646	2
647	647	2
648	648	-2
649	649	-2
650	650	2
651	651	2
652	652	2
653	653	-2
654	654	-2
655	655	2
656	656	-2
657	657	2
658	658	2
659	659	2
660	660	-2
661	661	2
662	662	-2
663	663	-2
664	664	-2
665	665	-2
666	666	2
667	667	-2
668	668	-2
669	669	2
670	670	2
671	671	2
672	672	2
673	673	-2
674	674	2
675	675	2
676	676	-2
677	677	-2
678	678	-2
679	679	-2
680	680	2
681	681	-2
682	682	2
683	683	-2
684	684	2
685	685	2
686	686	-2
687	687	-2
688	688	-2
689	689	-2
690	690	2
691	691	-2
692	692	-2
693	693	2
694	694	2
695	695	2
696	696	2
697	697	2
698	698	2
699	699	-2
700	700	-2
701	701	2
702	702	-2
703	703	2
704	704	-2
705	705	-2
706	706	-2
707	707	-2
708	708	-2
709	709	2
710	710	-2
711	711	2
712	712	-2
713	713	-2
714	714	-2
715	715	-2
716	716	-2
717	717	-2
718	718	2
719	719	2
720	720	-2
721	721	2
722	722	2
723	723	-2
724	724	-2
725	725	2
726	726	2
727	727	2
728	728	2
729	729	-2
730	730	2
731	731	-2
732	732	-2
733	733	2
734	734	-2
735	735	2
736	736	2
737	737	-2
738	738	-2
739	739	2
740	740	2
741	741	-2
742	742	-2
743	743	2
744	744	2
745	745	-2
746	746	2
747	747	-2
748	748	2
749	749	2
750	750	-2
751	751	2
752	752	2
753	753	-2
754	754	-2
755	755	-2
756	756	2
757	757	2
758	758	2
759	759	-2
760	760	2
761	761	-2
762	762	2
763	763	2
764	764	-2
765	765	-2
766	766	-2
767	767	2
768	768	2
769	769	-2
770	770	2
771	771	-2
772	772	2
773	773	2
774	774	2
775	775	-2
776	776	2
777	777	-2
778	778	2
779	779	2
780	780	-2
781	781	-2
782	782	2
783	783	2
784	784	-2
785	785	2
786	786	-2
787	787	-2
788	788	-2
789	789	2
790	790	-2
791	791	-2
792	792	-2
793	793	-2
794	794	2
795	795	2
796	796	2
797	797	2
798	798	2
799	799	2
800	800	-2
801	801	-2
802	802	2
803	803	2
804	804	2
805	805	2
806	806	2
807	807	-2
808	808	-2
809	809	-2
810	810	2
811	811	-2
812	812	2
813	813	2
814	814	-2
815	815	-2
816	816	-2
817	817	-2
818	818	2
819	819	-2
820	820	2
821	821	2
822	822	-2
823	823	-2
824	824	-2
825	825	2
826	826	-2
827	827	2
828	828	-2
829	829	-2
830	830	-2
831	831	2
832	832	-2
833	833	-2
834	834	2
835	835	2
836	836	2
837	837	2
838	838	-2
839	839	2
840	840	2
841	841	-2
842	842	-2
843	843	2
844	844	2
845	845	-2
846	846	-2
847	847	-2
848	848	-2
849	849	-2
850	850	-2
851	851	2
852	852	2
853	853	2
854	854	2
855	855	-2
856	856	-2
857	857	2
858	858	2
859	859	2
860	860	2
861	861	2
862	862	2
863	863	-2
864	864	2
865	865	-2
866	866	-2
867	867	-2
868	868	-2
869	869	-2
870	870	2
871	871	-2
872	872	2
873	873	-2
874	874	2
875	875	-2
876	876	2
877	877	2
878	878	2
879	879	-2
880	880	2
881	881	-2
882	882	2
883	883	2
884	884	-2
885	885	2
886	886	2
887	887	2
888	888	2
889	889	-2
890	890	2
891	891	2
892	892	2
893	893	-2
894	894	-2
895	895	-2
896	896	-2
897	897	2
898	898	2
899	899	2
900	900	2
901	901	-2
902	902	-2
903	903	-2
904	904	2
905	905	-2
906	906	2
907	907	-2
908	908	-2
909	909	-2
910	910	2
911	911	-2
912	912	-2
913	913	-2
914	914	-2
915	915	2
916	916	2
917	917	-2
918	918	2
919	919	2
920	920	-2
921	921	-2
922	922	-2
923	923	-2
924	924	-2
925	925	2
926	926	-2
927	927	-2
928	928	-2
929	929	2
930	930	2
931	931	2
932	932	2
933	933	2
934	934	2
935	935	-2
936	936	2
937	937	2
938	938	2
939	939	-2
940	940	2
941	941	-2
942	942	2
943	943	2
944	944	-2
945	945	2
946	946	-2
947	947	2
948	948	-2
949	949	-2
950	950	-2
951	951	2
952	952	2
953	953	-2
954	954	-2
955	955	2
956	956	2
957	957	-2
958	958	2
959	959	2
960	960	-2
961	961	2
962	962	2
963	963	-2
964	964	-2
965	965	2
966	966	2
967	967	2
968	968	2
969	969	-2
970	970	2
971	971	2
972	972	2
973	973	2
974	974	-2
975	975	2
976	976	2
977	977	-2
978	978	2
979	979	2
980	980	-2
981	981	-2
982	982	-2
983	983	2
984	984	2
985	985	2
986	986	2
987	987	2
988	988	-2
989	989	2
990	990	-2
991	991	2
992	992	-2
993	993	2
994	994	-2
995	995	2
996	996	2
997	997	-2
998	998	2
999	999	2
1000	1000	-2
1001	1001	-2
1002	1002	-2
1003	1003	-2
1004	1004	2
1005	1005	2
1006	1006	2
1007	1007	-2
1008	1008	-2
1009	1009	2
1010	1010	2
1011	1011	-2
1012	1012	-2
1013	1013	2
1014	1014	-2
1015	1015	2
1016	1016	2
1017	1017	2
1018	1018	2
1019	1019	-2
1020	1020	2
1021	1021	-2
1022	1022	2
1023	1023	-2
1024	1024	2
1	69	1
1	98	1
1	382	1
1	402	1
1	411	1
1	424	1
1	657	-2
1	808	2
1	855	-2
2	134	1
2	179	1
2	189	1
2	378	1
2	482	1
2	501	1
2	528	-2
2	619	-2
2	707	-2
3	43	1
3	86	1
3	168	1
3	319	1
3	339	1
3	344	1
3	799	-2
3	956	-2
3	992	2
4	189	1
4	268	1
4	364	1
4	366	1
4	462	1
4	507	1
4	548	2
4	897	2
4	899	2
5	66	1
5	100	1
5	101	1
5	235	1
5	375	1
5	443	1
5	690	2
5	839	-2
5	1014	-2
6	23	1
6	50	1
6	316	1
6	379	1
6	438	1
6	492	1
6	691	-2
6	925	2
6	996	2
7	129	1
7	147	1
7	250	1
7	321	1
7	461	1
7	497	1
7	551	-2
7	565	-2
7	746	-2
8	171	1
8	310	1
8	316	1
8	332	1
8	358	1
8	410	1
8	577	-2
8	590	2
8	717	2
9	51	1
9	55	1
9	61	1
9	229	1
9	274	1
9	350	1
9	640	2
9	650	-2
9	791	2
10	125	1
10	135	1
10	136	1
10	147	1
10	290	1
10	446	1
10	704	2
10	968	2
10	984	-2
11	48	1
11	72	1
11	113	1
11	265	1
11	328	1
11	414	1
11	596	-2
11	788	-2
11	1012	-2
12	150	1
12	162	1
12	374	1
12	407	1
12	449	1
12	465	1
12	625	2
12	701	-2
12	826	-2
13	45	1
13	81	1
13	129	1
13	226	1
13	401	1
13	407	1
13	759	2
13	960	2
13	974	-2
14	56	1
14	130	1
14	162	1
14	166	1
14	268	1
14	367	1
14	638	2
14	842	2
14	843	-2
15	58	1
15	132	1
15	362	1
15	371	1
15	459	1
15	465	1
15	519	-2
15	568	-2
15	723	2
16	262	1
16	381	1
16	385	1
16	446	1
16	469	1
16	512	1
16	581	-2
16	662	2
16	1022	-2
17	155	1
17	254	1
17	394	1
17	433	1
17	473	1
17	495	1
17	689	-2
17	758	-2
17	796	2
18	37	1
18	72	1
18	135	1
18	333	1
18	343	1
18	418	1
18	547	2
18	589	2
18	958	-2
19	33	1
19	192	1
19	291	1
19	350	1
19	391	1
19	428	1
19	563	-2
19	564	2
19	749	2
20	201	1
20	257	1
20	281	1
20	293	1
20	308	1
20	460	1
20	557	-2
20	730	2
20	767	2
21	94	1
21	197	1
21	309	1
21	311	1
21	474	1
21	483	1
21	922	-2
21	1008	2
21	1024	-2
22	46	1
22	405	1
22	421	1
22	456	1
22	487	1
22	496	1
22	610	2
22	632	-2
22	709	2
23	118	2
23	327	1
23	342	1
23	492	1
23	673	2
23	726	-2
23	996	2
24	126	1
24	131	1
24	194	1
24	249	1
24	399	1
24	434	1
24	668	2
24	769	-2
24	830	-2
25	204	1
25	206	1
25	207	1
25	254	1
25	296	1
25	342	1
25	700	-2
25	718	-2
25	895	-2
26	164	1
26	365	1
26	386	1
26	408	1
26	465	1
26	484	1
26	536	-2
26	546	-2
26	755	2
27	99	1
27	127	1
27	145	1
27	329	1
27	351	1
27	488	1
27	579	2
27	763	2
27	972	2
28	202	1
28	206	1
28	222	1
28	238	1
28	365	1
28	436	1
28	866	-2
28	957	-2
28	986	2
29	165	1
29	182	1
29	240	1
29	283	1
29	324	1
29	373	1
29	555	-2
29	847	-2
29	919	-2
30	249	1
30	265	1
30	356	1
30	357	1
30	391	1
30	408	1
30	693	-2
30	732	-2
30	893	-2
31	122	1
31	234	1
31	270	1
31	322	1
31	339	1
31	390	1
31	549	-2
31	863	-2
31	882	-2
32	146	1
32	247	1
32	413	1
32	443	1
32	470	1
32	471	1
32	516	2
32	768	-2
32	848	2
33	73	1
33	85	1
33	225	1
33	391	1
33	484	1
33	628	2
33	749	2
33	948	2
34	106	1
34	208	1
34	351	1
34	401	1
34	413	1
34	429	1
34	618	-2
34	627	-2
34	660	-2
35	141	1
35	190	1
35	393	1
35	400	1
35	409	1
35	485	1
35	561	-2
35	588	-2
35	883	-2
36	94	1
36	224	1
36	239	1
36	310	1
36	435	1
36	494	1
36	605	2
36	777	2
36	1020	-2
37	236	1
37	264	1
37	365	1
37	373	1
37	418	1
37	711	-2
37	955	2
37	958	-2
38	79	1
38	170	1
38	223	1
38	345	1
38	416	1
38	501	1
38	635	-2
38	828	2
38	937	-2
39	67	1
39	77	1
39	248	1
39	329	1
39	430	1
39	491	1
39	600	-2
39	939	-2
39	945	-2
40	67	1
40	101	1
40	117	1
40	241	1
40	306	1
40	477	1
40	906	-2
40	942	-2
40	952	2
41	109	1
41	159	1
41	165	1
41	282	1
41	299	1
41	446	1
41	621	-2
41	993	2
41	995	-2
42	279	1
42	292	1
42	304	1
42	414	1
42	439	1
42	470	1
42	656	2
42	669	-2
42	875	-2
43	120	1
43	305	1
43	319	1
43	370	1
43	460	1
43	562	-2
43	684	2
43	799	-2
44	93	1
44	175	1
44	363	1
44	376	1
44	415	1
44	468	1
44	587	-2
44	812	2
44	825	-2
45	81	1
45	129	1
45	205	1
45	215	1
45	229	1
45	620	-2
45	776	2
45	960	2
46	80	1
46	163	1
46	223	1
46	336	1
46	496	1
46	597	2
46	632	-2
46	637	2
47	64	1
47	83	1
47	176	1
47	181	1
47	329	1
47	455	1
47	721	-2
47	789	2
47	980	-2
48	60	1
48	72	1
48	404	1
48	412	1
48	444	1
48	596	-2
48	666	2
48	965	-2
49	61	1
49	113	1
49	124	1
49	328	1
49	422	1
49	435	1
49	750	-2
49	779	2
49	874	-2
50	157	1
50	170	1
50	316	1
50	406	1
50	511	1
50	790	-2
50	854	2
50	925	2
51	200	1
51	201	1
51	274	1
51	275	1
51	340	1
51	771	2
51	791	2
51	864	2
52	80	1
52	167	1
52	248	1
52	280	1
52	372	1
52	396	1
52	515	-2
52	670	-2
52	781	-2
53	65	1
53	72	1
53	183	1
53	219	1
53	246	1
53	411	1
53	692	2
53	841	-2
53	975	2
54	80	1
54	121	1
54	156	1
54	299	1
54	348	1
54	402	1
54	615	-2
54	652	2
54	904	2
55	61	1
55	123	1
55	320	1
55	375	1
55	479	1
55	650	-2
55	737	-2
55	806	-2
56	101	1
56	110	1
56	130	1
56	211	1
56	510	1
56	843	-2
56	902	2
56	1000	-2
57	69	1
57	98	1
57	212	1
57	269	1
57	331	1
57	406	1
57	680	-2
57	775	2
57	1001	2
58	90	1
58	126	1
58	197	1
58	290	1
58	465	1
58	517	2
58	568	-2
58	686	-2
59	266	1
59	313	1
59	324	1
59	351	1
59	393	1
59	473	1
59	514	-2
59	612	2
59	949	2
60	107	1
60	108	1
60	444	1
60	456	1
60	483	1
60	965	-2
60	971	-2
60	990	-2
61	124	1
61	226	1
61	347	1
61	650	-2
61	757	2
61	779	2
62	177	1
62	180	1
62	208	1
62	242	1
62	378	1
62	380	1
62	539	-2
62	741	2
62	1015	-2
63	105	1
63	186	1
63	274	1
63	286	1
63	292	1
63	337	1
63	522	2
63	645	2
63	736	-2
64	329	1
64	343	1
64	425	1
64	426	1
64	483	1
64	677	-2
64	721	-2
64	917	-2
65	71	1
65	243	1
65	246	1
65	390	1
65	403	1
65	841	-2
65	905	2
65	927	2
66	109	1
66	272	1
66	285	1
66	375	1
66	440	1
66	592	-2
66	685	-2
66	1014	-2
67	292	1
67	357	1
67	477	1
67	491	1
67	600	-2
67	715	-2
67	952	2
68	77	1
68	138	1
68	218	1
68	280	1
68	331	1
68	507	1
68	634	-2
68	964	2
68	970	-2
69	139	1
69	210	1
69	382	1
69	406	1
69	657	-2
69	775	2
69	920	-2
70	81	1
70	95	1
70	164	1
70	172	1
70	245	1
70	469	1
70	743	-2
70	751	2
70	1019	-2
71	178	1
71	208	1
71	233	1
71	390	2
71	766	2
71	773	-2
71	927	2
72	135	1
72	183	1
72	589	2
72	596	-2
72	692	2
73	87	1
73	151	1
73	194	1
73	437	1
73	484	1
73	948	2
73	1006	-2
73	1010	-2
74	136	1
74	174	1
74	297	1
74	354	1
74	450	1
74	509	1
74	560	2
74	849	2
74	969	-2
75	112	1
75	152	1
75	288	1
75	301	1
75	304	1
75	440	1
75	604	-2
75	889	-2
75	982	-2
76	176	1
76	254	1
76	298	1
76	355	1
76	381	1
76	404	1
76	683	2
76	727	-2
76	887	-2
77	161	1
77	329	1
77	503	1
77	507	1
77	634	-2
77	892	2
77	939	-2
78	110	1
78	320	1
78	361	1
78	395	1
78	396	1
78	425	1
78	585	2
78	613	-2
78	1013	-2
79	223	1
79	240	1
79	401	1
79	413	1
79	428	1
79	556	2
79	828	2
79	973	2
80	156	1
80	163	1
80	280	1
80	515	-2
80	597	2
80	904	2
81	95	1
81	97	1
81	300	1
81	751	2
81	907	-2
81	960	2
82	146	1
82	152	1
82	185	1
82	235	1
82	256	1
82	260	1
82	586	2
82	816	2
82	862	-2
83	89	1
83	294	1
83	338	1
83	427	1
83	455	1
83	744	-2
83	872	2
83	980	-2
84	326	1
84	336	1
84	349	1
84	424	1
84	487	1
84	495	1
84	820	-2
84	858	-2
84	879	2
85	161	1
85	181	1
85	225	1
85	259	1
85	403	1
85	628	2
85	810	2
85	859	2
86	168	1
86	235	1
86	306	1
86	348	1
86	416	1
86	836	-2
86	956	-2
86	979	2
87	151	1
87	281	1
87	393	1
87	421	1
87	430	1
87	545	-2
87	946	2
87	1006	-2
88	136	1
88	232	1
88	257	1
88	277	1
88	402	1
88	404	1
88	641	-2
88	765	2
88	838	-2
89	139	1
89	185	1
89	262	1
89	338	1
89	485	1
89	543	2
89	744	-2
89	966	2
90	133	1
90	184	1
90	185	1
90	197	1
90	504	1
90	682	-2
90	686	-2
90	705	-2
91	269	1
91	391	1
91	453	1
91	466	1
91	467	1
91	480	1
91	571	-2
91	667	2
91	903	2
92	258	1
92	313	1
92	323	1
92	338	1
92	372	1
92	450	1
92	607	-2
92	822	-2
92	845	-2
93	227	1
93	256	1
93	325	1
93	468	1
93	499	1
93	812	2
93	824	-2
93	928	2
94	135	1
94	171	1
94	474	1
94	494	1
94	605	2
94	762	2
94	922	-2
95	160	1
95	378	1
95	385	1
95	459	1
95	708	2
95	751	2
95	1017	-2
96	124	1
96	193	1
96	199	1
96	353	1
96	467	1
96	476	1
96	520	2
96	804	2
96	856	-2
97	191	1
97	300	1
97	352	1
97	422	1
97	431	1
97	530	-2
97	800	2
97	907	-2
98	225	1
98	331	1
98	359	1
98	411	1
98	680	-2
98	855	-2
98	950	2
99	111	1
99	134	1
99	351	1
99	500	1
99	512	1
99	763	2
99	835	2
99	1003	2
100	124	1
100	186	1
100	299	1
100	314	1
100	443	1
100	748	-2
100	795	-2
100	839	-2
101	235	1
101	241	1
101	510	1
101	690	2
101	906	-2
101	1000	-2
102	146	1
102	193	1
102	376	1
102	400	1
102	459	1
102	462	1
102	794	2
102	901	-2
102	1007	2
103	272	1
103	286	1
103	332	1
103	418	1
103	476	1
103	502	1
103	761	-2
103	792	2
103	857	-2
104	216	1
104	332	1
104	341	1
104	400	1
104	437	1
104	489	1
104	541	-2
104	869	-2
104	935	2
105	112	1
105	267	1
105	292	1
105	293	1
105	496	1
105	525	-2
105	645	2
105	888	2
106	133	1
106	429	1
106	439	1
106	479	1
106	504	1
106	533	2
106	618	-2
106	665	2
107	127	1
107	241	1
107	394	1
107	456	1
107	458	1
107	623	-2
107	860	2
107	990	-2
108	140	1
108	201	1
108	213	1
108	253	1
108	483	1
108	861	2
108	881	-2
108	971	-2
109	263	1
109	272	1
109	330	1
109	446	1
109	621	-2
109	685	-2
109	953	-2
110	197	1
110	211	1
110	422	1
110	425	1
110	613	-2
110	811	2
110	902	2
111	134	1
111	230	1
111	237	1
111	366	1
111	463	1
111	835	2
111	877	2
111	916	-2
112	210	1
112	288	1
112	293	1
112	441	1
112	774	2
112	888	2
112	889	-2
113	265	1
113	278	1
113	279	1
113	328	1
113	719	2
113	788	-2
113	874	-2
114	144	1
114	184	1
114	274	1
114	281	1
114	282	1
114	403	1
114	573	-2
114	624	-2
114	985	-2
115	151	1
115	249	1
115	383	1
115	415	1
115	449	1
115	474	1
115	524	-2
115	756	-2
115	898	2
116	173	1
116	178	1
116	209	1
116	287	1
116	395	1
116	406	1
116	535	2
116	681	2
116	694	2
117	148	1
117	251	1
117	306	1
117	349	1
117	444	1
117	578	2
117	942	-2
117	967	-2
118	327	1
118	342	1
118	452	1
118	479	1
118	591	-2
118	673	2
118	726	-2
119	154	1
119	204	1
119	220	1
119	268	1
119	447	1
119	475	1
119	566	2
119	575	-2
119	813	2
120	284	1
120	360	1
120	370	1
120	489	1
120	502	1
120	653	-2
120	684	2
120	951	-2
121	147	1
121	159	1
121	279	1
121	299	1
121	449	1
121	652	2
121	894	-2
121	914	2
122	189	1
122	311	1
122	324	1
122	390	1
122	508	1
122	549	-2
122	594	-2
122	805	2
123	346	1
123	356	1
123	448	1
123	479	1
123	497	1
123	639	-2
123	806	-2
123	821	2
124	186	1
124	476	1
124	748	-2
124	779	2
124	856	-2
125	131	1
125	135	1
125	195	1
125	451	1
125	466	1
125	570	-2
125	646	-2
125	984	-2
126	188	1
126	217	1
126	290	1
126	434	1
126	517	2
126	769	-2
126	977	-2
127	145	1
127	241	1
127	330	1
127	398	1
127	579	2
127	780	2
127	860	2
128	192	1
128	394	1
128	432	1
128	481	1
128	493	1
128	505	1
128	687	2
128	871	2
128	1021	-2
129	147	1
129	205	1
129	401	1
129	746	-2
129	776	2
129	974	-2
130	137	1
130	246	1
130	289	1
130	430	1
130	644	-2
130	843	-2
130	1023	2
131	195	1
131	240	1
131	249	1
131	458	1
131	584	-2
131	646	-2
131	830	-2
132	337	1
132	340	1
132	362	1
132	435	1
132	488	1
132	519	-2
132	678	2
132	991	2
133	185	1
133	261	1
133	280	1
133	504	1
133	533	2
133	682	-2
133	962	-2
134	171	1
134	179	1
134	388	1
134	528	-2
134	752	-2
134	835	2
135	171	1
135	589	2
135	762	2
135	984	-2
136	257	1
136	290	1
136	297	1
136	704	2
136	765	2
136	969	-2
137	138	1
137	148	1
137	430	1
137	431	1
137	472	1
137	644	-2
137	671	-2
137	817	2
138	148	1
138	280	1
138	338	1
138	383	1
138	817	2
138	876	2
138	964	2
139	150	1
139	168	1
139	185	1
139	210	1
139	543	2
139	920	-2
139	987	-2
140	145	1
140	253	1
140	283	1
140	451	1
140	493	1
140	550	2
140	861	2
140	933	2
141	264	1
141	277	1
141	364	1
141	456	1
141	485	1
141	561	-2
141	697	-2
141	850	2
142	258	1
142	335	1
142	350	1
142	414	1
142	468	1
142	471	1
142	733	-2
142	793	-2
142	940	-2
143	177	1
143	230	1
143	244	1
143	245	1
143	291	1
143	504	1
143	651	2
143	729	-2
143	740	-2
144	239	1
144	274	1
144	356	1
144	364	1
144	471	1
144	624	-2
144	710	-2
144	999	-2
145	204	1
145	256	1
145	283	1
145	579	2
145	933	2
145	983	2
146	193	1
146	235	1
146	470	1
146	586	2
146	768	-2
146	794	2
147	159	1
147	446	1
147	746	-2
147	894	-2
147	968	2
148	198	1
148	226	1
148	349	1
148	554	-2
148	578	2
148	817	2
149	162	1
149	278	1
149	300	1
149	302	1
149	315	1
149	370	1
149	540	-2
149	924	-2
149	936	2
150	162	1
150	168	1
150	325	1
150	369	1
150	701	-2
150	823	2
150	987	-2
151	180	1
151	416	1
151	449	1
151	756	-2
151	994	-2
151	1006	-2
152	182	1
152	256	1
152	440	1
152	494	1
152	604	-2
152	609	2
152	816	2
153	183	1
153	187	1
153	194	1
153	301	1
153	405	1
153	419	1
153	542	-2
153	676	2
153	745	2
154	204	1
154	217	1
154	244	1
154	255	1
154	426	1
154	527	2
154	566	2
154	840	-2
155	233	1
155	298	1
155	387	1
155	473	1
155	485	1
155	758	-2
155	815	2
155	918	-2
156	198	1
156	220	1
156	237	1
156	326	1
156	529	-2
156	890	2
156	904	2
157	358	1
157	379	1
157	434	1
157	464	1
157	511	1
157	772	-2
157	854	2
157	978	-2
158	168	1
158	177	1
158	303	1
158	310	1
158	322	1
158	501	1
158	553	-2
158	712	-2
158	959	-2
159	287	1
159	299	1
159	363	1
159	894	-2
159	912	2
159	995	-2
160	176	1
160	257	1
160	276	1
160	295	1
160	459	1
160	630	2
160	913	2
160	1017	-2
161	181	1
161	273	1
161	322	1
161	503	1
161	742	2
161	810	2
161	892	2
162	166	1
162	302	1
162	701	-2
162	842	2
162	936	2
163	237	1
163	262	1
163	372	1
163	454	1
163	597	2
163	679	2
163	954	2
164	386	1
164	444	1
164	469	1
164	484	1
164	755	2
164	819	-2
164	1019	-2
165	240	1
165	243	1
165	282	1
165	335	1
165	919	-2
165	963	2
165	993	2
166	182	1
166	227	1
166	448	1
166	498	1
166	534	-2
166	735	-2
166	842	2
167	203	1
167	396	1
167	398	1
167	457	1
167	469	1
167	670	-2
167	696	2
167	722	2
168	303	1
168	956	-2
168	959	-2
168	987	-2
169	199	1
169	232	1
169	314	1
169	327	1
169	486	1
169	487	1
169	659	2
169	915	-2
169	998	-2
170	255	1
170	377	1
170	406	1
170	416	1
170	635	-2
170	688	-2
170	790	-2
171	332	1
171	388	1
171	717	2
171	752	-2
171	762	2
172	196	1
172	221	1
172	231	1
172	245	1
172	447	1
172	521	2
172	743	-2
172	988	2
173	287	1
173	354	1
173	397	1
173	436	1
173	441	1
173	661	-2
173	694	2
173	930	2
174	346	1
174	392	1
174	450	1
174	452	1
174	475	1
174	672	2
174	809	-2
174	849	2
175	339	1
175	346	1
175	363	1
175	383	1
175	454	1
175	587	-2
175	614	-2
175	674	-2
176	181	1
176	295	1
176	355	1
176	727	-2
176	789	2
176	913	2
177	180	1
177	230	1
177	322	1
177	553	-2
177	729	-2
177	1015	-2
178	233	1
178	302	1
178	395	1
178	461	1
178	617	-2
178	681	2
178	773	-2
179	234	1
179	259	1
179	420	1
179	509	1
179	528	-2
179	648	2
179	997	-2
180	267	1
180	416	1
180	496	1
180	616	2
180	994	-2
180	1015	-2
181	251	1
181	312	1
181	559	-2
181	789	2
181	810	2
182	373	1
182	448	1
182	494	1
182	555	-2
182	609	2
182	735	-2
183	405	1
183	417	1
183	490	1
183	692	2
183	698	-2
183	745	2
184	196	1
184	248	1
184	403	1
184	504	1
184	705	-2
184	784	2
184	985	-2
185	260	1
185	543	2
185	682	-2
185	862	-2
186	274	1
186	321	1
186	374	1
186	713	2
186	736	-2
186	748	-2
187	194	1
187	245	1
187	289	1
187	399	1
187	445	1
187	676	2
187	764	2
187	878	-2
188	217	1
188	242	1
188	255	1
188	369	1
188	439	1
188	908	-2
188	943	-2
188	977	-2
189	462	1
189	501	1
189	508	1
189	594	-2
189	619	-2
189	897	2
190	291	1
190	305	1
190	359	1
190	393	1
190	500	1
190	601	-2
190	626	-2
190	883	-2
191	212	1
191	371	1
191	380	1
191	422	1
191	424	1
191	800	2
191	867	-2
191	932	-2
192	296	1
192	325	1
192	428	1
192	481	1
192	563	-2
192	852	2
192	871	2
193	371	1
193	420	1
193	467	1
193	520	2
193	642	2
193	794	2
194	399	1
194	437	1
194	668	2
194	676	2
194	1010	-2
195	250	1
195	331	1
195	336	1
195	412	1
195	646	-2
195	695	2
195	753	2
196	248	1
196	447	1
196	484	1
196	505	1
196	521	2
196	699	-2
196	784	2
197	311	1
197	422	1
197	686	-2
197	811	2
197	1008	2
198	214	1
198	220	1
198	226	1
198	454	1
198	529	-2
198	554	-2
198	782	-2
199	232	1
199	271	1
199	353	1
199	510	1
199	797	-2
199	804	2
199	998	-2
200	201	1
200	283	1
200	311	1
200	411	1
200	494	1
200	778	-2
200	864	2
200	910	-2
201	213	1
201	460	1
201	557	-2
201	864	2
201	881	-2
202	418	1
202	436	1
202	476	1
202	477	1
202	492	1
202	851	-2
202	866	-2
202	1004	-2
203	209	1
203	296	1
203	392	1
203	466	1
203	469	1
203	722	2
203	834	2
203	880	-2
204	207	1
204	256	1
204	566	2
204	718	-2
204	983	2
205	244	1
205	287	1
205	348	1
205	475	1
205	725	-2
205	776	2
205	921	-2
206	222	1
206	236	1
206	254	1
206	423	1
206	700	-2
206	706	-2
206	957	-2
207	213	1
207	265	1
207	368	1
207	377	1
207	598	-2
207	718	-2
207	947	-2
208	380	1
208	390	1
208	401	1
208	627	-2
208	741	2
208	766	2
209	380	1
209	406	1
209	466	1
209	480	1
209	535	2
209	834	2
209	846	-2
210	303	1
210	360	1
210	441	1
210	774	2
210	909	2
210	920	-2
211	253	1
211	306	1
211	453	1
211	506	1
211	552	-2
211	658	2
211	902	2
212	269	1
212	305	1
212	368	1
212	380	1
212	537	-2
212	932	-2
212	1001	2
213	270	1
213	368	1
213	426	1
213	870	-2
213	881	-2
213	947	-2
214	347	1
214	454	1
214	478	1
214	482	1
214	489	1
214	654	-2
214	782	-2
214	896	2
215	229	1
215	232	1
215	282	1
215	301	1
215	327	1
215	620	-2
215	633	-2
215	944	-2
216	218	1
216	314	1
216	343	1
216	400	1
216	473	1
216	523	2
216	541	-2
216	593	-2
217	255	1
217	258	1
217	447	1
217	527	2
217	770	2
217	977	-2
218	331	1
218	448	1
218	473	1
218	499	1
218	523	2
218	703	2
218	970	-2
219	277	1
219	374	1
219	411	1
219	432	1
219	450	1
219	580	2
219	833	-2
219	975	2
220	304	1
220	447	1
220	492	1
220	529	-2
220	572	-2
220	813	2
221	231	1
221	309	1
221	432	1
221	455	1
221	478	1
221	526	-2
221	724	2
221	988	2
222	315	1
222	318	1
222	379	1
222	385	1
222	785	2
222	818	2
222	957	-2
223	273	1
223	336	1
223	382	1
223	637	2
223	803	-2
223	828	2
224	410	1
224	435	1
224	442	1
224	474	1
224	507	1
224	611	2
224	853	-2
224	1020	-2
225	359	1
225	360	1
225	420	1
225	628	2
225	807	-2
225	950	2
226	347	1
226	407	1
226	554	-2
226	757	2
226	759	2
227	230	1
227	433	1
227	498	1
227	499	1
227	534	-2
227	602	-2
227	824	-2
228	238	1
228	285	1
228	307	1
228	355	1
228	387	1
228	412	1
228	531	2
228	574	-2
228	728	2
229	321	1
229	350	1
229	505	1
229	620	-2
229	640	2
229	787	-2
230	433	1
230	463	1
230	602	-2
230	729	-2
230	916	-2
231	247	1
231	252	1
231	349	1
231	452	1
231	831	-2
231	900	-2
231	988	2
232	277	1
232	282	1
232	633	-2
232	838	-2
232	998	-2
233	252	1
233	289	1
233	485	1
233	702	-2
233	773	-2
233	918	-2
234	322	1
234	363	1
234	420	1
234	463	1
234	648	2
234	760	2
234	863	-2
235	348	1
235	586	2
235	690	2
235	836	-2
236	365	1
236	419	1
236	423	1
236	512	1
236	706	-2
236	814	2
236	955	2
237	326	1
237	366	1
237	454	1
237	877	2
237	890	2
237	954	2
238	271	1
238	285	1
238	365	1
238	375	1
238	531	2
238	827	2
238	986	2
239	253	1
239	286	1
239	310	1
239	471	1
239	710	-2
239	777	2
239	786	-2
240	401	1
240	458	1
240	584	-2
240	919	-2
240	973	2
241	358	1
241	384	1
241	738	2
241	860	2
241	906	-2
242	255	1
242	345	1
242	378	1
242	488	1
242	539	-2
242	943	-2
242	981	2
243	297	1
243	335	1
243	389	1
243	403	1
243	558	2
243	905	2
243	963	2
244	291	1
244	348	1
244	426	1
244	725	-2
244	740	-2
244	840	-2
245	289	1
245	504	1
245	651	2
245	743	-2
245	878	-2
246	289	1
246	318	1
246	461	1
246	595	-2
246	841	-2
246	1023	2
247	269	1
247	349	1
247	413	1
247	428	1
247	516	2
247	900	-2
247	989	2
248	372	1
248	430	1
248	781	-2
248	784	2
248	945	-2
249	408	1
249	474	1
249	830	-2
249	893	-2
249	898	2
250	263	1
250	321	1
250	336	1
250	397	1
250	565	-2
250	622	-2
250	753	2
251	312	1
251	347	1
251	444	1
251	497	1
251	559	-2
251	837	2
251	967	-2
252	289	1
252	419	1
252	452	1
252	502	1
252	702	-2
252	831	-2
252	885	2
253	286	1
253	453	1
253	658	2
253	786	-2
253	861	2
254	404	1
254	433	1
254	683	2
254	689	-2
254	700	-2
255	377	1
255	527	2
255	688	-2
255	943	-2
256	325	1
256	816	2
256	928	2
256	983	2
257	276	1
257	293	1
257	630	2
257	730	2
257	765	2
258	350	1
258	447	1
258	450	1
258	733	-2
258	770	2
258	845	-2
259	367	1
259	403	1
259	458	1
259	509	1
259	739	-2
259	859	2
259	997	-2
260	303	1
260	333	1
260	381	1
260	491	1
260	783	2
260	862	-2
260	1005	-2
261	280	1
261	284	1
261	408	1
261	410	1
261	498	1
261	513	-2
261	884	-2
261	962	-2
262	372	1
262	385	1
262	485	1
262	662	2
262	679	2
262	966	2
263	302	1
263	330	1
263	362	1
263	397	1
263	622	-2
263	926	2
263	953	-2
264	373	1
264	456	1
264	468	1
264	511	1
264	643	-2
264	697	-2
264	711	-2
265	357	1
265	377	1
265	598	-2
265	732	-2
265	788	-2
266	295	1
266	324	1
266	345	1
266	355	1
266	453	1
266	514	-2
266	599	-2
266	873	2
267	352	1
267	442	1
267	496	2
267	525	-2
267	616	2
267	631	2
268	364	1
268	367	1
268	475	1
268	548	2
268	575	-2
268	638	2
269	428	1
269	453	1
269	903	2
269	989	2
269	1001	2
270	339	1
270	425	1
270	426	1
270	443	1
270	870	-2
270	882	-2
270	929	2
271	288	1
271	326	1
271	375	1
271	510	1
271	576	2
271	797	-2
271	827	2
272	396	1
272	491	1
272	502	1
272	685	-2
272	792	2
272	832	-2
273	322	1
273	341	1
273	382	1
273	481	1
273	742	2
273	803	-2
273	1018	2
274	624	-2
274	736	-2
274	791	2
275	312	1
275	333	1
275	340	2
275	480	1
275	771	2
275	829	-2
275	1011	-2
276	278	1
276	342	1
276	405	1
276	409	1
276	630	2
276	886	-2
276	911	-2
277	364	1
277	450	1
277	833	-2
277	838	-2
277	850	2
278	279	1
278	370	1
278	409	1
278	719	2
278	911	-2
278	924	-2
279	414	1
279	449	1
279	669	-2
279	719	2
279	914	2
280	515	-2
280	962	-2
280	964	2
281	282	1
281	308	1
281	430	1
281	545	-2
281	573	-2
281	767	2
282	573	-2
282	633	-2
282	993	2
283	311	1
283	324	1
283	847	-2
283	910	-2
283	933	2
284	294	1
284	376	1
284	410	1
284	489	1
284	653	-2
284	865	2
284	884	-2
285	328	1
285	353	1
285	440	1
285	531	2
285	583	2
285	592	-2
286	332	1
286	337	1
286	522	2
286	761	-2
286	786	-2
287	363	1
287	475	1
287	694	2
287	912	2
287	921	-2
288	297	1
288	326	1
288	359	1
288	576	2
288	889	-2
288	941	2
289	702	-2
289	878	-2
289	1023	2
290	472	1
290	477	1
290	517	2
290	704	2
290	734	2
291	305	1
291	350	1
291	564	2
291	626	-2
291	740	-2
292	357	1
292	470	1
292	645	2
292	656	2
292	715	-2
293	298	1
293	508	1
293	664	-2
293	730	2
293	888	2
294	373	1
294	376	1
294	427	1
294	437	1
294	865	2
294	872	2
294	1016	-2
295	441	1
295	453	1
295	478	1
295	518	2
295	599	-2
295	913	2
296	325	1
296	342	1
296	392	1
296	852	2
296	880	-2
296	895	-2
297	359	1
297	389	1
297	558	2
297	941	2
297	969	-2
298	381	1
298	387	1
298	508	1
298	664	-2
298	815	2
298	887	-2
299	314	1
299	652	2
299	795	-2
299	995	-2
300	308	1
300	315	1
300	427	1
300	540	-2
300	907	-2
300	931	-2
301	304	1
301	327	1
301	419	1
301	542	-2
301	944	-2
301	982	-2
302	362	1
302	461	1
302	617	-2
302	926	2
302	936	2
303	333	1
303	360	1
303	783	2
303	909	2
303	959	-2
304	439	1
304	492	1
304	572	-2
304	875	-2
304	982	-2
305	368	1
305	460	1
305	537	-2
305	562	-2
305	626	-2
306	416	1
306	506	1
306	552	-2
306	942	-2
306	979	2
307	337	1
307	352	1
307	361	1
307	388	1
307	412	1
307	574	-2
307	891	2
307	923	-2
308	415	1
308	427	1
308	467	1
308	538	-2
308	767	2
308	931	-2
309	317	1
309	470	1
309	478	1
309	483	1
309	716	2
309	724	2
309	1024	-2
310	316	1
310	501	1
310	590	2
310	712	-2
310	777	2
311	324	1
311	805	2
311	910	-2
311	1008	2
312	334	1
312	409	1
312	480	1
312	559	-2
312	603	2
312	1011	-2
313	323	1
313	341	1
313	351	1
313	368	1
313	822	-2
313	868	2
313	949	2
314	343	1
314	486	1
314	593	-2
314	795	-2
314	915	-2
315	318	1
315	462	1
315	508	1
315	540	-2
315	731	-2
315	818	2
316	438	1
316	486	1
316	590	2
316	925	2
316	938	2
317	318	1
317	334	1
317	377	1
317	429	1
317	470	1
317	716	2
317	844	2
317	934	-2
318	377	1
318	461	1
318	595	-2
318	818	2
318	934	-2
319	388	1
319	417	1
319	431	1
319	511	1
319	532	-2
319	799	-2
319	961	2
320	361	1
320	375	1
320	464	1
320	486	1
320	737	-2
320	798	-2
320	1013	-2
321	374	1
321	505	1
321	565	-2
321	713	2
321	787	-2
322	553	-2
322	742	2
322	863	-2
323	423	1
323	427	1
323	490	1
323	506	1
323	544	-2
323	649	2
323	822	-2
324	514	-2
324	805	2
324	847	-2
325	369	1
325	823	2
325	852	2
325	928	2
326	495	1
326	576	2
326	879	2
326	890	2
327	487	1
327	659	2
327	673	2
327	944	-2
328	353	1
328	414	1
328	583	2
328	874	-2
328	1012	-2
329	488	1
329	721	-2
329	939	-2
329	972	2
330	398	1
330	442	1
330	509	1
330	780	2
330	953	-2
330	976	-2
331	412	1
331	680	-2
331	695	2
331	970	-2
332	437	1
332	717	2
332	761	-2
332	869	-2
333	340	1
333	343	1
333	547	2
333	783	2
333	829	-2
334	409	1
334	429	1
334	445	1
334	481	1
334	603	2
334	844	2
334	1009	2
335	445	1
335	468	1
335	499	1
335	569	2
335	940	-2
335	963	2
336	424	1
336	637	2
336	753	2
336	820	-2
337	388	1
337	488	1
337	522	2
337	678	2
337	923	-2
338	372	1
338	383	1
338	607	-2
338	744	-2
338	876	2
339	344	1
339	383	1
339	674	-2
339	882	-2
339	992	2
340	435	1
340	771	2
340	829	-2
340	991	2
341	368	1
341	481	1
341	489	1
341	868	2
341	935	2
341	1018	2
342	405	1
342	726	-2
342	886	-2
342	895	-2
343	483	1
343	547	2
343	593	-2
343	917	-2
344	369	1
344	398	1
344	457	1
344	493	1
344	663	2
344	720	-2
344	992	2
345	355	1
345	488	1
345	501	1
345	873	2
345	937	-2
345	981	2
346	452	1
346	454	1
346	497	1
346	614	-2
346	639	-2
346	672	2
347	489	1
347	497	1
347	654	-2
347	757	2
347	837	2
348	402	1
348	615	-2
348	725	-2
348	836	-2
349	487	1
349	578	2
349	858	-2
349	900	-2
350	564	2
350	640	2
350	733	-2
351	413	1
351	660	-2
351	763	2
351	949	2
352	361	1
352	431	1
352	442	1
352	530	-2
352	631	2
352	891	2
353	392	1
353	500	1
353	583	2
353	714	-2
353	804	2
354	382	1
354	441	1
354	451	1
354	509	1
354	560	2
354	567	2
354	930	2
355	387	1
355	727	-2
355	728	2
355	873	2
356	364	1
356	391	1
356	448	1
356	693	-2
356	821	2
356	999	-2
357	429	1
357	438	1
357	675	2
357	715	-2
357	732	-2
358	379	1
358	384	1
358	410	1
358	577	-2
358	738	2
358	978	-2
359	500	1
359	601	-2
359	941	2
359	950	2
360	420	1
360	502	1
360	807	-2
360	909	2
360	951	-2
361	460	1
361	498	1
361	891	2
361	1002	-2
361	1013	-2
362	397	1
362	510	1
362	519	-2
362	802	2
362	926	2
363	463	1
363	587	-2
363	760	2
363	912	2
364	548	2
364	850	2
364	999	-2
365	386	1
365	546	-2
365	955	2
365	986	2
366	384	1
366	421	1
366	507	1
366	608	2
366	877	2
366	899	2
367	417	1
367	440	1
367	458	1
367	638	2
367	739	-2
367	801	-2
368	537	-2
368	868	2
368	947	-2
369	439	1
369	457	1
369	663	2
369	823	2
369	908	-2
370	464	1
370	503	1
370	629	2
370	684	2
370	924	-2
371	420	1
371	424	1
371	459	1
371	642	2
371	723	2
371	867	-2
372	607	-2
372	679	2
372	781	-2
373	437	1
373	555	-2
373	711	-2
373	1016	-2
374	432	1
374	465	1
374	580	2
374	713	2
374	826	-2
375	737	-2
375	827	2
375	1014	-2
376	400	1
376	415	1
376	825	-2
376	865	2
376	1007	2
377	598	-2
377	688	-2
377	934	-2
378	385	1
378	482	1
378	539	-2
378	707	-2
378	708	2
379	385	1
379	438	1
379	691	-2
379	785	2
379	978	-2
380	480	1
380	741	2
380	846	-2
380	932	-2
381	446	1
381	491	1
381	887	-2
381	1005	-2
381	1022	-2
382	451	1
382	567	2
382	657	-2
382	803	-2
383	415	1
383	524	-2
383	674	-2
383	876	2
384	395	1
384	421	1
384	482	1
384	608	2
384	738	2
384	747	-2
385	662	2
385	708	2
385	785	2
386	387	1
386	423	1
386	444	1
386	546	-2
386	655	2
386	819	-2
387	423	1
387	655	2
387	728	2
387	815	2
388	417	1
388	752	-2
388	923	-2
388	961	2
389	433	1
389	436	1
389	490	1
389	506	1
389	558	2
389	582	2
389	636	-2
390	549	-2
390	766	2
390	927	2
391	467	1
391	667	2
391	693	-2
391	749	2
392	475	1
392	500	1
392	714	-2
392	809	-2
392	880	-2
393	421	1
393	473	1
393	612	2
393	883	-2
393	946	2
394	458	1
394	495	1
394	505	1
394	623	-2
394	687	2
394	796	2
395	396	1
395	482	1
395	585	2
395	681	2
395	747	-2
396	491	1
396	585	2
396	670	-2
396	832	-2
397	436	1
397	510	1
397	622	-2
397	661	-2
397	802	2
398	457	1
398	493	1
398	696	2
398	720	-2
398	780	2
399	445	1
399	463	1
399	472	1
399	668	2
399	754	-2
399	764	2
400	409	1
400	541	-2
400	588	-2
400	1007	2
401	627	-2
401	973	2
401	974	-2
402	404	1
402	424	1
402	615	-2
402	641	-2
402	808	2
403	859	2
403	905	2
403	985	-2
404	412	1
404	641	-2
404	666	2
404	683	2
405	487	1
405	709	2
405	745	2
405	886	-2
406	535	2
406	775	2
406	790	-2
407	434	1
407	449	1
407	495	1
407	625	2
407	647	2
407	759	2
408	465	1
408	498	1
408	513	-2
408	536	-2
408	893	-2
409	588	-2
409	603	2
409	911	-2
410	507	1
410	577	-2
410	853	-2
410	884	-2
411	494	1
411	778	-2
411	855	-2
411	975	2
412	574	-2
412	666	2
412	695	2
413	428	1
413	516	2
413	556	2
413	660	-2
414	471	1
414	669	-2
414	793	-2
414	1012	-2
415	467	1
415	524	-2
415	538	-2
415	825	-2
416	635	-2
416	979	2
416	994	-2
417	440	1
417	490	1
417	698	-2
417	801	-2
417	961	2
418	476	1
418	477	1
418	857	-2
418	958	-2
418	1004	-2
419	502	1
419	512	1
419	542	-2
419	814	2
419	885	2
420	642	2
420	648	2
420	807	-2
421	456	1
421	608	2
421	610	2
421	946	2
422	435	1
422	750	-2
422	800	2
422	811	2
423	427	1
423	544	-2
423	655	2
423	706	-2
424	808	2
424	820	-2
424	867	-2
425	426	1
425	443	1
425	613	-2
425	677	-2
425	929	2
426	677	-2
426	840	-2
426	870	-2
427	544	-2
427	872	2
427	931	-2
428	556	2
428	563	-2
428	989	2
429	438	1
429	618	-2
429	675	2
429	844	2
430	545	-2
430	644	-2
430	945	-2
431	472	1
431	511	1
431	530	-2
431	532	-2
431	671	-2
432	455	1
432	493	1
432	526	-2
432	580	2
432	1021	-2
433	436	1
433	582	2
433	602	-2
433	689	-2
434	464	1
434	495	1
434	647	2
434	769	-2
434	772	-2
435	750	-2
435	991	2
435	1020	-2
436	582	2
436	661	-2
436	866	-2
437	869	-2
437	1010	-2
437	1016	-2
438	486	1
438	675	2
438	691	-2
438	938	2
439	479	1
439	665	2
439	875	-2
439	908	-2
440	592	-2
440	604	-2
440	801	-2
441	478	1
441	518	2
441	774	2
441	930	2
442	474	1
442	509	1
442	611	2
442	631	2
442	976	-2
443	471	1
443	839	-2
443	848	2
443	929	2
444	819	-2
444	965	-2
444	967	-2
445	481	1
445	499	1
445	569	2
445	764	2
445	1009	2
446	621	-2
446	968	2
446	1022	-2
447	521	2
447	770	2
447	813	2
448	499	1
448	703	2
448	735	-2
448	821	2
449	625	2
449	756	-2
449	914	2
450	833	-2
450	845	-2
450	849	2
451	466	1
451	493	1
451	550	2
451	567	2
451	570	-2
452	479	1
452	591	-2
452	672	2
452	831	-2
453	599	-2
453	658	2
453	903	2
454	614	-2
454	782	-2
454	954	2
455	457	1
455	503	1
455	526	-2
455	606	2
455	980	-2
456	610	2
456	697	-2
456	990	-2
457	503	1
457	606	2
457	663	2
457	696	2
458	584	-2
458	623	-2
458	739	-2
459	462	1
459	723	2
459	901	-2
459	1017	-2
460	498	1
460	557	-2
460	562	-2
460	1002	-2
461	497	1
461	551	-2
461	595	-2
461	617	-2
462	508	1
462	731	-2
462	897	2
462	901	-2
463	472	1
463	754	-2
463	760	2
463	916	-2
464	486	1
464	503	1
464	629	2
464	772	-2
464	798	-2
465	536	-2
465	568	-2
465	826	-2
466	480	1
466	570	-2
466	571	-2
466	834	2
467	520	2
467	538	-2
467	667	2
468	511	1
468	643	-2
468	812	2
468	940	-2
469	512	1
469	581	-2
469	722	2
469	1019	-2
470	656	2
470	716	2
470	768	-2
471	710	-2
471	793	-2
471	848	2
472	477	1
472	671	-2
472	734	2
472	754	-2
473	523	2
473	612	2
473	758	-2
474	611	2
474	898	2
474	922	-2
475	575	-2
475	809	-2
475	921	-2
476	492	1
476	851	-2
476	856	-2
476	857	-2
477	734	2
477	952	2
477	1004	-2
478	482	1
478	518	2
478	724	2
478	896	2
479	591	-2
479	665	2
479	806	-2
480	571	-2
480	846	-2
480	1011	-2
481	871	2
481	1009	2
481	1018	2
482	707	-2
482	747	-2
482	896	2
483	917	-2
483	971	-2
483	1024	-2
484	505	1
484	699	-2
484	755	2
484	948	2
485	561	-2
485	918	-2
485	966	2
486	798	-2
486	915	-2
486	938	2
487	659	2
487	709	2
487	858	-2
488	678	2
488	972	2
488	981	2
489	653	-2
489	654	-2
489	935	2
490	506	2
490	636	-2
490	649	2
490	698	-2
491	600	-2
491	832	-2
491	1005	-2
492	572	-2
492	851	-2
492	996	2
493	550	2
493	720	-2
493	1021	-2
494	605	2
494	609	2
494	778	-2
495	647	2
495	796	2
495	879	2
496	525	-2
496	616	2
496	632	-2
497	551	-2
497	639	-2
497	837	2
498	513	-2
498	534	-2
498	1002	-2
499	569	2
499	703	2
499	824	-2
500	512	1
500	601	-2
500	714	-2
500	1003	2
501	619	-2
501	712	-2
501	937	-2
502	792	2
502	885	2
502	951	-2
503	606	2
503	629	2
503	892	2
504	533	2
504	651	2
504	705	-2
505	687	2
505	699	-2
505	787	-2
506	552	-2
506	636	-2
506	649	2
507	634	-2
507	853	-2
507	899	2
508	594	-2
508	664	-2
508	731	-2
509	560	2
509	976	-2
509	997	-2
510	797	-2
510	802	2
510	1000	-2
511	532	-2
511	643	-2
511	854	2
512	581	-2
512	814	2
512	1003	2
