1	1	-1
2	2	3
3	3	-1
4	4	1
5	5	-3
6	6	-1
7	7	3
8	8	-1
9	9	-1
10	10	3
11	11	1
12	12	-1
13	13	-1
14	14	3
15	15	-1
16	16	-1
17	17	1
18	18	-3
19	19	1
20	20	-1
21	21	-3
22	22	1
23	23	1
24	24	-1
25	25	1
26	26	-1
27	27	1
28	28	1
29	29	1
30	30	-1
31	31	1
32	32	1
33	33	1
34	34	1
35	35	-1
36	36	-1
37	37	-1
38	38	-3
39	39	3
40	40	3
41	41	-3
42	42	1
43	43	1
44	44	1
45	45	1
46	46	-3
47	47	1
48	48	-1
49	49	-3
50	50	-3
51	51	3
52	52	1
53	53	-3
54	54	1
55	55	1
56	56	-1
57	57	1
58	58	-1
59	59	-1
60	60	1
61	61	-1
62	62	1
63	63	-1
64	64	-1
65	65	-1
66	66	-1
67	67	-1
68	68	-1
69	69	-1
70	70	1
71	71	1
72	72	-3
73	73	-3
74	74	1
75	75	1
76	76	-3
77	77	-1
78	78	3
79	79	1
80	80	-3
81	81	1
82	82	1
83	83	-3
84	84	-1
85	85	1
86	86	1
87	87	-3
88	88	-1
89	89	1
90	90	-1
91	91	-1
92	92	-1
93	93	3
94	94	-3
95	95	1
96	96	1
97	97	3
98	98	1
99	99	-1
100	100	-1
101	101	-1
102	102	-1
103	103	-1
104	104	1
105	105	2
106	106	2
107	107	2
108	108	2
109	109	2
110	110	-2
111	111	2
112	112	-2
113	113	-2
114	114	-2
115	115	-2
116	116	2
117	117	2
118	118	2
119	119	-2
120	120	2
121	121	2
122	122	2
123	123	2
124	124	2
125	125	2
126	126	2
127	127	-2
128	128	-2
129	129	-2
130	130	2
131	131	-2
132	132	-2
133	133	-2
134	134	-2
135	135	-2
136	136	2
137	137	-2
138	138	2
139	139	-2
140	140	-2
141	141	2
142	142	-2
143	143	-2
144	144	2
145	145	2
146	146	-2
147	147	-2
148	148	2
149	149	-2
150	150	2
151	151	2
152	152	-2
153	153	-2
154	154	-2
155	155	2
156	156	-2
157	157	2
158	158	2
159	159	-2
160	160	2
161	161	-2
162	162	-2
163	163	-2
164	164	-2
165	165	-2
166	166	-2
167	167	-2
168	168	2
169	169	2
170	170	-2
171	171	2
172	172	-2
173	173	-2
174	174	-2
175	175	2
176	176	-2
177	177	-2
178	178	2
179	179	2
180	180	2
181	181	-2
182	182	2
183	183	-2
184	184	2
185	185	2
186	186	-2
187	187	-2
188	188	-2
189	189	2
190	190	-2
191	191	2
192	192	-2
193	193	2
194	194	-2
195	195	2
196	196	-2
197	197	-2
198	198	2
199	199	2
200	200	2
201	201	2
202	202	-2
203	203	-2
204	204	2
205	205	-2
206	206	2
207	207	-2
208	208	2
1	11	1
1	38	1
1	40	1
1	46	1
1	76	1
1	78	1
1	120	2
1	149	2
1	207	2
2	17	1
2	33	1
2	61	1
2	67	1
2	81	1
2	89	1
2	132	-2
2	185	2
2	198	2
3	20	1
3	37	1
3	42	1
3	43	1
3	82	1
3	100	1
3	106	-2
3	118	-2
3	145	2
4	12	1
4	26	1
4	29	1
4	36	1
4	77	1
4	92	1
4	121	2
4	177	-2
4	181	2
5	13	1
5	16	1
5	49	1
5	59	1
5	84	1
5	100	1
5	152	2
5	153	2
5	172	2
6	22	1
6	66	1
6	73	1
6	90	1
6	92	1
6	97	1
6	108	2
6	184	-2
6	197	2
7	25	1
7	40	1
7	45	1
7	51	1
7	97	1
7	104	1
7	107	2
7	201	2
7	203	-2
8	27	1
8	44	1
8	67	1
8	76	1
8	86	1
8	98	1
8	126	-2
8	141	-2
8	163	-2
9	18	1
9	36	1
9	41	1
9	58	1
9	64	1
9	81	1
9	117	-2
9	122	-2
9	138	2
10	14	1
10	19	1
10	44	1
10	55	1
10	59	1
10	69	1
10	144	2
10	148	2
10	160	2
11	37	1
11	38	1
11	52	1
11	68	1
11	85	1
11	111	2
11	133	-2
11	149	2
12	18	1
12	35	1
12	77	2
12	81	1
12	130	-2
12	177	-2
12	199	-2
13	16	1
13	50	1
13	55	1
13	64	1
13	84	1
13	131	-2
13	153	2
13	192	2
14	45	1
14	54	1
14	69	1
14	70	1
14	88	1
14	128	-2
14	150	2
14	160	2
15	23	1
15	47	1
15	67	1
15	72	1
15	94	1
15	100	1
15	146	2
15	158	2
15	200	-2
16	30	1
16	36	1
16	53	1
16	93	1
16	143	-2
16	153	2
16	176	2
17	21	1
17	67	1
17	92	1
17	97	1
17	104	1
17	115	-2
17	134	2
17	185	2
18	20	1
18	36	1
18	68	1
18	77	1
18	122	-2
18	171	-2
18	199	-2
19	24	1
19	42	1
19	59	1
19	75	1
19	78	1
19	136	2
19	148	2
19	186	2
20	37	1
20	51	1
20	68	1
20	101	1
20	118	-2
20	135	-2
20	171	-2
21	58	1
21	68	1
21	69	1
21	85	1
21	92	1
21	134	2
21	204	-2
21	208	-2
22	32	1
22	84	1
22	90	2
22	99	1
22	113	-2
22	154	-2
22	184	-2
23	41	1
23	54	1
23	86	1
23	87	1
23	100	1
23	158	2
23	188	2
23	205	-2
24	28	1
24	42	1
24	50	1
24	74	1
24	96	1
24	175	2
24	186	2
24	191	-2
25	30	1
25	31	1
25	66	1
25	88	1
25	104	1
25	107	2
25	116	-2
25	127	-2
26	36	1
26	38	1
26	52	1
26	56	1
26	65	1
26	139	2
26	161	-2
26	181	2
27	44	1
27	69	1
27	71	1
27	82	1
27	91	1
27	163	-2
27	189	2
27	202	2
28	39	1
28	50	1
28	74	1
28	96	1
28	102	1
28	112	-2
28	191	-2
28	193	2
29	40	1
29	63	1
29	65	1
29	75	1
29	92	1
29	119	-2
29	121	2
29	174	2
30	31	1
30	38	1
30	53	1
30	61	1
30	127	-2
30	165	2
30	176	2
31	43	1
31	75	1
31	77	1
31	102	1
31	125	2
31	127	-2
31	179	-2
32	34	1
32	37	1
32	42	1
32	90	1
32	95	1
32	113	-2
32	123	2
32	164	2
33	34	1
33	61	1
33	63	1
33	74	1
33	85	1
33	114	2
33	132	-2
33	206	2
34	37	1
34	57	1
34	60	1
34	85	1
34	157	2
34	164	2
34	206	2
35	79	1
35	81	1
35	88	1
35	89	1
35	98	1
35	130	-2
35	147	2
35	162	-2
36	93	1
36	122	-2
36	143	-2
36	181	2
37	68	1
37	111	2
37	118	-2
37	164	2
38	61	1
38	65	1
38	139	2
38	149	2
38	165	2
39	62	1
39	63	1
39	70	1
39	74	1
39	79	1
39	112	-2
39	124	2
39	140	-2
40	51	1
40	65	1
40	78	1
40	119	-2
40	120	2
40	203	-2
41	45	1
41	64	1
41	72	1
41	87	1
41	117	-2
41	137	2
41	188	2
42	43	1
42	95	1
42	123	2
42	145	2
42	186	2
43	48	1
43	71	1
43	75	1
43	125	2
43	145	2
43	182	-2
44	55	1
44	94	1
44	99	1
44	144	2
44	163	-2
44	169	-2
45	72	1
45	88	1
45	97	1
45	128	-2
45	137	2
45	201	2
46	52	1
46	53	1
46	59	1
46	76	1
46	87	1
46	155	-2
46	167	2
46	207	2
47	57	1
47	62	1
47	71	1
47	72	1
47	95	1
47	146	2
47	170	-2
47	195	2
48	51	1
48	71	1
48	78	1
48	80	1
48	103	1
48	105	-2
48	178	2
48	182	-2
49	54	1
49	83	1
49	84	1
49	95	1
49	102	1
49	166	2
49	172	2
49	194	2
50	56	1
50	70	1
50	84	1
50	129	2
50	191	-2
50	192	2
51	78	1
51	101	1
51	135	-2
51	178	2
51	203	-2
52	56	1
52	59	1
52	85	1
52	133	-2
52	155	-2
52	161	-2
53	65	1
53	66	1
53	87	1
53	167	2
53	176	2
53	187	2
54	70	1
54	86	1
54	95	1
54	150	2
54	194	2
54	205	-2
55	62	1
55	64	2
55	131	-2
55	144	2
55	156	2
56	57	1
56	70	1
56	96	1
56	129	2
56	161	-2
56	180	-2
57	60	1
57	71	1
57	96	1
57	157	2
57	170	-2
57	180	-2
58	69	1
58	81	1
58	103	1
58	104	1
58	138	2
58	183	2
58	204	-2
59	100	1
59	148	2
59	152	2
59	155	-2
60	86	1
60	90	1
60	98	1
60	101	1
60	142	2
60	157	2
60	196	-2
61	73	1
61	89	1
61	132	-2
61	165	2
61	190	2
62	63	1
62	64	1
62	95	1
62	140	-2
62	156	2
62	195	2
63	74	1
63	75	1
63	114	2
63	140	-2
63	174	2
64	117	-2
64	131	-2
64	156	2
65	66	1
65	119	-2
65	139	2
65	187	2
66	88	1
66	97	1
66	108	2
66	116	-2
66	187	2
67	76	1
67	94	1
67	141	-2
67	185	2
67	200	-2
68	85	1
68	111	2
68	171	-2
68	208	-2
69	91	1
69	160	2
69	202	2
69	204	-2
70	79	1
70	124	2
70	129	2
70	150	2
71	82	1
71	170	-2
71	182	-2
71	189	2
72	80	1
72	91	1
72	137	2
72	146	2
72	173	2
73	83	1
73	89	1
73	92	1
73	101	1
73	159	2
73	190	2
73	197	2
74	96	1
74	112	-2
74	114	2
74	175	2
75	78	1
75	125	2
75	136	2
75	174	2
76	87	1
76	99	1
76	141	-2
76	168	-2
76	207	2
77	102	1
77	177	-2
77	179	-2
77	199	-2
78	120	2
78	136	2
78	178	2
79	88	1
79	91	1
79	93	1
79	109	2
79	124	2
79	147	2
80	83	1
80	91	1
80	94	1
80	103	1
80	105	-2
80	151	-2
80	173	2
81	89	1
81	130	-2
81	138	2
81	198	2
82	93	1
82	100	1
82	103	1
82	106	-2
82	110	-2
82	189	2
83	94	1
83	101	1
83	102	1
83	151	-2
83	159	2
83	166	2
84	99	1
84	154	-2
84	172	2
84	192	2
85	133	-2
85	206	2
85	208	-2
86	98	2
86	126	-2
86	196	-2
86	205	-2
87	99	1
87	167	2
87	168	-2
87	188	2
88	116	-2
88	128	-2
88	147	2
89	98	1
89	162	-2
89	190	2
89	198	2
90	101	1
90	113	-2
90	142	2
90	184	-2
91	93	1
91	109	2
91	173	2
91	202	2
92	121	2
92	134	2
92	197	2
93	103	1
93	109	2
93	110	-2
93	143	-2
94	99	1
94	151	-2
94	169	-2
94	200	-2
95	123	2
95	194	2
95	195	2
96	102	1
96	175	2
96	180	-2
96	193	2
97	104	1
97	108	2
97	115	-2
97	201	2
98	126	-2
98	162	-2
98	196	-2
99	154	-2
99	168	-2
99	169	-2
100	106	-2
100	152	2
100	158	2
101	135	-2
101	142	2
101	159	2
102	166	2
102	179	-2
102	193	2
103	104	1
103	105	-2
103	110	-2
103	183	2
104	107	2
104	115	-2
104	183	2
