1	1	-1
2	2	3
3	3	-1
4	4	-1
5	5	-1
6	6	-1
7	7	-1
8	8	-3
9	9	3
10	10	1
11	11	-1
12	12	-1
13	13	-1
14	14	1
15	15	1
16	16	3
17	17	-3
18	18	-1
19	19	1
20	20	1
21	21	1
22	22	-1
23	23	1
24	24	-3
25	25	1
26	26	1
27	27	-1
28	28	1
29	29	1
30	30	-1
31	31	3
32	32	-1
33	33	-1
34	34	3
35	35	-3
36	36	1
37	37	3
38	38	-3
39	39	-3
40	40	1
41	41	1
42	42	-1
43	43	3
44	44	-3
45	45	1
46	46	1
47	47	-1
48	48	-1
49	49	-1
50	50	3
51	51	1
52	52	-1
53	53	-1
54	54	-3
55	55	-1
56	56	-1
57	57	-1
58	58	1
59	59	1
60	60	1
61	61	-1
62	62	1
63	63	-1
64	64	1
65	65	1
66	66	-1
67	67	-1
68	68	-1
69	69	-3
70	70	-3
71	71	-3
72	72	-1
73	73	3
74	74	3
75	75	-1
76	76	-1
77	77	1
78	78	1
79	79	1
80	80	-1
81	81	-1
82	82	-3
83	83	-3
84	84	1
85	85	1
86	86	3
87	87	3
88	88	1
89	89	-1
90	90	1
91	91	-1
92	92	1
93	93	1
94	94	-1
95	95	-3
96	96	1
97	97	1
98	98	-1
99	99	-3
100	100	1
101	101	-1
102	102	1
103	103	3
104	104	1
105	105	3
106	106	-1
107	107	-3
108	108	-1
109	109	1
110	110	1
111	111	-1
112	112	-1
113	113	-1
114	114	-1
115	115	3
116	116	-1
117	117	1
118	118	-1
119	119	1
120	120	-1
121	121	-1
122	122	3
123	123	-3
124	124	-3
125	125	-1
126	126	1
127	127	1
128	128	-3
129	129	3
130	130	1
131	131	-1
132	132	3
133	133	1
134	134	-1
135	135	-3
136	136	1
137	137	-3
138	138	-1
139	139	3
140	140	1
141	141	-3
142	142	-1
143	143	3
144	144	-1
145	145	-1
146	146	-3
147	147	-1
148	148	1
149	149	1
150	150	1
151	151	3
152	152	-1
153	153	-3
154	154	-1
155	155	1
156	156	1
157	157	3
158	158	1
159	159	3
160	160	-1
161	161	1
162	162	1
163	163	-1
164	164	3
165	165	1
166	166	-3
167	167	-1
168	168	-1
169	169	1
170	170	1
171	171	-1
172	172	1
173	173	-1
174	174	1
175	175	1
176	176	3
177	177	3
178	178	-1
179	179	1
180	180	1
181	181	-3
182	182	1
183	183	-1
184	184	1
185	185	-1
186	186	3
187	187	1
188	188	1
189	189	-1
190	190	1
191	191	-1
192	192	-1
193	193	-3
194	194	1
195	195	-1
196	196	-1
197	197	-1
198	198	3
199	199	3
200	200	1
201	201	-1
202	202	-1
203	203	3
204	204	1
205	205	-1
206	206	-1
207	207	-3
208	208	-1
209	209	-3
210	210	1
211	211	-3
212	212	1
213	213	1
214	214	3
215	215	1
216	216	-3
217	217	1
218	218	1
219	219	-1
220	220	-1
221	221	1
222	222	1
223	223	-1
224	224	1
225	225	3
226	226	3
227	227	1
228	228	-1
229	229	1
230	230	-1
231	231	-1
232	232	-1
233	233	-1
234	234	-1
235	235	1
236	236	1
237	237	1
238	238	-3
239	239	1
240	240	-1
241	241	-1
242	242	1
243	243	-1
244	244	-1
245	245	-1
246	246	-1
247	247	1
248	248	-1
249	249	-1
250	250	-1
251	251	-1
252	252	-1
253	253	-1
254	254	3
255	255	-3
256	256	-3
257	257	-2
258	258	2
259	259	-2
260	260	2
261	261	-2
262	262	-2
263	263	-2
264	264	-2
265	265	-2
266	266	-2
267	267	-2
268	268	-2
269	269	-2
270	270	-2
271	271	-2
272	272	2
273	273	2
274	274	-2
275	275	-2
276	276	-2
277	277	-2
278	278	2
279	279	2
280	280	-2
281	281	-2
282	282	2
283	283	2
284	284	-2
285	285	-2
286	286	-2
287	287	-2
288	288	-2
289	289	2
290	290	-2
291	291	2
292	292	-2
293	293	2
294	294	2
295	295	-2
296	296	2
297	297	-2
298	298	2
299	299	2
300	300	-2
301	301	-2
302	302	-2
303	303	-2
304	304	2
305	305	2
306	306	-2
307	307	2
308	308	-2
309	309	2
310	310	-2
311	311	2
312	312	2
313	313	-2
314	314	-2
315	315	-2
316	316	-2
317	317	-2
318	318	2
319	319	2
320	320	2
321	321	-2
322	322	-2
323	323	-2
324	324	-2
325	325	2
326	326	2
327	327	2
328	328	2
329	329	2
330	330	-2
331	331	-2
332	332	-2
333	333	-2
334	334	-2
335	335	2
336	336	-2
337	337	-2
338	338	-2
339	339	-2
340	340	-2
341	341	-2
342	342	2
343	343	2
344	344	-2
345	345	-2
346	346	2
347	347	2
348	348	2
349	349	2
350	350	-2
351	351	-2
352	352	2
353	353	-2
354	354	-2
355	355	2
356	356	2
357	357	-2
358	358	-2
359	359	-2
360	360	2
361	361	-2
362	362	-2
363	363	2
364	364	-2
365	365	-2
366	366	2
367	367	-2
368	368	-2
369	369	2
370	370	2
371	371	2
372	372	-2
373	373	2
374	374	-2
375	375	2
376	376	-2
377	377	-2
378	378	-2
379	379	-2
380	380	2
381	381	2
382	382	-2
383	383	2
384	384	2
385	385	-2
386	386	2
387	387	2
388	388	2
389	389	2
390	390	-2
391	391	2
392	392	-2
393	393	-2
394	394	2
395	395	-2
396	396	-2
397	397	-2
398	398	2
399	399	-2
400	400	2
401	401	2
402	402	2
403	403	2
404	404	2
405	405	2
406	406	2
407	407	2
408	408	-2
409	409	2
410	410	-2
411	411	-2
412	412	2
413	413	2
414	414	-2
415	415	2
416	416	-2
417	417	-2
418	418	2
419	419	-2
420	420	2
421	421	2
422	422	2
423	423	-2
424	424	2
425	425	2
426	426	2
427	427	2
428	428	2
429	429	-2
430	430	2
431	431	-2
432	432	2
433	433	-2
434	434	-2
435	435	2
436	436	2
437	437	2
438	438	2
439	439	-2
440	440	-2
441	441	-2
442	442	2
443	443	-2
444	444	2
445	445	2
446	446	2
447	447	2
448	448	-2
449	449	2
450	450	2
451	451	-2
452	452	-2
453	453	-2
454	454	-2
455	455	2
456	456	-2
457	457	2
458	458	2
459	459	2
460	460	2
461	461	2
462	462	-2
463	463	-2
464	464	-2
465	465	-2
466	466	2
467	467	2
468	468	2
469	469	-2
470	470	2
471	471	-2
472	472	2
473	473	-2
474	474	2
475	475	2
476	476	-2
477	477	-2
478	478	2
479	479	-2
480	480	2
481	481	2
482	482	2
483	483	2
484	484	-2
485	485	-2
486	486	2
487	487	2
488	488	-2
489	489	-2
490	490	-2
491	491	-2
492	492	-2
493	493	-2
494	494	2
495	495	-2
496	496	-2
497	497	-2
498	498	2
499	499	-2
500	500	2
501	501	2
502	502	-2
503	503	-2
504	504	-2
505	505	2
506	506	2
507	507	2
508	508	-2
509	509	2
510	510	2
511	511	2
512	512	-2
1	13	1
1	60	1
1	108	1
1	169	1
1	209	1
1	218	1
1	328	-2
1	381	2
1	477	2
2	88	1
2	139	1
2	143	1
2	152	1
2	159	1
2	162	1
2	394	2
2	479	-2
2	499	-2
3	11	1
3	32	1
3	38	1
3	62	1
3	97	1
3	238	1
3	306	-2
3	324	2
3	340	2
4	32	1
4	72	1
4	101	1
4	108	1
4	167	1
4	186	1
4	287	-2
4	342	-2
4	393	2
5	83	1
5	120	1
5	168	1
5	190	1
5	201	1
5	239	1
5	286	2
5	427	2
5	453	2
6	20	1
6	39	1
6	67	1
6	136	1
6	184	1
6	199	1
6	376	-2
6	391	-2
6	426	-2
7	21	1
7	35	1
7	52	1
7	84	1
7	154	1
7	250	1
7	281	2
7	390	-2
7	496	2
8	90	1
8	141	1
8	191	1
8	239	1
8	240	1
8	255	1
8	283	-2
8	364	2
8	458	-2
9	31	1
9	62	1
9	80	1
9	122	1
9	224	1
9	253	1
9	425	2
9	451	-2
9	487	2
10	20	1
10	29	1
10	168	1
10	217	1
10	227	1
10	252	1
10	401	2
10	498	-2
10	507	2
11	32	1
11	42	1
11	79	1
11	119	1
11	213	1
11	324	2
11	343	-2
11	510	2
12	33	1
12	51	1
12	143	1
12	166	1
12	186	1
12	256	1
12	372	-2
12	424	-2
12	474	-2
13	58	1
13	114	1
13	134	1
13	151	1
13	209	1
13	309	-2
13	316	-2
13	477	2
14	34	1
14	46	1
14	126	1
14	147	1
14	167	1
14	244	1
14	349	-2
14	481	2
14	492	-2
15	27	1
15	133	1
15	201	1
15	244	1
15	246	1
15	253	1
15	315	-2
15	319	2
15	409	-2
16	28	1
16	151	1
16	200	1
16	217	1
16	220	1
16	221	1
16	362	-2
16	410	-2
16	459	2
17	25	1
17	33	1
17	95	1
17	112	1
17	171	1
17	211	1
17	403	-2
17	467	-2
17	504	2
18	71	1
18	73	1
18	142	1
18	152	1
18	198	1
18	221	1
18	374	2
18	442	-2
18	478	2
19	68	2
19	91	1
19	172	2
19	179	1
19	438	2
19	463	2
19	472	2
20	119	1
20	136	1
20	168	1
20	225	1
20	386	2
20	391	-2
20	507	2
21	64	1
21	96	1
21	113	1
21	154	1
21	233	1
21	266	-2
21	273	-2
21	390	-2
22	51	1
22	111	1
22	138	1
22	205	1
22	206	1
22	217	1
22	383	-2
22	388	2
22	432	-2
23	38	1
23	73	1
23	93	1
23	100	1
23	129	1
23	178	1
23	267	2
23	339	-2
23	371	2
24	96	1
24	97	1
24	111	1
24	147	1
24	152	1
24	181	1
24	270	2
24	389	-2
24	448	2
25	117	1
25	134	1
25	140	1
25	171	1
25	176	1
25	291	2
25	400	2
25	504	2
26	29	1
26	105	1
26	123	1
26	124	1
26	218	1
26	222	1
26	294	-2
26	460	2
26	505	2
27	30	1
27	99	1
27	133	1
27	137	1
27	149	1
27	315	-2
27	347	-2
27	489	2
28	40	1
28	79	1
28	151	1
28	155	1
28	202	1
28	282	2
28	410	-2
28	497	2
29	129	1
29	218	1
29	250	1
29	252	1
29	297	-2
29	460	2
29	498	-2
30	45	1
30	80	1
30	149	1
30	213	1
30	234	1
30	317	-2
30	330	2
30	347	-2
31	80	1
31	87	1
31	103	1
31	188	1
31	215	1
31	425	2
31	449	2
31	450	2
32	121	1
32	154	1
32	186	1
32	287	-2
32	324	2
32	508	2
33	112	1
33	165	1
33	191	1
33	256	1
33	392	-2
33	403	-2
33	474	-2
34	126	1
34	131	1
34	158	1
34	177	1
34	190	1
34	353	-2
34	406	2
34	481	2
35	93	1
35	153	1
35	224	1
35	250	1
35	256	1
35	272	-2
35	277	2
35	281	2
36	41	1
36	105	1
36	143	1
36	159	1
36	237	1
36	240	1
36	304	2
36	373	2
36	452	2
37	77	1
37	102	1
37	103	1
37	187	1
37	214	1
37	221	1
37	303	-2
37	361	-2
37	402	2
38	69	1
38	100	1
38	201	1
38	238	1
38	267	2
38	340	2
38	344	2
39	114	1
39	128	1
39	183	1
39	184	1
39	200	1
39	269	2
39	382	2
39	426	-2
40	79	1
40	111	1
40	150	1
40	173	1
40	216	1
40	263	-2
40	282	2
40	430	-2
41	104	1
41	112	1
41	157	1
41	240	1
41	241	1
41	279	2
41	357	-2
41	452	2
42	55	1
42	92	1
42	119	1
42	156	1
42	251	1
42	341	2
42	343	-2
42	446	2
43	50	1
43	105	1
43	110	1
43	176	1
43	189	1
43	210	1
43	288	-2
43	408	-2
43	503	-2
44	54	1
44	89	1
44	172	1
44	191	1
44	223	1
44	238	1
44	365	2
44	385	2
44	433	2
45	80	1
45	101	1
45	170	1
45	219	1
45	243	1
45	330	2
45	444	2
45	502	-2
46	61	1
46	88	1
46	167	1
46	188	1
46	234	1
46	289	-2
46	418	2
46	492	-2
47	66	1
47	69	1
47	86	1
47	163	1
47	193	1
47	236	1
47	261	2
47	301	-2
47	443	2
48	61	1
48	137	1
48	202	1
48	205	1
48	214	1
48	241	1
48	299	2
48	447	-2
48	476	2
49	67	1
49	100	1
49	103	1
49	207	1
49	215	1
49	216	1
49	368	2
49	470	-2
49	491	-2
50	113	1
50	138	1
50	176	1
50	233	1
50	254	1
50	326	2
50	408	-2
50	440	-2
51	76	1
51	111	1
51	161	1
51	166	1
51	388	2
51	424	-2
51	436	2
52	84	1
52	101	1
52	116	1
52	186	1
52	248	1
52	377	2
52	490	-2
52	496	2
53	59	1
53	211	1
53	229	1
53	237	1
53	242	1
53	253	1
53	293	-2
53	469	-2
53	475	-2
54	55	1
54	80	1
54	161	1
54	191	1
54	193	1
54	385	2
54	434	2
54	493	2
55	80	1
55	115	1
55	156	1
55	247	1
55	341	2
55	359	-2
55	434	2
56	81	1
56	94	1
56	136	1
56	169	1
56	238	1
56	243	1
56	295	2
56	419	-2
56	509	-2
57	65	1
57	124	1
57	134	1
57	204	1
57	230	1
57	249	1
57	345	2
57	412	2
57	415	-2
58	91	1
58	110	1
58	148	1
58	151	1
58	228	1
58	316	-2
58	325	-2
58	348	2
59	85	1
59	126	1
59	166	1
59	188	1
59	229	1
59	334	-2
59	469	-2
59	501	-2
60	142	1
60	192	1
60	197	1
60	218	1
60	241	1
60	381	2
60	420	2
60	494	-2
61	137	1
61	188	1
61	220	1
61	229	1
61	307	-2
61	418	2
61	476	2
62	97	1
62	120	1
62	128	1
62	253	1
62	258	-2
62	306	-2
62	451	-2
63	87	1
63	116	1
63	118	1
63	174	1
63	189	1
63	209	1
63	310	2
63	335	-2
63	414	-2
64	96	1
64	148	1
64	162	1
64	194	1
64	227	1
64	266	-2
64	471	2
64	488	-2
65	115	1
65	156	1
65	194	1
65	199	1
65	230	1
65	331	-2
65	415	-2
65	468	2
66	85	1
66	168	1
66	203	1
66	228	1
66	236	1
66	261	2
66	398	-2
66	421	2
67	125	1
67	181	1
67	199	1
67	216	1
67	368	2
67	376	-2
67	457	-2
68	130	1
68	135	1
68	172	1
68	179	1
68	422	-2
68	463	2
68	472	2
69	123	1
69	178	1
69	193	1
69	201	1
69	344	2
69	411	2
69	443	2
70	128	1
70	153	1
70	162	1
70	223	1
70	232	1
70	235	1
70	276	2
70	333	2
70	366	-2
71	98	1
71	140	1
71	142	1
71	166	1
71	211	1
71	323	2
71	374	2
71	435	-2
72	108	1
72	139	1
72	177	1
72	192	1
72	216	1
72	329	-2
72	342	-2
72	484	-2
73	89	1
73	93	1
73	198	1
73	224	1
73	312	2
73	339	-2
73	478	2
74	78	1
74	102	1
74	104	1
74	109	1
74	180	1
74	204	1
74	337	-2
74	338	-2
74	512	-2
75	83	1
75	84	1
75	87	1
75	126	1
75	160	1
75	231	1
75	305	2
75	311	-2
75	473	2
76	82	1
76	107	1
76	120	1
76	161	1
76	195	1
76	321	2
76	436	2
76	506	-2
77	84	1
77	107	1
77	206	1
77	214	1
77	225	1
77	308	-2
77	320	-2
77	361	-2
78	89	1
78	113	1
78	144	1
78	180	1
78	190	1
78	300	2
78	338	-2
78	387	2
79	175	1
79	202	1
79	213	1
79	282	2
79	351	2
79	510	2
80	330	2
80	425	2
80	434	2
81	94	1
81	175	1
81	187	1
81	219	1
81	236	1
81	313	2
81	482	2
81	509	-2
82	120	1
82	141	1
82	158	1
82	174	1
82	245	1
82	485	2
82	506	-2
82	511	-2
83	126	1
83	201	1
83	207	1
83	255	1
83	314	2
83	453	2
83	473	2
84	87	1
84	225	1
84	305	2
84	308	-2
84	496	2
85	126	1
85	173	1
85	203	1
85	252	1
85	334	-2
85	421	2
85	437	-2
86	93	1
86	163	1
86	176	1
86	179	1
86	236	1
86	262	-2
86	301	-2
86	350	-2
87	174	1
87	215	1
87	305	2
87	414	-2
87	450	2
88	90	1
88	159	1
88	234	1
88	254	1
88	289	-2
88	405	2
88	479	-2
89	113	1
89	223	1
89	224	1
89	300	2
89	312	2
89	433	2
90	157	1
90	237	1
90	239	1
90	254	1
90	354	-2
90	364	2
90	405	2
91	110	1
91	170	1
91	172	1
91	243	1
91	325	-2
91	367	2
91	438	2
92	116	1
92	119	1
92	150	1
92	179	1
92	251	1
92	290	2
92	446	2
92	466	2
93	179	1
93	224	1
93	262	-2
93	277	2
93	339	-2
94	99	1
94	117	1
94	129	1
94	138	1
94	407	-2
94	455	2
94	509	-2
95	146	1
95	171	1
95	178	1
95	193	1
95	211	1
95	352	-2
95	441	2
95	467	-2
96	111	1
96	155	1
96	157	1
96	266	-2
96	363	2
96	389	-2
97	147	1
97	214	1
97	223	1
97	270	2
97	296	2
97	306	-2
98	108	1
98	140	1
98	153	1
98	155	1
98	209	1
98	396	-2
98	397	2
98	435	-2
99	137	1
99	138	1
99	142	1
99	220	1
99	268	2
99	407	-2
99	489	2
100	103	1
100	125	1
100	196	1
100	267	2
100	445	2
100	491	-2
101	167	1
101	243	1
101	248	1
101	377	2
101	393	2
101	502	-2
102	103	1
102	109	1
102	144	1
102	249	1
102	337	-2
102	375	-2
102	402	2
103	188	1
103	402	2
103	449	2
103	491	-2
104	144	1
104	204	1
104	233	1
104	241	1
104	357	-2
104	428	-2
104	512	-2
105	159	1
105	189	1
105	222	1
105	288	-2
105	304	2
105	505	2
106	112	1
106	132	1
106	145	1
106	150	1
106	208	1
106	246	1
106	264	2
106	280	2
106	332	-2
107	146	1
107	195	1
107	206	1
107	210	1
107	320	-2
107	321	2
107	369	-2
108	155	1
108	169	1
108	328	-2
108	342	-2
108	396	-2
109	118	1
109	133	1
109	174	1
109	250	1
109	337	-2
109	399	2
109	483	2
110	121	1
110	210	1
110	242	1
110	325	-2
110	429	-2
110	503	-2
111	216	1
111	388	2
111	389	-2
111	430	-2
112	145	1
112	157	1
112	279	2
112	280	2
112	403	-2
113	233	1
113	254	1
113	273	-2
113	300	2
113	326	2
114	128	1
114	134	1
114	198	1
114	225	1
114	309	-2
114	379	-2
114	382	2
115	156	1
115	194	1
115	247	1
115	252	1
115	359	-2
115	468	2
115	500	2
116	118	1
116	150	1
116	186	1
116	290	2
116	335	-2
116	490	-2
117	129	1
117	134	1
117	141	1
117	249	1
117	274	2
117	291	2
117	455	2
118	164	1
118	169	1
118	250	1
118	335	-2
118	395	-2
118	399	2
119	179	1
119	225	1
119	343	-2
119	386	2
119	466	2
120	128	1
120	239	1
120	258	-2
120	427	2
120	506	-2
121	154	1
121	185	1
121	242	1
121	251	1
121	327	-2
121	429	-2
121	508	2
122	156	1
122	161	1
122	165	1
122	222	1
122	224	1
122	416	-2
122	439	-2
122	487	2
123	124	1
123	154	1
123	178	1
123	196	1
123	292	2
123	294	-2
123	411	2
124	131	1
124	134	1
124	195	1
124	294	-2
124	345	2
124	360	-2
125	181	1
125	196	1
125	218	1
125	247	1
125	370	-2
125	445	2
125	457	-2
126	334	-2
126	473	2
126	481	2
127	206	1
127	208	1
127	235	1
127	239	1
127	254	1
127	255	1
127	260	2
127	358	-2
127	480	-2
128	153	1
128	258	-2
128	276	2
128	382	2
129	178	1
129	250	1
129	297	-2
129	371	2
129	455	2
130	132	1
130	135	1
130	149	1
130	185	1
130	203	1
130	285	-2
130	422	-2
130	461	2
131	135	1
131	177	1
131	195	1
131	256	1
131	353	-2
131	360	-2
131	404	-2
132	149	1
132	150	1
132	226	1
132	247	1
132	284	-2
132	332	-2
132	461	2
133	163	1
133	174	1
133	212	1
133	278	-2
133	315	-2
133	483	2
134	291	2
134	309	-2
134	345	2
135	165	1
135	197	1
135	256	1
135	265	2
135	404	-2
135	422	-2
136	169	1
136	175	1
136	182	1
136	380	2
136	391	-2
136	419	-2
137	163	1
137	228	1
137	271	2
137	476	2
137	489	2
138	205	1
138	233	1
138	383	-2
138	407	-2
138	440	-2
139	152	1
139	177	1
139	182	1
139	229	1
139	298	2
139	484	-2
139	499	-2
140	176	1
140	187	1
140	232	1
140	400	2
140	417	-2
140	435	-2
141	240	1
141	245	1
141	249	1
141	274	2
141	458	-2
141	511	-2
142	192	1
142	220	1
142	268	2
142	374	2
142	420	2
143	162	1
143	186	1
143	237	1
143	372	-2
143	373	2
143	394	2
144	190	1
144	233	1
144	249	1
144	375	-2
144	387	2
144	428	-2
145	146	1
145	177	1
145	182	1
145	212	1
145	280	2
145	346	2
145	431	2
146	182	1
146	193	1
146	210	1
146	352	-2
146	369	-2
146	431	2
147	164	1
147	183	1
147	244	1
147	270	2
147	349	-2
147	462	-2
148	162	1
148	185	1
148	228	1
148	251	1
148	259	2
148	348	2
148	488	-2
149	210	1
149	245	1
149	347	-2
149	423	-2
149	461	2
150	173	1
150	263	-2
150	290	2
150	332	-2
151	198	1
151	215	1
151	316	-2
151	384	2
151	410	-2
152	181	1
152	221	1
152	442	-2
152	448	2
152	499	-2
153	209	1
153	256	1
153	272	-2
153	276	2
153	397	2
154	196	1
154	292	2
154	390	-2
154	508	2
155	157	1
155	202	1
155	363	2
155	396	-2
155	497	2
156	161	1
156	341	2
156	416	-2
156	468	2
157	237	1
157	279	2
157	354	-2
157	363	2
158	170	1
158	174	1
158	190	1
158	235	1
158	406	2
158	464	-2
158	485	2
159	184	1
159	199	1
159	304	2
159	318	2
159	479	-2
160	181	1
160	184	1
160	203	1
160	230	1
160	231	1
160	311	-2
160	355	-2
160	495	-2
161	193	1
161	416	-2
161	436	2
161	493	2
162	223	1
162	366	-2
162	394	2
162	488	-2
163	212	1
163	228	1
163	271	2
163	278	-2
163	301	-2
164	169	1
164	183	1
164	240	1
164	248	1
164	395	-2
164	454	-2
164	462	-2
165	191	1
165	197	1
165	222	1
165	265	2
165	392	-2
165	439	-2
166	188	1
166	211	1
166	323	2
166	424	-2
166	501	-2
167	222	1
167	234	1
167	378	2
167	393	2
167	492	-2
168	190	1
168	228	1
168	286	2
168	398	-2
168	507	2
169	328	-2
169	395	-2
169	419	-2
170	219	1
170	235	1
170	243	1
170	367	2
170	444	2
170	464	-2
171	178	1
171	180	1
171	242	1
171	257	-2
171	441	2
171	504	2
172	238	1
172	365	2
172	438	2
172	472	2
173	183	1
173	213	1
173	252	1
173	263	-2
173	322	2
173	437	-2
174	414	-2
174	483	2
174	485	2
175	182	1
175	202	1
175	236	1
175	351	2
175	380	2
175	482	2
176	236	1
176	350	-2
176	400	2
176	408	-2
177	212	1
177	346	2
177	353	-2
177	484	-2
178	371	2
178	411	2
178	441	2
179	262	-2
179	463	2
179	466	2
180	242	1
180	245	1
180	246	1
180	257	-2
180	338	-2
180	356	-2
181	230	1
181	355	-2
181	448	2
181	457	-2
182	229	1
182	298	2
182	380	2
182	431	2
183	200	1
183	213	1
183	269	2
183	322	2
183	462	-2
184	199	1
184	203	1
184	318	2
184	426	-2
184	495	-2
185	203	1
185	251	2
185	259	2
185	285	-2
185	327	-2
186	287	-2
186	372	-2
186	490	-2
187	219	1
187	221	1
187	232	1
187	303	-2
187	313	2
187	417	-2
188	418	2
188	449	2
188	501	-2
189	209	1
189	219	1
189	232	1
189	288	-2
189	310	2
189	336	2
190	286	2
190	387	2
190	406	2
191	255	1
191	283	-2
191	385	2
191	392	-2
192	216	1
192	231	1
192	248	1
192	329	-2
192	420	2
192	465	2
193	352	-2
193	443	2
193	493	2
194	199	1
194	227	1
194	252	1
194	331	-2
194	471	2
194	500	2
195	205	1
195	208	1
195	321	2
195	360	-2
195	413	2
196	204	1
196	207	1
196	275	2
196	292	2
196	445	2
197	226	1
197	230	1
197	241	1
197	265	2
197	486	2
197	494	-2
198	215	1
198	225	1
198	379	-2
198	384	2
198	478	2
199	318	2
199	331	-2
199	376	-2
200	212	1
200	220	1
200	244	1
200	269	2
200	362	-2
200	456	-2
201	246	1
201	319	2
201	344	2
201	453	2
202	214	1
202	299	2
202	351	2
202	497	2
203	285	-2
203	421	2
203	495	-2
204	207	1
204	249	1
204	275	2
204	412	2
204	512	-2
205	208	1
205	241	1
205	383	-2
205	413	2
205	447	-2
206	217	1
206	254	1
206	320	-2
206	358	-2
206	432	-2
207	215	1
207	255	1
207	275	2
207	314	2
207	470	-2
208	246	1
208	255	1
208	264	2
208	413	2
208	480	-2
209	310	2
209	397	2
209	477	2
210	245	1
210	369	-2
210	423	-2
210	503	-2
211	242	1
211	323	2
211	467	-2
211	475	-2
212	244	1
212	278	-2
212	346	2
212	456	-2
213	234	1
213	317	-2
213	322	2
213	510	2
214	223	1
214	296	2
214	299	2
214	361	-2
215	384	2
215	450	2
215	470	-2
216	329	-2
216	368	2
216	430	-2
217	221	1
217	227	1
217	401	2
217	432	-2
217	459	2
218	247	1
218	370	-2
218	381	2
218	460	2
219	232	1
219	313	2
219	336	2
219	444	2
220	229	1
220	268	2
220	307	-2
220	362	-2
221	303	-2
221	442	-2
221	459	2
222	234	1
222	378	2
222	439	-2
222	505	2
223	296	2
223	366	-2
223	433	2
224	277	2
224	312	2
224	487	2
225	308	-2
225	379	-2
225	386	2
226	227	1
226	230	1
226	231	1
226	247	1
226	284	-2
226	302	-2
226	486	2
227	231	1
227	302	-2
227	401	2
227	471	2
228	271	2
228	348	2
228	398	-2
229	298	2
229	307	-2
229	469	-2
230	355	-2
230	415	-2
230	486	2
231	248	1
231	302	-2
231	311	-2
231	465	2
232	235	1
232	333	2
232	336	2
232	417	-2
233	273	-2
233	428	-2
233	440	-2
234	289	-2
234	317	-2
234	378	2
235	239	1
235	260	2
235	333	2
235	464	-2
236	261	2
236	350	-2
236	482	2
237	253	1
237	293	-2
237	354	-2
237	373	2
238	243	1
238	295	2
238	340	2
238	365	2
239	260	2
239	364	2
239	427	2
240	248	1
240	452	2
240	454	-2
240	458	-2
241	357	-2
241	447	-2
241	494	-2
242	257	-2
242	429	-2
242	475	-2
243	295	2
243	367	2
243	502	-2
244	253	1
244	349	-2
244	409	-2
244	456	-2
245	246	1
245	356	-2
245	423	-2
245	511	-2
246	264	2
246	319	2
246	356	-2
247	284	-2
247	359	-2
247	370	-2
248	377	2
248	454	-2
248	465	2
249	274	2
249	375	-2
249	412	2
250	281	2
250	297	-2
250	399	2
251	259	2
251	327	-2
251	446	2
252	437	-2
252	498	-2
252	500	2
253	293	-2
253	409	-2
253	451	-2
254	326	2
254	358	-2
254	405	2
255	283	-2
255	314	2
255	480	-2
256	272	-2
256	404	-2
256	474	-2
