1	1	-3
2	2	1
3	3	-3
4	4	-3
5	5	-3
6	6	1
7	7	1
8	8	1
9	9	3
10	10	1
11	11	1
12	12	1
13	13	1
14	14	3
15	15	-3
16	16	-1
17	17	3
18	18	-1
19	19	1
20	20	-1
21	21	3
22	22	-1
23	23	-1
24	24	1
25	25	-1
26	26	-1
27	27	1
28	28	3
29	29	-1
30	30	-1
31	31	1
32	32	1
33	33	1
34	34	-1
35	35	1
36	36	-1
37	37	1
38	38	-1
39	39	-1
40	40	-3
41	41	-1
42	42	-1
43	43	1
44	44	-3
45	45	1
46	46	1
47	47	1
48	48	-3
49	49	1
50	50	-1
51	51	-1
52	52	1
53	53	-1
54	54	-3
55	55	-3
56	56	-1
57	57	-1
58	58	-1
59	59	-1
60	60	-1
61	61	1
62	62	-3
63	63	-1
64	64	-1
65	65	-3
66	66	1
67	67	3
68	68	-1
69	69	-1
70	70	1
71	71	-1
72	72	-1
73	73	1
74	74	1
75	75	-1
76	76	-1
77	77	-1
78	78	-1
79	79	-1
80	80	1
81	81	2
82	82	2
83	83	2
84	84	2
85	85	2
86	86	-2
87	87	-2
88	88	2
89	89	-2
90	90	2
91	91	2
92	92	2
93	93	-2
94	94	2
95	95	-2
96	96	-2
97	97	-2
98	98	-2
99	99	-2
100	100	-2
101	101	2
102	102	2
103	103	-2
104	104	2
105	105	2
106	106	-2
107	107	-2
108	108	-2
109	109	2
110	110	2
111	111	2
112	112	-2
113	113	2
114	114	-2
115	115	-2
116	116	2
117	117	-2
118	118	-2
119	119	-2
120	120	-2
121	121	2
122	122	2
123	123	-2
124	124	-2
125	125	2
126	126	-2
127	127	-2
128	128	2
129	129	2
130	130	-2
131	131	2
132	132	2
133	133	-2
134	134	2
135	135	2
136	136	-2
137	137	2
138	138	-2
139	139	-2
140	140	-2
141	141	-2
142	142	-2
143	143	2
144	144	2
145	145	2
146	146	2
147	147	2
148	148	2
149	149	-2
150	150	2
151	151	2
152	152	2
153	153	2
154	154	2
155	155	2
156	156	2
157	157	2
158	158	2
159	159	2
160	160	2
1	15	1
1	31	1
1	53	1
1	55	1
1	58	1
1	62	1
1	93	2
1	145	-2
1	156	-2
2	14	1
2	22	1
2	49	1
2	54	1
2	60	1
2	69	1
2	96	2
2	111	2
2	127	-2
3	4	1
3	23	1
3	25	1
3	39	1
3	40	1
3	41	1
3	149	2
3	154	-2
3	159	-2
4	24	1
4	25	1
4	35	1
4	40	1
4	68	1
4	86	2
4	139	2
4	154	-2
5	6	1
5	8	1
5	49	1
5	54	1
5	56	1
5	58	1
5	97	2
5	136	2
5	148	-2
6	10	1
6	23	1
6	51	1
6	54	1
6	80	1
6	113	2
6	136	2
6	150	2
7	9	1
7	12	1
7	51	1
7	52	1
7	67	1
7	69	1
7	120	-2
7	128	2
7	146	-2
8	9	1
8	18	1
8	28	1
8	58	1
8	73	1
8	89	-2
8	97	2
8	131	2
9	25	1
9	28	1
9	53	1
9	67	1
9	88	2
9	89	-2
9	128	2
10	31	1
10	32	1
10	37	1
10	59	1
10	80	1
10	101	-2
10	143	2
10	150	2
11	16	1
11	17	1
11	50	1
11	63	1
11	65	1
11	70	1
11	84	-2
11	112	-2
11	138	-2
12	13	1
12	45	1
12	52	1
12	66	1
12	70	1
12	103	-2
12	115	2
12	120	-2
13	20	1
13	41	1
13	51	1
13	68	1
13	70	1
13	91	-2
13	103	-2
13	123	-2
14	28	1
14	33	1
14	46	1
14	50	1
14	69	1
14	105	2
14	127	-2
14	130	-2
15	31	1
15	33	1
15	36	1
15	48	1
15	50	1
15	93	2
15	108	2
15	133	2
16	25	1
16	26	1
16	38	1
16	42	1
16	63	1
16	112	-2
16	125	-2
16	141	2
17	21	1
17	35	1
17	45	1
17	66	1
17	70	1
17	85	2
17	102	2
17	138	-2
18	22	1
18	34	1
18	47	1
18	70	1
18	73	1
18	118	2
18	131	2
18	155	-2
19	28	1
19	46	1
19	59	1
19	65	1
19	74	1
19	76	1
19	129	2
19	140	2
19	160	2
20	27	1
20	51	1
20	62	1
20	64	1
20	77	1
20	91	-2
20	134	2
20	137	-2
21	32	1
21	35	1
21	49	1
21	75	1
21	79	1
21	102	2
21	117	-2
21	126	-2
22	30	1
22	49	1
22	59	1
22	70	1
22	95	2
22	111	2
22	155	-2
23	40	1
23	44	1
23	51	1
23	57	1
23	94	-2
23	113	2
23	159	-2
24	31	1
24	37	1
24	47	1
24	56	1
24	68	1
24	86	2
24	104	2
24	122	2
25	26	1
25	53	1
25	88	2
25	141	2
25	154	-2
26	38	1
26	43	1
26	71	1
26	72	1
26	92	-2
26	132	2
26	141	2
27	34	1
27	43	1
27	48	1
27	72	1
27	77	1
27	134	2
27	135	-2
27	157	2
28	46	1
28	76	1
28	89	-2
28	129	2
28	130	-2
29	43	1
29	44	1
29	46	1
29	53	1
29	58	1
29	80	1
29	81	-2
29	119	2
29	121	2
30	59	1
30	67	1
30	73	1
30	76	1
30	77	1
30	95	2
30	142	-2
30	151	-2
31	37	1
31	47	1
31	93	2
31	122	2
31	143	2
32	42	1
32	57	1
32	59	1
32	79	1
32	101	-2
32	117	-2
32	144	2
33	35	1
33	48	1
33	50	1
33	74	1
33	105	2
33	108	2
33	152	2
34	43	1
34	47	1
34	60	1
34	61	1
34	100	2
34	118	2
34	157	2
35	40	1
35	74	1
35	102	2
35	139	2
35	152	2
36	50	1
36	61	1
36	63	1
36	64	1
36	78	1
36	82	-2
36	110	2
36	133	2
37	56	1
37	68	1
37	75	1
37	104	2
37	143	2
37	158	-2
38	42	1
38	43	1
38	52	1
38	57	1
38	124	2
38	125	-2
38	132	2
39	41	1
39	48	1
39	67	1
39	74	1
39	78	1
39	83	2
39	114	2
39	149	2
40	42	1
40	71	1
40	98	2
40	139	2
40	159	-2
41	55	1
41	68	1
41	79	1
41	123	-2
41	147	-2
41	149	2
42	57	1
42	71	1
42	98	2
42	125	-2
42	144	2
43	80	1
43	119	2
43	132	2
43	157	2
44	53	1
44	55	1
44	57	1
44	62	1
44	81	-2
44	87	2
44	94	-2
45	61	1
45	66	2
45	72	1
45	85	2
45	90	2
45	115	2
46	58	1
46	65	1
46	121	2
46	130	-2
46	140	2
47	66	1
47	80	1
47	99	-2
47	118	2
47	122	2
48	72	1
48	74	1
48	108	2
48	114	2
48	135	-2
49	56	1
49	75	1
49	111	2
49	126	-2
49	148	-2
50	65	1
50	84	-2
50	105	2
50	133	2
51	69	1
51	91	-2
51	113	2
51	146	-2
52	57	1
52	60	1
52	71	1
52	109	2
52	120	-2
52	124	2
53	62	1
53	81	-2
53	88	2
53	156	-2
54	60	1
54	73	1
54	78	1
54	96	2
54	136	2
54	153	-2
55	58	1
55	62	1
55	79	1
55	87	2
55	145	-2
55	147	-2
56	65	1
56	75	1
56	104	2
56	107	2
56	148	-2
57	94	-2
57	124	2
57	144	2
58	97	2
58	121	2
58	145	-2
59	74	1
59	95	2
59	101	-2
59	160	2
60	61	1
60	71	1
60	96	2
60	100	2
60	109	2
61	64	1
61	72	1
61	90	2
61	100	2
61	110	2
62	64	1
62	87	2
62	137	-2
62	156	-2
63	64	1
63	78	1
63	79	1
63	82	-2
63	112	-2
63	116	-2
64	79	1
64	110	2
64	116	-2
64	137	-2
65	75	1
65	84	-2
65	107	2
65	140	2
66	80	1
66	85	2
66	99	-2
66	115	2
67	73	1
67	78	1
67	83	2
67	128	2
67	142	-2
68	75	1
68	86	2
68	123	-2
68	158	-2
69	76	1
69	77	1
69	106	2
69	127	-2
69	146	-2
70	103	-2
70	138	-2
70	155	-2
71	72	1
71	92	-2
71	98	2
71	109	2
72	90	2
72	92	-2
72	135	-2
73	78	1
73	131	2
73	142	-2
73	153	-2
74	114	2
74	152	2
74	160	2
75	107	2
75	126	-2
75	158	-2
76	77	2
76	106	2
76	129	2
76	151	-2
77	106	2
77	134	2
77	151	-2
78	82	-2
78	83	2
78	153	-2
79	116	-2
79	117	-2
79	147	-2
80	99	-2
80	119	2
80	150	2
