1	1	-3
2	2	1
3	3	-3
4	4	-1
5	5	-1
6	6	1
7	7	1
8	8	-1
9	9	-1
10	10	-1
11	11	-3
12	12	-1
13	13	1
14	14	-1
15	15	-1
16	16	1
17	17	3
18	18	3
19	19	-3
20	20	1
21	21	-1
22	22	-1
23	23	-3
24	24	1
25	25	-1
26	26	-3
27	27	-1
28	28	-1
29	29	-1
30	30	-1
31	31	1
32	32	-1
33	33	-3
34	34	1
35	35	3
36	36	1
37	37	1
38	38	-1
39	39	-3
40	40	-1
41	41	-3
42	42	-1
43	43	1
44	44	1
45	45	-1
46	46	-1
47	47	3
48	48	1
49	49	-1
50	50	-1
51	51	1
52	52	1
53	53	-1
54	54	-1
55	55	1
56	56	1
57	57	-3
58	58	1
59	59	-1
60	60	-1
61	61	-1
62	62	1
63	63	1
64	64	1
65	65	3
66	66	-1
67	67	-3
68	68	-1
69	69	3
70	70	1
71	71	-1
72	72	1
73	73	1
74	74	-3
75	75	1
76	76	-1
77	77	3
78	78	1
79	79	1
80	80	1
81	81	3
82	82	-1
83	83	-1
84	84	1
85	85	-3
86	86	1
87	87	-1
88	88	-1
89	89	1
90	90	1
91	91	1
92	92	-1
93	93	3
94	94	-3
95	95	1
96	96	1
97	97	-1
98	98	-1
99	99	1
100	100	1
101	101	-1
102	102	1
103	103	1
104	104	-1
105	105	-3
106	106	-1
107	107	3
108	108	1
109	109	-1
110	110	3
111	111	1
112	112	3
113	113	-1
114	114	-1
115	115	-1
116	116	-1
117	117	-1
118	118	-1
119	119	-1
120	120	1
121	121	-3
122	122	-3
123	123	-1
124	124	-1
125	125	-1
126	126	-1
127	127	-3
128	128	-3
129	129	-1
130	130	1
131	131	3
132	132	-1
133	133	-1
134	134	-1
135	135	1
136	136	1
137	137	1
138	138	1
139	139	-1
140	140	1
141	141	1
142	142	-1
143	143	-1
144	144	-1
145	145	1
146	146	3
147	147	-1
148	148	-3
149	149	-3
150	150	-1
151	151	-1
152	152	1
153	153	-3
154	154	3
155	155	1
156	156	1
157	157	-1
158	158	1
159	159	3
160	160	1
161	161	1
162	162	-1
163	163	1
164	164	1
165	165	-1
166	166	-1
167	167	-1
168	168	-3
169	169	1
170	170	-3
171	171	1
172	172	-1
173	173	3
174	174	3
175	175	-1
176	176	1
177	177	1
178	178	-3
179	179	3
180	180	3
181	181	1
182	182	-1
183	183	1
184	184	-1
185	185	-1
186	186	-1
187	187	1
188	188	1
189	189	-3
190	190	1
191	191	3
192	192	-1
193	193	1
194	194	1
195	195	-1
196	196	-1
197	197	1
198	198	-3
199	199	-1
200	200	1
201	201	-3
202	202	-1
203	203	-3
204	204	1
205	205	1
206	206	-3
207	207	-1
208	208	3
209	209	1
210	210	1
211	211	-1
212	212	-1
213	213	-3
214	214	-1
215	215	1
216	216	-1
217	217	-3
218	218	3
219	219	-1
220	220	1
221	221	1
222	222	3
223	223	1
224	224	1
225	225	2
226	226	-2
227	227	-2
228	228	-2
229	229	2
230	230	2
231	231	2
232	232	-2
233	233	-2
234	234	2
235	235	2
236	236	-2
237	237	2
238	238	2
239	239	-2
240	240	2
241	241	2
242	242	-2
243	243	2
244	244	2
245	245	-2
246	246	2
247	247	2
248	248	-2
249	249	-2
250	250	-2
251	251	-2
252	252	-2
253	253	-2
254	254	2
255	255	2
256	256	-2
257	257	2
258	258	-2
259	259	-2
260	260	2
261	261	-2
262	262	2
263	263	2
264	264	2
265	265	2
266	266	-2
267	267	-2
268	268	2
269	269	2
270	270	2
271	271	2
272	272	-2
273	273	-2
274	274	2
275	275	2
276	276	-2
277	277	2
278	278	-2
279	279	-2
280	280	-2
281	281	2
282	282	2
283	283	-2
284	284	-2
285	285	2
286	286	-2
287	287	-2
288	288	-2
289	289	-2
290	290	-2
291	291	-2
292	292	-2
293	293	2
294	294	2
295	295	-2
296	296	-2
297	297	-2
298	298	2
299	299	2
300	300	-2
301	301	2
302	302	-2
303	303	-2
304	304	-2
305	305	2
306	306	-2
307	307	2
308	308	-2
309	309	2
310	310	2
311	311	-2
312	312	2
313	313	-2
314	314	-2
315	315	-2
316	316	2
317	317	2
318	318	2
319	319	-2
320	320	-2
321	321	2
322	322	-2
323	323	2
324	324	-2
325	325	2
326	326	-2
327	327	2
328	328	-2
329	329	-2
330	330	-2
331	331	2
332	332	-2
333	333	2
334	334	2
335	335	-2
336	336	2
337	337	-2
338	338	2
339	339	2
340	340	2
341	341	2
342	342	2
343	343	2
344	344	-2
345	345	2
346	346	-2
347	347	-2
348	348	-2
349	349	-2
350	350	2
351	351	-2
352	352	-2
353	353	2
354	354	-2
355	355	2
356	356	-2
357	357	-2
358	358	-2
359	359	-2
360	360	-2
361	361	2
362	362	2
363	363	-2
364	364	-2
365	365	-2
366	366	2
367	367	-2
368	368	-2
369	369	2
370	370	-2
371	371	2
372	372	2
373	373	2
374	374	2
375	375	2
376	376	-2
377	377	2
378	378	2
379	379	-2
380	380	-2
381	381	2
382	382	2
383	383	-2
384	384	-2
385	385	-2
386	386	2
387	387	-2
388	388	-2
389	389	2
390	390	2
391	391	2
392	392	-2
393	393	-2
394	394	-2
395	395	-2
396	396	2
397	397	-2
398	398	-2
399	399	2
400	400	2
401	401	-2
402	402	2
403	403	2
404	404	-2
405	405	-2
406	406	-2
407	407	-2
408	408	-2
409	409	-2
410	410	2
411	411	2
412	412	-2
413	413	-2
414	414	2
415	415	2
416	416	2
417	417	2
418	418	2
419	419	2
420	420	2
421	421	-2
422	422	2
423	423	-2
424	424	-2
425	425	-2
426	426	-2
427	427	-2
428	428	2
429	429	-2
430	430	2
431	431	2
432	432	-2
433	433	2
434	434	-2
435	435	2
436	436	2
437	437	-2
438	438	2
439	439	-2
440	440	-2
441	441	2
442	442	-2
443	443	-2
444	444	-2
445	445	-2
446	446	2
447	447	2
448	448	-2
1	10	1
1	30	1
1	40	1
1	106	1
1	130	1
1	182	1
1	282	-2
1	398	2
1	413	2
2	25	1
2	87	1
2	116	1
2	137	1
2	144	1
2	216	1
2	227	-2
2	294	-2
2	359	-2
3	42	1
3	115	1
3	149	1
3	181	1
3	211	1
3	213	1
3	241	-2
3	421	2
3	440	2
4	9	1
4	74	1
4	119	1
4	176	1
4	217	1
4	224	1
4	275	-2
4	406	-2
4	409	2
5	16	1
5	70	1
5	168	1
5	171	1
5	205	1
5	223	1
5	261	-2
5	266	2
5	331	-2
6	14	1
6	17	1
6	18	1
6	62	1
6	124	1
6	175	1
6	311	-2
6	339	2
6	431	-2
7	15	1
7	75	1
7	104	1
7	115	1
7	117	1
7	211	1
7	253	-2
7	300	2
7	349	-2
8	25	1
8	57	1
8	110	1
8	113	1
8	133	1
8	185	1
8	238	-2
8	343	2
8	432	2
9	119	1
9	144	1
9	151	1
9	186	1
9	213	1
9	270	-2
9	355	2
9	409	2
10	33	1
10	106	1
10	142	1
10	147	1
10	180	1
10	282	-2
10	395	2
10	439	-2
11	73	1
11	84	1
11	98	1
11	111	1
11	151	1
11	172	1
11	327	-2
11	399	-2
11	436	-2
12	36	1
12	42	1
12	44	1
12	155	1
12	199	1
12	203	1
12	285	2
12	350	-2
12	442	2
13	29	1
13	36	1
13	80	1
13	113	1
13	152	1
13	213	1
13	276	2
13	290	-2
13	412	-2
14	18	1
14	34	1
14	88	1
14	100	1
14	178	1
14	309	-2
14	337	2
14	339	2
15	51	1
15	63	1
15	102	1
15	117	1
15	129	1
15	300	2
15	333	-2
15	401	-2
16	65	1
16	88	1
16	139	1
16	221	1
16	223	1
16	228	-2
16	263	2
16	266	2
17	34	1
17	73	1
17	112	1
17	120	1
17	124	1
17	277	2
17	311	-2
17	376	-2
18	27	1
18	72	1
18	73	1
18	81	1
18	339	2
18	353	2
18	373	2
19	21	1
19	74	1
19	78	1
19	82	1
19	166	1
19	219	1
19	232	2
19	306	2
19	312	-2
20	22	1
20	109	1
20	131	1
20	157	1
20	169	1
20	208	1
20	262	2
20	298	2
20	446	-2
21	82	1
21	94	1
21	99	1
21	132	1
21	164	1
21	232	2
21	396	2
21	447	-2
22	119	1
22	122	1
22	140	1
22	155	1
22	157	1
22	244	-2
22	262	2
22	372	-2
23	41	1
23	55	1
23	96	1
23	124	1
23	178	1
23	214	1
23	250	2
23	287	2
23	301	-2
24	72	1
24	91	1
24	103	1
24	106	1
24	153	1
24	179	1
24	365	-2
24	410	2
24	445	2
25	43	1
25	57	1
25	65	1
25	87	1
25	238	-2
25	243	2
25	294	-2
26	51	1
26	57	1
26	101	1
26	115	1
26	148	1
26	164	1
26	283	2
26	368	2
26	424	2
27	73	1
27	122	1
27	133	1
27	189	1
27	190	1
27	255	-2
27	373	2
27	438	-2
28	52	1
28	75	1
28	127	1
28	132	1
28	162	1
28	163	1
28	351	2
28	364	2
28	377	2
29	31	1
29	36	1
29	87	1
29	124	1
29	149	1
29	239	2
29	251	2
29	412	-2
30	38	1
30	71	1
30	101	1
30	162	1
30	182	1
30	388	-2
30	413	2
30	426	2
31	117	1
31	120	1
31	149	1
31	180	1
31	209	1
31	251	2
31	269	2
31	422	2
32	97	1
32	116	1
32	130	1
32	158	1
32	193	1
32	201	1
32	256	2
32	341	-2
32	344	-2
33	49	1
33	142	1
33	147	1
33	178	1
33	206	1
33	302	2
33	340	-2
33	395	2
34	100	1
34	112	1
34	130	1
34	150	1
34	277	2
34	303	-2
34	337	2
35	59	1
35	69	1
35	134	1
35	138	1
35	169	1
35	220	1
35	258	-2
35	293	2
35	323	2
36	100	1
36	173	1
36	203	1
36	336	2
36	350	-2
36	412	-2
37	54	1
37	142	1
37	190	1
37	205	1
37	209	1
37	217	1
37	291	-2
37	369	2
37	448	2
38	67	1
38	136	1
38	162	1
38	196	1
38	202	1
38	358	2
38	382	-2
38	388	-2
39	53	1
39	66	1
39	114	1
39	121	1
39	122	1
39	197	1
39	316	-2
39	394	2
39	434	2
40	83	1
40	87	1
40	130	1
40	170	1
40	187	1
40	328	2
40	332	-2
40	398	2
41	46	1
41	126	1
41	165	1
41	198	1
41	214	1
41	230	-2
41	287	2
41	402	-2
42	80	1
42	92	1
42	149	1
42	155	1
42	240	-2
42	285	2
42	440	2
43	65	1
43	89	1
43	129	1
43	170	1
43	203	1
43	243	2
43	268	-2
43	386	2
44	77	1
44	164	1
44	187	1
44	199	1
44	218	1
44	325	2
44	381	2
44	442	2
45	78	1
45	93	1
45	128	1
45	186	1
45	219	1
45	220	1
45	380	-2
45	404	2
45	433	-2
46	56	1
46	102	1
46	157	1
46	198	1
46	212	1
46	230	-2
46	235	-2
46	334	2
47	50	1
47	55	1
47	86	1
47	133	1
47	158	1
47	200	1
47	320	-2
47	326	-2
47	400	2
48	66	1
48	95	1
48	112	1
48	147	1
48	183	1
48	188	1
48	265	2
48	314	2
48	319	-2
49	151	1
49	154	1
49	204	1
49	206	1
49	208	1
49	273	2
49	302	2
49	379	-2
50	82	1
50	86	1
50	92	1
50	153	1
50	200	1
50	320	-2
50	361	-2
50	383	2
51	63	1
51	101	1
51	161	1
51	177	1
51	368	2
51	401	-2
51	429	-2
52	75	1
52	140	1
52	177	1
52	190	1
52	201	1
52	254	-2
52	308	-2
52	377	2
53	59	1
53	114	1
53	146	1
53	149	1
53	154	1
53	279	-2
53	393	2
53	434	2
54	67	1
54	68	1
54	162	1
54	190	1
54	201	1
54	249	2
54	291	-2
54	362	-2
55	158	1
55	178	1
55	196	1
55	210	1
55	250	2
55	296	-2
55	400	2
56	70	1
56	102	1
56	125	1
56	202	1
56	218	1
56	334	2
56	414	2
56	418	-2
57	113	1
57	115	1
57	206	1
57	238	-2
57	297	2
57	424	2
58	110	1
58	137	1
58	159	1
58	160	1
58	183	1
58	191	1
58	346	-2
58	360	2
58	428	2
59	105	1
59	144	1
59	149	1
59	169	1
59	242	2
59	258	-2
59	393	2
60	61	1
60	68	1
60	70	1
60	93	1
60	123	1
60	126	1
60	315	-2
60	366	-2
60	408	2
61	70	1
61	174	1
61	175	1
61	192	1
61	215	1
61	257	2
61	408	2
61	437	2
62	84	1
62	172	1
62	174	1
62	175	1
62	204	1
62	259	-2
62	305	2
62	431	-2
63	123	1
63	156	1
63	158	1
63	221	1
63	225	2
63	352	2
63	401	-2
64	74	1
64	83	1
64	119	1
64	184	1
64	191	1
64	222	1
64	252	2
64	264	2
64	295	-2
65	88	1
65	167	1
65	194	1
65	243	2
65	263	2
65	318	2
66	138	1
66	177	1
66	188	1
66	197	1
66	313	-2
66	314	2
66	394	2
67	75	1
67	103	1
67	162	1
67	196	1
67	249	2
67	358	2
67	419	-2
68	126	1
68	174	1
68	194	1
68	201	1
68	362	-2
68	366	-2
68	405	-2
69	97	1
69	126	1
69	138	1
69	179	1
69	222	1
69	323	2
69	391	2
69	417	2
70	171	1
70	218	1
70	261	-2
70	408	2
70	414	2
71	97	1
71	101	1
71	154	1
71	165	1
71	215	1
71	310	2
71	338	-2
71	426	2
72	81	1
72	103	1
72	189	1
72	195	1
72	304	2
72	353	2
72	410	2
73	84	1
73	120	1
73	373	2
73	376	-2
73	436	-2
74	83	1
74	217	1
74	219	1
74	252	2
74	275	-2
74	312	-2
75	103	1
75	211	1
75	349	-2
75	377	2
75	419	-2
76	118	1
76	120	1
76	145	1
76	166	1
76	202	1
76	207	1
76	274	-2
76	347	-2
76	403	-2
77	89	1
77	102	1
77	107	1
77	199	1
77	218	1
77	248	-2
77	325	2
77	374	2
78	93	1
78	163	1
78	166	1
78	210	1
78	306	2
78	356	-2
78	380	-2
79	90	1
79	181	1
79	187	1
79	188	1
79	192	1
79	220	1
79	236	-2
79	247	2
79	371	-2
80	92	1
80	113	1
80	145	1
80	195	1
80	240	-2
80	290	-2
80	387	-2
81	84	1
81	135	1
81	152	1
81	175	1
81	288	-2
81	342	2
81	353	2
82	141	1
82	153	1
82	169	1
82	232	2
82	361	-2
82	420	2
83	160	1
83	170	1
83	173	1
83	252	2
83	328	2
83	345	2
84	174	1
84	175	1
84	259	-2
84	288	-2
84	436	-2
85	108	1
85	134	1
85	157	1
85	165	1
85	172	1
85	195	1
85	267	2
85	348	2
85	384	2
86	92	1
86	133	1
86	156	1
86	197	1
86	234	2
86	326	-2
86	383	2
87	124	1
87	187	1
87	239	2
87	294	-2
87	332	-2
88	90	1
88	178	1
88	216	1
88	263	2
88	307	-2
88	309	-2
89	107	1
89	129	1
89	167	1
89	184	1
89	248	-2
89	386	2
89	444	2
90	100	1
90	191	1
90	216	1
90	220	1
90	236	-2
90	307	-2
90	378	2
91	93	1
91	141	1
91	153	1
91	179	1
91	182	1
91	415	2
91	427	-2
91	445	2
92	171	1
92	180	1
92	240	-2
92	383	2
92	443	-2
93	123	1
93	182	1
93	315	-2
93	380	-2
93	415	2
94	99	1
94	139	1
94	184	1
94	207	1
94	211	1
94	321	-2
94	411	-2
94	447	-2
95	107	1
95	112	1
95	145	1
95	221	1
95	224	1
95	237	-2
95	319	-2
95	425	-2
96	107	1
96	124	1
96	155	1
96	159	1
96	166	1
96	289	-2
96	301	-2
96	363	-2
97	201	1
97	215	1
97	222	1
97	338	-2
97	341	-2
97	417	2
98	111	1
98	137	1
98	167	1
98	209	1
98	223	1
98	299	-2
98	375	2
98	399	-2
99	108	1
99	118	1
99	146	1
99	214	1
99	329	-2
99	370	-2
99	447	-2
100	173	1
100	191	1
100	336	2
100	337	2
100	378	2
101	109	1
101	163	1
101	271	2
101	368	2
101	426	2
102	129	1
102	199	1
102	333	-2
102	334	2
102	374	2
103	208	1
103	224	1
103	280	-2
103	410	2
103	419	-2
104	115	1
104	121	1
104	139	1
104	185	1
104	216	1
104	253	-2
104	278	2
104	324	2
105	141	1
105	144	1
105	148	1
105	189	1
105	198	1
105	226	2
105	242	2
105	335	2
106	128	1
106	179	1
106	198	1
106	282	-2
106	292	2
106	365	-2
107	145	1
107	155	1
107	248	-2
107	363	-2
107	425	-2
108	118	1
108	136	1
108	172	1
108	188	1
108	348	2
108	370	-2
108	435	2
109	143	1
109	147	1
109	163	1
109	169	1
109	245	2
109	271	2
109	446	-2
110	111	1
110	159	1
110	181	1
110	185	1
110	260	2
110	343	2
110	428	2
111	140	1
111	146	1
111	181	1
111	260	2
111	397	-2
111	399	-2
112	161	1
112	218	1
112	277	2
112	319	-2
112	390	2
113	133	1
113	206	1
113	290	-2
113	297	2
113	432	2
114	135	1
114	143	1
114	160	1
114	207	1
114	246	2
114	434	2
114	441	-2
115	213	1
115	241	-2
115	253	-2
115	424	2
116	193	1
116	206	1
116	216	1
116	217	1
116	256	2
116	330	2
116	359	-2
117	143	1
117	180	1
117	194	1
117	269	2
117	300	2
117	367	2
118	150	1
118	166	1
118	168	1
118	370	-2
118	385	2
118	403	-2
119	122	1
119	191	1
119	244	-2
119	295	-2
119	409	2
120	145	1
120	209	1
120	274	-2
120	376	-2
120	422	2
121	122	1
121	129	1
121	161	1
121	216	1
121	316	-2
121	324	2
121	416	-2
122	189	1
122	244	-2
122	255	-2
122	316	-2
123	158	1
123	176	1
123	185	1
123	281	-2
123	315	-2
123	352	2
124	239	2
124	301	-2
124	311	-2
125	135	1
125	196	1
125	202	1
125	210	1
125	222	1
125	389	-2
125	418	-2
125	423	-2
126	165	1
126	179	1
126	366	-2
126	391	2
126	402	-2
127	134	1
127	153	1
127	163	1
127	186	1
127	203	1
127	229	-2
127	317	-2
127	364	2
128	148	1
128	183	1
128	198	1
128	219	1
128	233	2
128	292	2
128	404	2
129	161	1
129	333	-2
129	386	2
129	416	-2
130	150	1
130	158	1
130	303	-2
130	344	-2
130	398	2
131	152	1
131	159	1
131	193	1
131	208	1
131	212	1
131	284	-2
131	298	2
131	357	-2
132	162	1
132	164	1
132	182	1
132	199	1
132	272	2
132	351	2
132	396	2
133	190	1
133	326	-2
133	432	2
133	438	-2
134	153	1
134	157	1
134	220	1
134	293	2
134	317	-2
134	384	2
135	152	1
135	207	1
135	222	1
135	342	2
135	423	-2
135	441	-2
136	188	1
136	197	1
136	202	1
136	215	1
136	382	-2
136	430	2
136	435	2
137	144	1
137	160	1
137	223	1
137	227	-2
137	360	2
137	375	2
138	150	1
138	177	1
138	212	1
138	231	-2
138	313	-2
138	323	2
139	185	1
139	207	1
139	221	1
139	228	-2
139	278	2
139	321	-2
140	146	1
140	155	1
140	190	1
140	308	-2
140	372	-2
140	397	-2
141	148	1
141	169	1
141	179	1
141	335	2
141	420	2
141	427	-2
142	178	1
142	180	1
142	217	1
142	340	-2
142	439	-2
142	448	2
143	147	1
143	160	1
143	194	1
143	245	2
143	246	2
143	367	2
144	213	1
144	227	-2
144	242	2
144	270	-2
145	195	1
145	274	-2
145	387	-2
145	425	-2
146	154	1
146	214	1
146	279	-2
146	329	-2
146	397	-2
147	183	1
147	245	2
147	265	2
147	395	2
148	164	1
148	183	1
148	233	2
148	283	2
148	335	2
149	251	2
149	393	2
149	440	2
150	168	1
150	212	1
150	231	-2
150	303	-2
150	385	2
151	172	1
151	186	1
151	204	1
151	273	2
151	327	-2
151	355	2
152	159	1
152	213	1
152	276	2
152	342	2
152	357	-2
153	317	-2
153	361	-2
153	445	2
154	165	1
154	208	1
154	279	-2
154	310	2
154	379	-2
155	285	2
155	363	-2
155	372	-2
156	168	1
156	171	1
156	197	1
156	221	1
156	225	2
156	234	2
156	407	2
157	212	1
157	235	-2
157	262	2
157	384	2
158	344	-2
158	352	2
158	400	2
159	166	1
159	289	-2
159	357	-2
159	428	2
160	173	1
160	246	2
160	345	2
160	360	2
161	177	1
161	218	1
161	390	2
161	416	-2
161	429	-2
162	249	2
162	351	2
162	388	-2
163	210	1
163	271	2
163	356	-2
163	364	2
164	187	1
164	283	2
164	381	2
164	396	2
165	195	1
165	267	2
165	310	2
165	402	-2
166	289	-2
166	306	2
166	403	-2
167	184	1
167	194	1
167	209	1
167	299	-2
167	318	2
167	444	2
168	171	1
168	205	1
168	331	-2
168	385	2
168	407	2
169	258	-2
169	420	2
169	446	-2
170	200	1
170	203	1
170	214	1
170	268	-2
170	322	2
170	328	2
171	180	1
171	261	-2
171	407	2
171	443	-2
172	204	1
172	305	2
172	327	-2
172	348	2
173	200	1
173	219	1
173	336	2
173	345	2
173	392	-2
174	194	1
174	215	1
174	257	2
174	259	-2
174	405	-2
175	192	1
175	288	-2
175	431	-2
175	437	2
176	185	1
176	192	1
176	223	1
176	224	1
176	281	-2
176	354	-2
176	406	-2
177	201	1
177	254	-2
177	313	-2
177	429	-2
178	250	2
178	309	-2
178	340	-2
179	365	-2
179	391	2
179	427	-2
180	269	2
180	439	-2
180	443	-2
181	188	1
181	211	1
181	247	2
181	260	2
181	421	2
182	199	1
182	272	2
182	413	2
182	415	2
183	191	1
183	233	2
183	265	2
183	346	-2
184	211	1
184	222	1
184	264	2
184	411	-2
184	444	2
185	278	2
185	281	-2
185	343	2
186	203	1
186	220	1
186	229	-2
186	355	2
186	433	-2
187	192	1
187	332	-2
187	371	-2
187	381	2
188	247	2
188	314	2
188	435	2
189	195	1
189	198	1
189	226	2
189	255	-2
189	304	2
190	291	-2
190	308	-2
190	438	-2
191	295	-2
191	346	-2
191	378	2
192	223	1
192	354	-2
192	371	-2
192	437	2
193	204	1
193	205	1
193	212	1
193	256	2
193	284	-2
193	286	-2
194	318	2
194	367	2
194	405	-2
195	267	2
195	304	2
195	387	-2
196	210	2
196	296	-2
196	358	2
196	389	-2
197	215	1
197	234	2
197	394	2
197	430	2
198	226	2
198	230	-2
198	292	2
199	272	2
199	374	2
199	442	2
200	214	1
200	219	1
200	320	-2
200	322	2
200	392	-2
201	254	-2
201	341	-2
201	362	-2
202	207	1
202	347	-2
202	382	-2
202	418	-2
203	229	-2
203	268	-2
203	350	-2
204	205	1
204	273	2
204	286	-2
204	305	2
205	209	1
205	286	-2
205	331	-2
205	369	2
206	217	1
206	297	2
206	302	2
206	330	2
207	321	-2
207	347	-2
207	441	-2
208	224	1
208	280	-2
208	298	2
208	379	-2
209	299	-2
209	369	2
209	422	2
210	296	-2
210	356	-2
210	389	-2
211	349	-2
211	411	-2
211	421	2
212	231	-2
212	235	-2
212	284	-2
213	241	-2
213	270	-2
213	276	2
214	287	2
214	322	2
214	329	-2
215	257	2
215	338	-2
215	430	2
216	307	-2
216	324	2
216	359	-2
217	275	-2
217	330	2
217	448	2
218	325	2
218	390	2
218	414	2
219	312	-2
219	392	-2
219	404	2
220	236	-2
220	293	2
220	433	-2
221	224	1
221	225	2
221	228	-2
221	237	-2
222	264	2
222	417	2
222	423	-2
223	266	2
223	354	-2
223	375	2
224	237	-2
224	280	-2
224	406	-2
