1	1	-1
2	2	1
3	3	1
4	4	1
5	5	1
6	6	-3
7	7	-3
8	8	-1
9	9	-3
10	10	3
11	11	3
12	12	-1
13	13	-1
14	14	-3
15	15	-1
16	16	1
17	17	-1
18	18	-1
19	19	-1
20	20	1
21	21	-1
22	22	-1
23	23	3
24	24	1
25	25	-1
26	26	1
27	27	1
28	28	-1
29	29	1
30	30	1
31	31	1
32	32	1
33	33	-3
34	34	-1
35	35	1
36	36	3
37	37	-1
38	38	-1
39	39	-3
40	40	3
41	41	-1
42	42	3
43	43	-1
44	44	3
45	45	3
46	46	-1
47	47	1
48	48	-1
49	49	1
50	50	1
51	51	-1
52	52	-1
53	53	1
54	54	-1
55	55	1
56	56	1
57	57	-3
58	58	1
59	59	-1
60	60	3
61	61	3
62	62	1
63	63	1
64	64	1
65	65	-1
66	66	3
67	67	1
68	68	-1
69	69	1
70	70	-1
71	71	3
72	72	1
73	73	-1
74	74	-1
75	75	1
76	76	3
77	77	-3
78	78	3
79	79	1
80	80	1
81	81	1
82	82	3
83	83	1
84	84	-1
85	85	-3
86	86	-1
87	87	1
88	88	1
89	89	1
90	90	1
91	91	-1
92	92	1
93	93	1
94	94	-1
95	95	-1
96	96	3
97	97	1
98	98	3
99	99	1
100	100	1
101	101	-3
102	102	3
103	103	3
104	104	3
105	105	1
106	106	-1
107	107	3
108	108	3
109	109	1
110	110	3
111	111	-1
112	112	1
113	113	2
114	114	-2
115	115	-2
116	116	-2
117	117	2
118	118	2
119	119	-2
120	120	2
121	121	-2
122	122	2
123	123	-2
124	124	-2
125	125	2
126	126	-2
127	127	2
128	128	-2
129	129	2
130	130	2
131	131	2
132	132	-2
133	133	2
134	134	-2
135	135	-2
136	136	-2
137	137	2
138	138	2
139	139	-2
140	140	-2
141	141	2
142	142	-2
143	143	2
144	144	-2
145	145	2
146	146	-2
147	147	-2
148	148	2
149	149	2
150	150	-2
151	151	2
152	152	2
153	153	-2
154	154	2
155	155	2
156	156	-2
157	157	-2
158	158	2
159	159	2
160	160	2
161	161	2
162	162	2
163	163	2
164	164	2
165	165	2
166	166	-2
167	167	-2
168	168	2
169	169	2
170	170	2
171	171	-2
172	172	-2
173	173	-2
174	174	-2
175	175	-2
176	176	-2
177	177	-2
178	178	-2
179	179	2
180	180	-2
181	181	-2
182	182	-2
183	183	2
184	184	-2
185	185	2
186	186	2
187	187	2
188	188	2
189	189	-2
190	190	-2
191	191	-2
192	192	-2
193	193	-2
194	194	2
195	195	-2
196	196	-2
197	197	-2
198	198	2
199	199	2
200	200	-2
201	201	-2
202	202	2
203	203	-2
204	204	-2
205	205	-2
206	206	-2
207	207	2
208	208	-2
209	209	2
210	210	-2
211	211	-2
212	212	-2
213	213	-2
214	214	-2
215	215	-2
216	216	2
217	217	2
218	218	2
219	219	2
220	220	-2
221	221	2
222	222	2
223	223	2
224	224	-2
1	37	1
1	43	1
1	52	1
1	68	1
1	86	1
1	108	1
1	128	2
1	201	-2
1	210	2
2	5	1
2	51	1
2	89	1
2	103	1
2	110	1
2	112	1
2	116	-2
2	133	-2
2	160	2
3	4	1
3	34	1
3	56	1
3	57	1
3	59	1
3	90	1
3	154	2
3	189	-2
3	191	2
4	9	1
4	22	1
4	66	1
4	90	1
4	109	1
4	127	-2
4	148	2
4	189	-2
5	52	1
5	66	1
5	77	1
5	78	1
5	103	1
5	116	-2
5	171	-2
5	208	2
6	19	1
6	20	1
6	65	1
6	79	1
6	85	1
6	95	1
6	114	2
6	177	2
6	220	2
7	9	1
7	14	1
7	16	1
7	54	1
7	88	1
7	93	1
7	144	2
7	182	2
7	217	-2
8	47	1
8	57	1
8	77	1
8	92	1
8	97	1
8	101	1
8	157	-2
8	159	-2
8	224	2
9	22	1
9	24	1
9	48	1
9	88	1
9	127	-2
9	144	2
9	214	2
10	16	1
10	23	1
10	61	1
10	73	1
10	87	1
10	105	1
10	119	-2
10	142	-2
10	163	2
11	22	1
11	31	1
11	37	1
11	44	1
11	58	1
11	102	1
11	122	2
11	178	-2
11	223	2
12	47	1
12	63	1
12	81	1
12	83	1
12	87	1
12	109	1
12	118	-2
12	166	2
12	192	-2
13	17	1
13	30	1
13	44	1
13	53	1
13	67	1
13	108	1
13	164	-2
13	165	2
13	211	2
14	15	1
14	33	1
14	50	1
14	69	1
14	93	1
14	141	-2
14	182	2
14	198	-2
15	27	1
15	33	1
15	48	1
15	97	1
15	106	1
15	136	2
15	145	2
15	198	-2
16	20	1
16	54	1
16	87	1
16	105	1
16	119	-2
16	170	2
16	217	-2
17	43	1
17	54	1
17	67	1
17	90	1
17	94	1
17	164	-2
17	212	2
17	215	-2
18	56	1
18	60	1
18	66	1
18	73	1
18	74	1
18	84	1
18	120	-2
18	155	-2
18	203	-2
19	20	1
19	35	1
19	98	1
19	104	1
19	112	1
19	151	-2
19	200	-2
19	220	2
20	21	1
20	63	1
20	105	1
20	138	2
20	170	2
20	220	2
21	37	1
21	38	1
21	49	1
21	59	1
21	63	1
21	130	-2
21	138	2
21	202	-2
22	31	1
22	58	1
22	101	1
22	127	-2
22	139	2
22	178	-2
23	36	1
23	61	1
23	69	1
23	78	1
23	88	1
23	142	-2
23	184	-2
23	195	-2
24	30	1
24	48	1
24	62	1
24	102	1
24	107	1
24	125	2
24	135	-2
24	214	2
25	32	1
25	33	1
25	70	1
25	84	1
25	86	1
25	91	1
25	115	2
25	190	2
25	216	2
26	34	1
26	71	1
26	83	1
26	89	1
26	91	1
26	107	1
26	124	-2
26	143	-2
26	161	2
27	97	1
27	99	1
27	100	1
27	102	1
27	106	1
27	136	2
27	162	2
27	218	2
28	39	1
28	58	1
28	76	1
28	95	2
28	101	1
28	113	2
28	123	2
28	156	2
29	41	1
29	51	1
29	55	1
29	65	1
29	74	1
29	104	1
29	137	2
29	140	-2
29	172	2
30	49	1
30	53	1
30	67	1
30	102	1
30	135	-2
30	206	-2
30	211	2
31	44	1
31	53	1
31	67	1
31	101	1
31	122	2
31	139	2
31	213	-2
32	42	1
32	60	1
32	62	1
32	70	1
32	84	1
32	126	2
32	174	-2
32	216	2
33	34	1
33	63	1
33	91	1
33	115	2
33	131	-2
33	198	-2
34	56	1
34	63	1
34	91	1
34	131	-2
34	143	-2
34	154	2
35	40	1
35	80	1
35	107	1
35	108	1
35	112	1
35	151	-2
35	197	-2
35	199	2
36	42	1
36	46	1
36	82	1
36	88	1
36	109	1
36	175	-2
36	185	2
36	195	-2
37	59	1
37	86	1
37	102	1
37	130	-2
37	210	2
37	223	2
38	49	1
38	65	1
38	76	1
38	82	1
38	85	1
38	121	-2
38	134	2
38	202	-2
39	41	1
39	72	1
39	84	1
39	87	1
39	95	1
39	123	2
39	187	-2
39	193	2
40	42	1
40	71	1
40	93	1
40	107	1
40	111	1
40	149	2
40	196	-2
40	197	-2
41	55	1
41	64	1
41	72	1
41	80	1
41	137	2
41	153	2
41	187	-2
42	60	1
42	82	1
42	93	1
42	174	-2
42	185	2
42	196	-2
43	59	1
43	68	1
43	79	1
43	94	1
43	128	2
43	209	2
43	212	2
44	58	1
44	61	1
44	108	1
44	122	2
44	150	-2
44	165	2
45	56	1
45	61	1
45	64	1
45	72	1
45	80	1
45	88	1
45	173	-2
45	180	-2
45	207	2
46	73	1
46	90	1
46	92	1
46	109	1
46	111	1
46	175	-2
46	186	-2
46	194	-2
47	69	1
47	75	1
47	83	1
47	92	1
47	118	-2
47	147	-2
47	157	-2
48	55	1
48	85	1
48	97	1
48	117	-2
48	145	2
48	214	2
49	67	1
49	83	1
49	86	1
49	167	-2
49	202	-2
49	206	-2
50	68	1
50	69	1
50	72	1
50	106	1
50	110	1
50	141	-2
50	176	-2
50	179	2
51	64	1
51	74	1
51	89	1
51	100	1
51	133	-2
51	172	2
51	221	2
52	77	1
52	99	1
52	100	1
52	108	1
52	201	-2
52	205	2
52	208	2
53	62	1
53	67	1
53	71	1
53	132	-2
53	211	2
53	213	-2
54	57	1
54	77	1
54	90	1
54	152	-2
54	215	-2
54	217	-2
55	75	1
55	85	1
55	96	1
55	117	-2
55	129	2
55	137	2
56	61	1
56	74	1
56	154	2
56	155	-2
56	173	-2
57	59	1
57	77	1
57	101	1
57	152	-2
57	191	2
57	224	2
58	61	1
58	101	1
58	150	-2
58	156	2
58	178	-2
59	79	1
59	130	-2
59	191	2
59	209	2
60	66	1
60	93	1
60	103	1
60	168	2
60	174	-2
60	203	-2
61	142	-2
61	150	-2
61	173	-2
62	70	1
62	71	1
62	107	1
62	125	2
62	126	2
62	132	-2
63	87	1
63	131	-2
63	138	2
63	192	-2
64	80	2
64	100	1
64	153	2
64	207	2
64	221	2
65	85	1
65	95	1
65	104	1
65	134	2
65	140	-2
65	177	2
66	78	1
66	109	1
66	148	2
66	171	-2
66	203	-2
67	164	-2
67	206	-2
67	213	-2
68	75	1
68	94	1
68	110	1
68	128	2
68	179	2
68	219	-2
69	75	1
69	78	1
69	141	-2
69	147	-2
69	184	-2
70	86	1
70	96	1
70	110	1
70	126	2
70	146	-2
70	190	2
71	107	1
71	111	1
71	124	-2
71	132	-2
71	149	2
72	88	1
72	106	1
72	176	-2
72	180	-2
72	187	-2
73	84	1
73	92	1
73	105	1
73	120	-2
73	163	2
73	194	-2
74	79	1
74	98	1
74	155	-2
74	169	2
74	172	2
75	94	1
75	96	1
75	129	2
75	147	-2
75	219	-2
76	81	1
76	82	1
76	95	1
76	112	1
76	113	2
76	121	-2
76	222	2
77	97	1
77	152	-2
77	159	-2
77	208	2
78	82	1
78	92	1
78	171	-2
78	183	2
78	184	-2
79	85	1
79	98	1
79	114	2
79	169	2
79	209	2
80	108	1
80	153	2
80	199	2
80	207	2
81	89	1
81	103	1
81	109	1
81	112	1
81	166	2
81	204	-2
81	222	2
82	92	1
82	121	-2
82	183	2
82	185	2
83	86	1
83	89	1
83	118	-2
83	161	2
83	167	-2
84	87	1
84	120	-2
84	193	2
84	216	2
85	114	2
85	117	-2
85	134	2
86	167	-2
86	190	2
86	210	2
87	119	-2
87	192	-2
87	193	2
88	144	2
88	180	-2
88	195	-2
89	103	1
89	133	-2
89	161	2
89	204	-2
90	111	1
90	186	-2
90	189	-2
90	215	-2
91	98	1
91	99	1
91	115	2
91	143	-2
91	188	2
92	157	-2
92	183	2
92	194	-2
93	103	1
93	168	2
93	182	2
93	196	-2
94	96	1
94	104	1
94	158	2
94	212	2
94	219	-2
95	113	2
95	123	2
95	177	2
96	104	1
96	110	1
96	129	2
96	146	-2
96	158	2
97	102	1
97	145	2
97	159	-2
97	162	2
98	99	1
98	104	1
98	169	2
98	188	2
98	200	-2
99	100	2
99	188	2
99	205	2
99	218	2
100	205	2
100	218	2
100	221	2
101	139	2
101	156	2
101	224	2
102	135	-2
102	162	2
102	223	2
103	116	-2
103	168	2
103	204	-2
104	140	-2
104	158	2
104	200	-2
105	106	1
105	111	1
105	163	2
105	170	2
105	181	2
106	111	1
106	136	2
106	176	-2
106	181	2
107	124	-2
107	125	2
107	197	-2
108	165	2
108	199	2
108	201	-2
109	148	2
109	166	2
109	175	-2
110	112	1
110	146	-2
110	160	2
110	179	2
111	149	2
111	181	2
111	186	-2
112	151	-2
112	160	2
112	222	2
