1	1	1
2	2	1
3	3	-1
4	4	-3
5	5	-1
6	6	1
7	7	1
8	8	-3
9	9	3
10	10	3
11	11	-1
12	12	1
13	13	1
14	14	-1
15	15	-1
16	16	-3
17	17	1
18	18	-1
19	19	1
20	20	-3
21	21	3
22	22	1
23	23	1
24	24	-1
25	25	-1
26	26	-1
27	27	3
28	28	3
29	29	-1
30	30	-1
31	31	1
32	32	1
33	33	1
34	34	3
35	35	-1
36	36	3
37	37	3
38	38	-1
39	39	-3
40	40	-1
41	41	1
42	42	-3
43	43	-1
44	44	-3
45	45	3
46	46	-1
47	47	1
48	48	3
49	49	-1
50	50	-3
51	51	1
52	52	3
53	53	-1
54	54	-3
55	55	1
56	56	1
57	57	1
58	58	1
59	59	3
60	60	-1
61	61	3
62	62	3
63	63	1
64	64	3
65	65	-1
66	66	-1
67	67	-3
68	68	1
69	69	3
70	70	1
71	71	3
72	72	1
73	73	1
74	74	1
75	75	1
76	76	1
77	77	1
78	78	-1
79	79	-1
80	80	-1
81	81	-1
82	82	1
83	83	-3
84	84	1
85	85	-1
86	86	-3
87	87	-1
88	88	1
89	89	-3
90	90	3
91	91	-1
92	92	1
93	93	-1
94	94	-3
95	95	-1
96	96	1
97	97	1
98	98	-1
99	99	1
100	100	-1
101	101	1
102	102	-1
103	103	3
104	104	1
105	105	3
106	106	1
107	107	1
108	108	-3
109	109	-1
110	110	-1
111	111	3
112	112	1
113	113	-2
114	114	2
115	115	2
116	116	-2
117	117	-2
118	118	2
119	119	-2
120	120	-2
121	121	-2
122	122	2
123	123	-2
124	124	2
125	125	2
126	126	-2
127	127	-2
128	128	2
129	129	2
130	130	2
131	131	2
132	132	2
133	133	-2
134	134	-2
135	135	-2
136	136	-2
137	137	2
138	138	-2
139	139	-2
140	140	-2
141	141	2
142	142	-2
143	143	2
144	144	2
145	145	2
146	146	-2
147	147	-2
148	148	-2
149	149	-2
150	150	2
151	151	2
152	152	2
153	153	-2
154	154	-2
155	155	2
156	156	-2
157	157	-2
158	158	-2
159	159	-2
160	160	-2
161	161	2
162	162	2
163	163	-2
164	164	-2
165	165	2
166	166	2
167	167	-2
168	168	2
169	169	-2
170	170	2
171	171	2
172	172	-2
173	173	-2
174	174	-2
175	175	2
176	176	-2
177	177	-2
178	178	2
179	179	-2
180	180	-2
181	181	2
182	182	2
183	183	-2
184	184	2
185	185	2
186	186	2
187	187	-2
188	188	2
189	189	-2
190	190	-2
191	191	-2
192	192	-2
193	193	-2
194	194	2
195	195	-2
196	196	2
197	197	-2
198	198	2
199	199	2
200	200	2
201	201	2
202	202	-2
203	203	2
204	204	-2
205	205	-2
206	206	-2
207	207	-2
208	208	2
209	209	2
210	210	-2
211	211	2
212	212	2
213	213	2
214	214	2
215	215	-2
216	216	2
217	217	-2
218	218	2
219	219	-2
220	220	2
221	221	-2
222	222	2
223	223	-2
224	224	-2
1	7	1
1	9	1
1	65	1
1	72	1
1	85	1
1	92	1
1	144	2
1	201	2
1	221	2
2	51	1
2	64	1
2	69	1
2	102	1
2	103	1
2	109	1
2	116	-2
2	181	2
2	185	-2
3	9	1
3	12	1
3	22	1
3	23	1
3	40	1
3	109	1
3	180	-2
3	189	2
3	205	2
4	8	1
4	55	1
4	60	1
4	67	1
4	84	1
4	89	1
4	154	2
4	170	-2
4	217	2
5	19	1
5	75	1
5	78	1
5	80	1
5	89	1
5	101	1
5	155	-2
5	215	-2
5	218	-2
6	52	1
6	62	1
6	86	1
6	96	1
6	97	1
6	111	1
6	129	2
6	203	-2
6	210	-2
7	45	1
7	54	1
7	65	1
7	72	1
7	99	1
7	140	2
7	144	2
7	152	2
8	16	1
8	49	1
8	53	1
8	67	1
8	89	1
8	159	2
8	170	-2
8	178	-2
9	12	1
9	32	1
9	41	1
9	92	1
9	123	-2
9	180	-2
9	201	2
10	15	1
10	61	1
10	69	2
10	70	1
10	88	1
10	121	-2
10	145	2
10	160	-2
11	20	1
11	21	1
11	35	1
11	70	1
11	87	1
11	98	1
11	138	2
11	143	2
11	148	2
12	25	1
12	54	1
12	95	1
12	98	1
12	141	-2
12	165	2
12	180	-2
13	37	1
13	63	1
13	93	1
13	97	1
13	109	1
13	110	1
13	151	2
13	163	-2
13	220	-2
14	44	1
14	67	1
14	74	1
14	90	1
14	94	1
14	112	1
14	147	2
14	175	2
14	219	2
15	26	1
15	46	1
15	58	1
15	70	1
15	110	1
15	135	2
15	145	2
15	211	-2
16	33	1
16	38	1
16	67	1
16	79	1
16	85	1
16	119	2
16	178	-2
16	214	-2
17	24	1
17	48	1
17	61	1
17	62	1
17	64	1
17	79	1
17	118	-2
17	172	-2
17	193	-2
18	22	1
18	23	1
18	30	1
18	73	1
18	93	1
18	100	1
18	127	2
18	157	-2
18	173	2
19	24	1
19	47	1
19	73	1
19	76	1
19	101	1
19	182	-2
19	191	-2
19	215	-2
20	35	2
20	42	1
20	50	1
20	82	1
20	128	-2
20	148	2
20	212	-2
21	38	1
21	68	1
21	70	1
21	101	1
21	107	1
21	143	2
21	166	2
21	188	2
22	23	2
22	59	1
22	77	1
22	157	-2
22	176	-2
22	205	2
23	26	1
23	58	1
23	117	-2
23	157	-2
23	205	2
24	47	1
24	66	1
24	79	1
24	84	1
24	115	2
24	118	-2
24	182	-2
25	28	1
25	42	1
25	54	1
25	56	1
25	81	1
25	141	-2
25	186	-2
25	200	2
26	44	1
26	46	1
26	58	1
26	95	1
26	117	-2
26	149	2
26	211	-2
27	31	1
27	48	2
27	52	1
27	57	1
27	74	1
27	134	-2
27	194	2
27	213	2
28	51	1
28	56	1
28	81	1
28	91	1
28	111	1
28	114	2
28	174	-2
28	200	2
29	47	1
29	50	1
29	58	1
29	60	1
29	83	1
29	108	1
29	177	2
29	204	-2
29	222	-2
30	32	1
30	62	1
30	74	1
30	100	1
30	107	1
30	173	2
30	216	2
30	224	2
31	43	1
31	57	1
31	71	1
31	74	1
31	110	1
31	113	2
31	124	2
31	213	2
32	41	1
32	56	1
32	62	1
32	70	1
32	123	-2
32	192	2
32	216	2
33	38	1
33	63	1
33	90	1
33	96	1
33	102	1
33	184	2
33	206	-2
33	214	-2
34	40	1
34	56	1
34	71	1
34	85	1
34	104	1
34	112	1
34	146	-2
34	164	-2
34	196	2
35	37	1
35	42	1
35	84	1
35	148	2
35	199	2
35	212	-2
36	37	1
36	52	1
36	78	1
36	92	1
36	104	1
36	105	1
36	137	2
36	156	-2
36	183	-2
37	84	1
37	93	1
37	104	1
37	151	2
37	156	-2
37	199	2
38	83	1
38	107	1
38	108	1
38	188	2
38	197	2
38	214	-2
39	42	1
39	46	1
39	66	1
39	76	1
39	78	1
39	91	1
39	133	2
39	168	-2
39	202	2
40	72	1
40	86	1
40	109	1
40	112	1
40	130	-2
40	189	2
40	196	2
41	55	1
41	80	1
41	102	1
41	108	1
41	123	-2
41	139	-2
41	161	-2
42	46	1
42	81	1
42	186	-2
42	202	2
42	212	-2
43	57	1
43	86	1
43	94	1
43	97	1
43	106	1
43	113	2
43	158	2
43	162	2
44	88	1
44	94	1
44	95	1
44	100	1
44	149	2
44	169	2
44	219	2
45	64	1
45	65	1
45	72	1
45	87	1
45	99	1
45	152	2
45	167	-2
45	195	-2
46	49	1
46	79	1
46	126	-2
46	202	2
46	211	-2
47	58	1
47	60	1
47	103	1
47	131	2
47	182	-2
47	204	-2
48	52	1
48	57	1
48	64	1
48	134	-2
48	193	-2
48	194	2
49	53	1
49	77	1
49	79	1
49	96	1
49	120	2
49	126	-2
49	159	2
50	80	1
50	81	1
50	82	1
50	108	1
50	128	-2
50	177	2
50	190	2
51	64	1
51	68	1
51	81	1
51	89	1
51	114	2
51	181	2
51	198	-2
52	62	1
52	92	1
52	129	2
52	137	2
52	194	2
53	59	1
53	66	1
53	82	1
53	91	1
53	153	-2
53	159	2
53	171	-2
54	65	1
54	93	1
54	99	1
54	140	2
54	141	-2
54	208	-2
55	60	1
55	68	1
55	75	1
55	80	1
55	139	-2
55	150	2
55	217	2
56	70	1
56	85	1
56	164	-2
56	192	2
56	200	2
57	75	1
57	76	1
57	113	2
57	134	-2
57	207	-2
58	110	1
58	117	-2
58	135	2
58	204	-2
59	77	1
59	82	1
59	107	1
59	111	1
59	136	-2
59	153	-2
59	176	-2
60	83	1
60	103	1
60	131	2
60	217	2
60	222	-2
61	62	1
61	69	1
61	106	1
61	112	1
61	122	2
61	160	-2
61	172	-2
62	129	2
62	172	-2
62	216	2
63	88	1
63	100	1
63	102	1
63	110	1
63	184	2
63	187	-2
63	220	-2
64	87	1
64	181	2
64	193	-2
64	195	-2
65	85	1
65	93	1
65	152	2
65	208	-2
65	221	2
66	78	1
66	84	1
66	91	1
66	115	2
66	168	-2
66	171	-2
67	84	1
67	112	1
67	147	2
67	154	2
67	178	-2
68	75	1
68	89	1
68	101	1
68	150	2
68	166	2
68	198	-2
69	88	1
69	103	1
69	116	-2
69	121	-2
69	160	-2
70	143	2
70	145	2
70	192	2
71	73	1
71	104	1
71	105	1
71	110	1
71	124	2
71	125	2
71	146	-2
72	86	1
72	99	1
72	130	-2
72	144	2
72	167	-2
73	76	1
73	93	1
73	105	1
73	125	2
73	127	2
73	191	-2
74	90	1
74	107	1
74	175	2
74	213	2
74	224	2
75	76	1
75	89	1
75	150	2
75	155	-2
75	207	-2
76	91	1
76	133	2
76	191	-2
76	207	-2
77	90	1
77	96	1
77	99	1
77	120	2
77	176	-2
77	209	2
78	80	1
78	105	1
78	168	-2
78	183	-2
78	218	-2
79	85	1
79	118	-2
79	119	2
79	126	-2
80	81	1
80	139	-2
80	190	2
80	218	-2
81	114	2
81	186	-2
81	190	2
82	103	1
82	105	1
82	128	-2
82	153	-2
82	179	-2
83	94	1
83	101	1
83	108	1
83	197	2
83	222	-2
83	223	2
84	115	2
84	154	2
84	199	2
85	119	2
85	164	-2
85	221	2
86	94	1
86	97	1
86	130	-2
86	158	2
86	203	-2
87	95	1
87	98	2
87	132	-2
87	138	2
87	195	-2
88	100	2
88	121	-2
88	169	2
88	187	-2
89	155	-2
89	170	-2
89	198	-2
90	96	1
90	99	1
90	175	2
90	206	-2
90	209	2
91	111	1
91	133	2
91	171	-2
91	174	-2
92	104	1
92	106	1
92	137	2
92	142	2
92	201	2
93	127	2
93	151	2
93	208	-2
94	101	1
94	158	2
94	219	2
94	223	2
95	98	2
95	132	-2
95	149	2
95	165	2
96	111	1
96	120	2
96	206	-2
96	210	-2
97	106	1
97	109	1
97	162	2
97	163	-2
97	203	-2
98	132	-2
98	138	2
98	165	2
99	140	2
99	167	-2
99	209	2
100	169	2
100	173	2
100	187	-2
101	166	2
101	215	-2
101	223	2
102	108	1
102	109	1
102	161	-2
102	184	2
102	185	-2
103	105	1
103	116	-2
103	131	2
103	179	-2
104	106	1
104	142	2
104	146	-2
104	156	-2
105	125	2
105	179	-2
105	183	-2
106	112	1
106	122	2
106	142	2
106	162	2
107	111	1
107	136	-2
107	188	2
107	224	2
108	161	-2
108	177	2
108	197	2
109	163	-2
109	185	-2
109	189	2
110	124	2
110	135	2
110	220	-2
111	136	-2
111	174	-2
111	210	-2
112	122	2
112	147	2
112	196	2
