1	1	-1
2	2	1
3	3	-1
4	4	1
5	5	1
6	6	3
7	7	1
8	8	3
9	9	-1
10	10	-1
11	11	-1
12	12	-3
13	13	-1
14	14	-1
15	15	1
16	16	-1
17	17	1
18	18	1
19	19	-3
20	20	-1
21	21	-3
22	22	3
23	23	1
24	24	1
25	25	1
26	26	-1
27	27	1
28	28	-1
29	29	-3
30	30	-1
31	31	1
32	32	3
33	33	1
34	34	-3
35	35	1
36	36	-1
37	37	-1
38	38	-1
39	39	-1
40	40	-1
41	41	1
42	42	-1
43	43	1
44	44	-3
45	45	-1
46	46	-1
47	47	-1
48	48	-3
49	49	-1
50	50	1
51	51	1
52	52	1
53	53	3
54	54	3
55	55	-1
56	56	-1
57	57	-1
58	58	-3
59	59	1
60	60	-1
61	61	-3
62	62	1
63	63	1
64	64	1
65	65	1
66	66	-3
67	67	1
68	68	-3
69	69	3
70	70	1
71	71	-3
72	72	-3
73	73	1
74	74	-1
75	75	-1
76	76	1
77	77	-3
78	78	-3
79	79	-1
80	80	1
81	81	1
82	82	1
83	83	-1
84	84	-1
85	85	-1
86	86	-1
87	87	1
88	88	3
89	89	-1
90	90	-1
91	91	1
92	92	-1
93	93	1
94	94	1
95	95	1
96	96	-3
97	97	1
98	98	-1
99	99	-1
100	100	-1
101	101	1
102	102	1
103	103	-1
104	104	1
105	105	3
106	106	3
107	107	1
108	108	1
109	109	1
110	110	-1
111	111	-1
112	112	-1
113	113	-3
114	114	1
115	115	-1
116	116	-1
117	117	1
118	118	-3
119	119	-3
120	120	-3
121	121	2
122	122	-2
123	123	2
124	124	2
125	125	-2
126	126	-2
127	127	-2
128	128	-2
129	129	2
130	130	2
131	131	-2
132	132	-2
133	133	-2
134	134	2
135	135	2
136	136	-2
137	137	2
138	138	2
139	139	2
140	140	2
141	141	2
142	142	2
143	143	2
144	144	2
145	145	2
146	146	-2
147	147	-2
148	148	2
149	149	-2
150	150	-2
151	151	2
152	152	-2
153	153	2
154	154	-2
155	155	-2
156	156	-2
157	157	-2
158	158	-2
159	159	2
160	160	2
161	161	-2
162	162	-2
163	163	2
164	164	-2
165	165	-2
166	166	-2
167	167	-2
168	168	2
169	169	-2
170	170	2
171	171	-2
172	172	2
173	173	-2
174	174	2
175	175	2
176	176	2
177	177	-2
178	178	2
179	179	2
180	180	2
181	181	-2
182	182	2
183	183	-2
184	184	2
185	185	2
186	186	2
187	187	-2
188	188	-2
189	189	-2
190	190	2
191	191	2
192	192	-2
193	193	-2
194	194	2
195	195	2
196	196	-2
197	197	-2
198	198	2
199	199	2
200	200	2
201	201	2
202	202	-2
203	203	2
204	204	-2
205	205	-2
206	206	-2
207	207	-2
208	208	2
209	209	-2
210	210	2
211	211	2
212	212	-2
213	213	-2
214	214	-2
215	215	-2
216	216	-2
217	217	-2
218	218	2
219	219	2
220	220	2
221	221	2
222	222	-2
223	223	2
224	224	2
225	225	-2
226	226	-2
227	227	-2
228	228	2
229	229	-2
230	230	2
231	231	2
232	232	-2
233	233	2
234	234	2
235	235	-2
236	236	2
237	237	2
238	238	-2
239	239	-2
240	240	-2
1	10	1
1	14	1
1	35	1
1	68	1
1	89	1
1	92	1
1	168	-2
1	177	-2
1	235	2
2	6	1
2	7	1
2	23	1
2	69	1
2	90	1
2	104	1
2	149	2
2	151	2
2	152	-2
3	47	1
3	78	1
3	82	1
3	91	1
3	93	1
3	97	1
3	129	2
3	155	2
3	229	2
4	9	1
4	14	1
4	15	1
4	22	1
4	56	1
4	84	1
4	150	-2
4	186	2
4	214	2
5	18	1
5	61	1
5	86	1
5	97	1
5	101	1
5	109	1
5	127	-2
5	141	2
5	173	2
6	39	1
6	41	1
6	53	1
6	69	1
6	117	1
6	135	2
6	151	2
6	199	2
7	12	1
7	23	1
7	24	1
7	34	1
7	76	1
7	143	-2
7	152	-2
7	236	2
8	32	1
8	50	1
8	59	1
8	73	1
8	79	1
8	82	1
8	153	2
8	191	2
8	231	2
9	56	1
9	90	1
9	95	2
9	101	1
9	131	2
9	181	-2
9	214	2
10	14	1
10	27	1
10	28	1
10	60	1
10	67	1
10	157	2
10	166	-2
10	235	2
11	52	1
11	57	1
11	60	1
11	70	1
11	73	1
11	81	1
11	145	-2
11	196	2
11	208	2
12	34	1
12	39	1
12	89	1
12	100	1
12	112	1
12	124	-2
12	143	-2
12	228	-2
13	16	1
13	37	1
13	46	1
13	51	1
13	66	1
13	109	1
13	132	2
13	148	-2
13	184	2
14	58	1
14	77	1
14	84	1
14	169	2
14	186	2
14	235	2
15	22	1
15	29	1
15	57	1
15	79	1
15	114	1
15	150	-2
15	170	2
15	216	2
16	51	1
16	52	1
16	77	1
16	107	1
16	116	1
16	184	2
16	203	-2
16	207	2
17	22	1
17	37	1
17	43	1
17	55	1
17	66	1
17	98	1
17	172	2
17	230	-2
17	234	2
18	25	1
18	30	1
18	48	1
18	97	1
18	118	1
18	127	-2
18	179	-2
18	222	-2
19	21	1
19	39	1
19	71	2
19	110	1
19	113	1
19	121	-2
19	160	-2
19	202	2
20	43	1
20	67	1
20	83	1
20	86	1
20	115	1
20	117	1
20	147	-2
20	206	2
20	211	-2
21	31	1
21	42	1
21	78	1
21	83	1
21	110	1
21	123	-2
21	136	2
21	202	2
22	55	1
22	62	1
22	87	1
22	150	-2
22	164	-2
22	234	2
23	72	1
23	81	1
23	83	1
23	87	1
23	152	-2
23	220	2
23	233	-2
24	33	1
24	38	1
24	73	1
24	76	1
24	108	1
24	158	-2
24	232	2
24	236	2
25	30	1
25	63	1
25	90	1
25	99	1
25	101	1
25	174	2
25	182	-2
25	222	-2
26	33	1
26	71	1
26	94	1
26	98	1
26	111	1
26	116	1
26	134	-2
26	176	2
26	190	-2
27	31	1
27	65	1
27	67	1
27	75	1
27	120	1
27	125	-2
27	166	-2
27	187	2
28	41	1
28	60	1
28	76	1
28	77	1
28	119	1
28	157	2
28	192	2
28	194	2
29	79	1
29	91	1
29	96	1
29	100	1
29	119	1
29	162	2
29	209	2
29	216	2
30	44	1
30	63	1
30	65	1
30	72	1
30	218	-2
30	222	-2
30	224	-2
31	47	1
31	59	1
31	65	1
31	83	1
31	125	-2
31	136	2
31	146	-2
32	42	1
32	59	1
32	63	1
32	65	1
32	89	1
32	191	2
32	219	2
32	221	2
33	51	1
33	108	1
33	112	1
33	116	1
33	176	2
33	195	2
33	232	2
34	38	1
34	58	1
34	78	1
34	120	1
34	143	-2
34	204	2
34	205	2
35	44	1
35	88	1
35	92	1
35	99	1
35	114	1
35	159	-2
35	177	-2
35	238	-2
36	50	1
36	70	1
36	75	1
36	79	1
36	88	1
36	93	1
36	171	2
36	223	-2
36	225	-2
37	38	1
37	43	1
37	76	1
37	109	1
37	132	2
37	172	2
37	189	2
38	73	1
38	76	1
38	78	1
38	158	-2
38	189	2
38	205	2
39	41	1
39	71	1
39	89	1
39	121	-2
39	124	-2
39	135	2
40	64	1
40	75	1
40	81	1
40	84	1
40	92	1
40	99	1
40	130	2
40	165	2
40	210	-2
41	62	1
41	76	1
41	96	1
41	135	2
41	139	-2
41	194	2
42	44	1
42	63	1
42	78	1
42	84	1
42	123	-2
42	215	2
42	219	2
43	85	1
43	106	1
43	117	1
43	154	-2
43	172	2
43	211	-2
44	72	1
44	84	1
44	114	1
44	159	-2
44	215	2
44	218	-2
45	49	1
45	51	1
45	60	1
45	74	1
45	103	1
45	116	1
45	133	-2
45	200	-2
45	227	2
46	61	1
46	64	1
46	66	1
46	86	1
46	118	1
46	148	-2
46	156	-2
46	237	-2
47	58	1
47	59	1
47	67	1
47	82	1
47	146	-2
47	188	2
47	229	2
48	55	2
48	74	1
48	92	1
48	118	1
48	167	2
48	179	-2
48	239	2
49	51	1
49	57	1
49	74	1
49	94	1
49	113	1
49	138	-2
49	197	-2
49	227	2
50	53	1
50	70	1
50	82	1
50	97	1
50	144	2
50	171	2
50	231	2
51	112	1
51	184	2
51	195	2
51	227	2
52	70	1
52	107	1
52	109	1
52	116	1
52	207	2
52	208	2
52	212	-2
53	80	1
53	97	1
53	117	2
53	128	-2
53	144	2
53	199	2
54	87	1
54	88	1
54	94	1
54	104	1
54	105	1
54	108	1
54	122	-2
54	175	2
54	201	2
55	74	1
55	92	1
55	167	2
55	234	2
55	239	2
56	91	1
56	98	1
56	111	1
56	112	1
56	126	-2
56	163	-2
56	214	2
57	81	1
57	113	1
57	114	1
57	138	-2
57	170	2
57	196	2
58	67	1
58	77	1
58	120	1
58	169	2
58	188	2
58	204	2
59	93	1
59	118	1
59	146	-2
59	191	2
59	198	-2
60	73	1
60	103	1
60	133	-2
60	145	-2
60	157	2
61	85	1
61	86	1
61	115	1
61	118	1
61	173	2
61	178	-2
61	237	-2
62	64	1
62	82	1
62	87	1
62	96	1
62	139	-2
62	164	-2
62	213	-2
63	65	1
63	90	1
63	174	2
63	219	2
63	224	-2
64	82	1
64	86	1
64	99	1
64	156	-2
64	210	-2
64	213	-2
65	89	1
65	125	-2
65	221	2
65	224	-2
66	98	1
66	102	1
66	115	1
66	148	-2
66	230	-2
66	240	2
67	115	1
67	147	-2
67	166	-2
67	188	2
68	89	1
68	96	1
68	103	2
68	113	1
68	142	-2
68	168	-2
68	180	-2
69	80	1
69	95	1
69	107	1
69	108	1
69	151	2
69	193	-2
69	217	-2
70	105	1
70	110	1
70	161	-2
70	171	2
70	208	2
71	111	1
71	113	1
71	121	-2
71	160	-2
71	190	-2
72	85	1
72	87	1
72	110	1
72	183	2
72	218	-2
72	233	-2
73	79	1
73	145	-2
73	153	2
73	158	-2
74	94	1
74	116	1
74	197	-2
74	200	-2
74	239	2
75	79	1
75	81	1
75	120	1
75	130	2
75	187	2
75	223	-2
76	189	2
76	194	2
76	236	2
77	107	1
77	119	1
77	169	2
77	192	2
77	203	-2
78	97	1
78	123	-2
78	155	2
78	205	2
79	153	2
79	216	2
79	223	-2
80	107	1
80	117	1
80	119	1
80	120	1
80	128	-2
80	217	-2
80	226	2
81	83	1
81	130	2
81	196	2
81	220	2
82	213	-2
82	229	2
82	231	2
83	86	1
83	136	2
83	206	2
83	220	2
84	92	1
84	165	2
84	186	2
84	215	2
85	106	1
85	110	1
85	115	1
85	154	-2
85	178	-2
85	183	2
86	156	-2
86	173	2
86	206	2
87	105	1
87	164	-2
87	201	2
87	233	-2
88	93	1
88	99	1
88	104	1
88	175	2
88	225	-2
88	238	-2
89	124	-2
89	168	-2
89	221	2
90	95	1
90	104	1
90	131	2
90	149	2
90	174	2
91	93	1
91	98	1
91	119	1
91	126	-2
91	129	2
91	162	2
92	165	2
92	167	2
92	177	-2
93	118	1
93	129	2
93	198	-2
93	225	-2
94	98	1
94	108	1
94	122	-2
94	134	-2
94	197	-2
95	101	1
95	108	1
95	131	2
95	181	-2
95	193	-2
96	100	1
96	103	1
96	139	-2
96	180	-2
96	209	2
97	127	-2
97	144	2
97	155	2
98	126	-2
98	134	-2
98	230	-2
99	101	1
99	182	-2
99	210	-2
99	238	-2
100	104	1
100	106	1
100	112	1
100	137	2
100	209	2
100	228	-2
101	109	1
101	141	2
101	181	-2
101	182	-2
102	105	1
102	106	1
102	111	1
102	114	1
102	115	1
102	140	2
102	185	2
102	240	2
103	113	1
103	133	-2
103	142	-2
103	180	-2
104	106	1
104	137	2
104	149	2
104	175	2
105	110	1
105	111	1
105	161	-2
105	185	2
105	201	2
106	114	1
106	137	2
106	140	2
106	154	-2
107	109	1
107	203	-2
107	212	-2
107	217	-2
108	122	-2
108	193	-2
108	232	2
109	132	2
109	141	2
109	212	-2
110	161	-2
110	183	2
110	202	2
111	112	1
111	163	-2
111	185	2
111	190	-2
112	163	-2
112	195	2
112	228	-2
113	138	-2
113	142	-2
113	160	-2
114	140	2
114	159	-2
114	170	2
115	147	-2
115	178	-2
115	240	2
116	176	2
116	200	-2
116	207	2
117	128	-2
117	199	2
117	211	-2
118	179	-2
118	198	-2
118	237	-2
119	120	1
119	162	2
119	192	2
119	226	2
120	187	2
120	204	2
120	226	2
