1	1	-3
2	2	-1
3	3	1
4	4	3
5	5	1
6	6	-3
7	7	-3
8	8	1
9	9	-1
10	10	-1
11	11	-3
12	12	1
13	13	-1
14	14	-3
15	15	-3
16	16	1
17	17	-3
18	18	-1
19	19	3
20	20	1
21	21	1
22	22	-1
23	23	-3
24	24	1
25	25	3
26	26	-3
27	27	1
28	28	-3
29	29	3
30	30	3
31	31	-1
32	32	1
33	33	-1
34	34	3
35	35	1
36	36	1
37	37	3
38	38	-1
39	39	3
40	40	1
41	41	1
42	42	-1
43	43	-1
44	44	1
45	45	-1
46	46	-1
47	47	-1
48	48	-1
49	49	1
50	50	-1
51	51	1
52	52	1
53	53	1
54	54	1
55	55	-3
56	56	-1
57	57	-1
58	58	-1
59	59	1
60	60	-3
61	61	-1
62	62	-3
63	63	-3
64	64	-1
65	65	-3
66	66	3
67	67	1
68	68	-1
69	69	1
70	70	1
71	71	-1
72	72	-3
73	73	-3
74	74	-1
75	75	1
76	76	1
77	77	-1
78	78	-3
79	79	3
80	80	-1
81	81	-3
82	82	1
83	83	-1
84	84	1
85	85	-1
86	86	-1
87	87	1
88	88	-1
89	89	3
90	90	-1
91	91	1
92	92	-1
93	93	1
94	94	-1
95	95	-1
96	96	1
97	97	1
98	98	-1
99	99	-3
100	100	-1
101	101	1
102	102	-3
103	103	-1
104	104	1
105	105	1
106	106	1
107	107	1
108	108	1
109	109	-3
110	110	-3
111	111	1
112	112	3
113	113	-3
114	114	1
115	115	-1
116	116	1
117	117	-1
118	118	-3
119	119	-1
120	120	1
121	121	-1
122	122	-1
123	123	1
124	124	1
125	125	1
126	126	1
127	127	1
128	128	3
129	129	-1
130	130	-1
131	131	-3
132	132	3
133	133	-3
134	134	-1
135	135	-3
136	136	-1
137	137	-1
138	138	-1
139	139	-1
140	140	-1
141	141	-1
142	142	3
143	143	1
144	144	-1
145	145	-3
146	146	-1
147	147	1
148	148	-3
149	149	-1
150	150	1
151	151	-1
152	152	-3
153	153	1
154	154	1
155	155	3
156	156	1
157	157	-3
158	158	1
159	159	1
160	160	-1
161	161	-1
162	162	-3
163	163	-1
164	164	1
165	165	-3
166	166	-1
167	167	-1
168	168	-3
169	169	1
170	170	3
171	171	-1
172	172	-1
173	173	1
174	174	1
175	175	-1
176	176	1
177	177	-1
178	178	-1
179	179	-3
180	180	-1
181	181	-3
182	182	-1
183	183	3
184	184	1
185	185	-1
186	186	1
187	187	1
188	188	-1
189	189	-1
190	190	-1
191	191	1
192	192	1
193	193	3
194	194	1
195	195	-1
196	196	-1
197	197	-3
198	198	1
199	199	-3
200	200	-1
201	201	-1
202	202	1
203	203	-1
204	204	-3
205	205	1
206	206	-1
207	207	-1
208	208	-1
209	209	1
210	210	-1
211	211	1
212	212	-1
213	213	1
214	214	-1
215	215	1
216	216	-1
217	217	-1
218	218	-1
219	219	1
220	220	-3
221	221	3
222	222	-1
223	223	-1
224	224	-3
225	225	-2
226	226	-2
227	227	2
228	228	-2
229	229	2
230	230	2
231	231	-2
232	232	-2
233	233	-2
234	234	2
235	235	2
236	236	2
237	237	2
238	238	2
239	239	2
240	240	-2
241	241	2
242	242	2
243	243	-2
244	244	2
245	245	2
246	246	2
247	247	2
248	248	2
249	249	2
250	250	2
251	251	2
252	252	2
253	253	-2
254	254	2
255	255	-2
256	256	2
257	257	2
258	258	2
259	259	-2
260	260	2
261	261	-2
262	262	2
263	263	2
264	264	2
265	265	-2
266	266	-2
267	267	2
268	268	2
269	269	-2
270	270	2
271	271	2
272	272	-2
273	273	-2
274	274	-2
275	275	2
276	276	-2
277	277	2
278	278	-2
279	279	-2
280	280	2
281	281	-2
282	282	2
283	283	-2
284	284	-2
285	285	2
286	286	2
287	287	2
288	288	2
289	289	-2
290	290	-2
291	291	-2
292	292	-2
293	293	-2
294	294	2
295	295	2
296	296	-2
297	297	-2
298	298	2
299	299	2
300	300	-2
301	301	2
302	302	2
303	303	2
304	304	-2
305	305	2
306	306	2
307	307	2
308	308	2
309	309	2
310	310	-2
311	311	-2
312	312	-2
313	313	2
314	314	2
315	315	-2
316	316	2
317	317	-2
318	318	2
319	319	-2
320	320	-2
321	321	2
322	322	2
323	323	2
324	324	2
325	325	2
326	326	2
327	327	-2
328	328	-2
329	329	2
330	330	2
331	331	2
332	332	2
333	333	-2
334	334	-2
335	335	2
336	336	2
337	337	-2
338	338	2
339	339	2
340	340	2
341	341	2
342	342	2
343	343	2
344	344	2
345	345	-2
346	346	-2
347	347	2
348	348	-2
349	349	-2
350	350	-2
351	351	2
352	352	2
353	353	2
354	354	2
355	355	2
356	356	-2
357	357	2
358	358	2
359	359	-2
360	360	-2
361	361	-2
362	362	-2
363	363	-2
364	364	2
365	365	2
366	366	-2
367	367	-2
368	368	-2
369	369	-2
370	370	2
371	371	2
372	372	2
373	373	2
374	374	-2
375	375	2
376	376	2
377	377	-2
378	378	-2
379	379	2
380	380	2
381	381	2
382	382	2
383	383	2
384	384	-2
385	385	2
386	386	-2
387	387	2
388	388	2
389	389	-2
390	390	2
391	391	-2
392	392	-2
393	393	-2
394	394	2
395	395	-2
396	396	2
397	397	2
398	398	-2
399	399	-2
400	400	2
401	401	-2
402	402	2
403	403	2
404	404	2
405	405	-2
406	406	-2
407	407	2
408	408	-2
409	409	-2
410	410	-2
411	411	2
412	412	2
413	413	2
414	414	-2
415	415	-2
416	416	-2
417	417	2
418	418	-2
419	419	-2
420	420	2
421	421	-2
422	422	-2
423	423	2
424	424	2
425	425	-2
426	426	-2
427	427	2
428	428	2
429	429	-2
430	430	-2
431	431	2
432	432	-2
433	433	2
434	434	2
435	435	2
436	436	2
437	437	-2
438	438	-2
439	439	-2
440	440	2
441	441	-2
442	442	2
443	443	-2
444	444	-2
445	445	-2
446	446	2
447	447	2
448	448	-2
1	26	1
1	46	1
1	93	1
1	106	1
1	141	1
1	151	1
1	392	2
1	408	2
1	415	2
2	11	1
2	33	1
2	84	1
2	152	1
2	162	1
2	186	1
2	359	2
2	365	2
2	412	-2
3	6	1
3	24	1
3	29	1
3	108	1
3	175	1
3	201	1
3	335	2
3	373	2
3	421	2
4	34	1
4	42	1
4	56	1
4	95	1
4	158	1
4	201	1
4	291	-2
4	300	-2
4	379	2
5	64	1
5	88	1
5	124	1
5	134	1
5	137	1
5	205	1
5	230	-2
5	419	-2
5	445	-2
6	53	1
6	73	1
6	114	1
6	161	1
6	201	1
6	241	-2
6	273	2
6	421	2
7	41	1
7	56	1
7	99	1
7	107	1
7	187	1
7	217	1
7	236	-2
7	302	-2
7	342	-2
8	52	1
8	140	1
8	155	1
8	183	1
8	185	1
8	211	1
8	272	-2
8	358	-2
8	360	-2
9	60	2
9	131	1
9	170	1
9	186	1
9	210	1
9	260	2
9	303	-2
9	403	-2
10	41	1
10	55	1
10	131	1
10	141	1
10	163	1
10	177	1
10	277	-2
10	413	2
10	424	-2
11	62	1
11	126	1
11	152	1
11	178	1
11	222	1
11	352	-2
11	387	-2
11	412	-2
12	15	1
12	21	1
12	69	1
12	128	1
12	132	1
12	179	1
12	345	-2
12	368	2
12	399	-2
13	43	1
13	81	1
13	121	1
13	127	1
13	204	1
13	208	1
13	243	2
13	256	-2
13	331	2
14	85	1
14	98	1
14	127	1
14	157	1
14	171	1
14	214	1
14	264	-2
14	274	2
14	356	2
15	81	1
15	157	1
15	168	1
15	175	1
15	179	1
15	248	-2
15	333	2
15	368	2
16	33	1
16	48	1
16	110	1
16	143	1
16	161	1
16	195	1
16	269	2
16	294	2
16	407	2
17	58	1
17	133	1
17	145	1
17	165	1
17	180	1
17	198	1
17	290	2
17	316	-2
17	433	-2
18	77	1
18	89	1
18	130	1
18	196	1
18	214	1
18	222	1
18	255	2
18	278	2
18	391	-2
19	24	1
19	69	1
19	114	1
19	144	1
19	156	1
19	159	1
19	258	2
19	297	-2
19	447	2
20	30	1
20	54	1
20	74	1
20	86	1
20	138	1
20	142	1
20	317	2
20	397	2
20	436	2
21	83	1
21	115	1
21	128	1
21	193	1
21	199	1
21	253	-2
21	306	-2
21	345	-2
22	34	1
22	42	1
22	160	1
22	197	1
22	198	1
22	203	1
22	237	2
22	287	-2
22	372	-2
23	46	1
23	108	1
23	117	1
23	122	1
23	152	1
23	188	1
23	361	2
23	367	2
23	384	2
24	108	1
24	151	1
24	159	1
24	167	1
24	258	2
24	335	2
24	404	-2
25	50	1
25	66	1
25	70	1
25	121	1
25	128	1
25	183	1
25	247	2
25	362	-2
25	442	2
26	50	1
26	61	1
26	63	1
26	93	1
26	131	1
26	240	2
26	328	2
26	415	2
27	30	1
27	83	1
27	132	1
27	171	1
27	174	1
27	222	1
27	233	-2
27	271	2
27	389	2
28	75	1
28	105	1
28	137	1
28	144	1
28	189	1
28	197	1
28	310	2
28	347	-2
28	443	2
29	137	1
29	175	1
29	184	1
29	215	1
29	216	1
29	341	2
29	373	2
29	425	-2
30	142	1
30	150	1
30	174	1
30	221	1
30	271	2
30	397	2
30	422	-2
31	58	1
31	85	1
31	89	1
31	100	1
31	130	1
31	161	1
31	229	-2
31	402	2
31	439	2
32	76	1
32	92	1
32	179	1
32	191	1
32	206	1
32	213	1
32	246	-2
32	276	-2
32	432	-2
33	48	1
33	149	1
33	162	1
33	166	1
33	294	2
33	332	-2
33	359	2
34	42	1
34	91	1
34	198	1
34	223	1
34	237	2
34	291	-2
34	318	2
35	38	1
35	51	1
35	103	1
35	154	2
35	184	1
35	289	-2
35	369	2
35	381	2
36	86	1
36	93	1
36	103	1
36	150	1
36	176	1
36	209	1
36	232	-2
36	426	-2
36	431	-2
37	45	1
37	46	1
37	82	1
37	125	1
37	178	1
37	202	1
37	311	-2
37	386	-2
37	388	2
38	62	1
38	110	1
38	116	1
38	147	1
38	184	1
38	289	-2
38	353	-2
38	378	2
39	52	1
39	111	1
39	112	1
39	150	1
39	194	1
39	218	1
39	234	2
39	279	-2
39	382	2
40	59	1
40	87	1
40	97	1
40	172	1
40	201	1
40	221	1
40	348	2
40	390	2
40	423	2
41	53	1
41	120	1
41	141	1
41	217	1
41	302	-2
41	304	-2
41	413	2
42	76	1
42	90	1
42	203	1
42	291	-2
42	372	-2
42	375	-2
43	81	1
43	96	1
43	139	1
43	164	1
43	220	1
43	256	-2
43	281	-2
43	313	-2
44	51	1
44	54	1
44	82	1
44	104	1
44	185	1
44	215	1
44	227	2
44	275	2
44	296	2
45	55	1
45	110	1
45	181	1
45	202	1
45	224	1
45	311	-2
45	349	2
45	416	2
46	106	1
46	117	1
46	125	1
46	367	2
46	386	-2
46	408	2
47	78	1
47	80	1
47	111	1
47	143	1
47	189	1
47	194	1
47	286	-2
47	370	-2
47	371	2
48	113	1
48	156	1
48	157	1
48	184	1
48	268	-2
48	294	2
48	434	-2
49	76	1
49	80	1
49	117	1
49	142	1
49	158	1
49	163	1
49	292	-2
49	320	-2
49	324	-2
50	63	1
50	70	1
50	95	1
50	103	1
50	259	2
50	328	2
50	442	2
51	82	1
51	154	1
51	170	1
51	217	1
51	227	2
51	266	-2
51	369	2
52	145	1
52	150	1
52	183	1
52	188	1
52	350	2
52	360	-2
52	382	2
53	66	1
53	114	1
53	120	1
53	173	1
53	270	2
53	273	2
53	304	-2
54	74	1
54	120	1
54	205	1
54	215	1
54	293	-2
54	296	2
54	436	2
55	84	1
55	110	1
55	131	1
55	212	1
55	244	-2
55	277	-2
55	349	2
56	64	1
56	107	1
56	146	1
56	201	1
56	236	-2
56	300	-2
56	405	2
57	63	1
57	86	1
57	109	1
57	112	1
57	172	1
57	220	1
57	265	2
57	428	2
57	438	2
58	142	1
58	145	1
58	149	1
58	161	1
58	316	-2
58	383	2
58	439	2
59	89	1
59	129	1
59	168	1
59	179	1
59	221	1
59	354	-2
59	398	-2
59	423	2
60	131	1
60	180	1
60	186	1
60	204	1
60	262	-2
60	303	-2
60	403	-2
61	67	1
61	111	1
61	131	1
61	181	1
61	223	1
61	240	2
61	339	-2
61	435	2
62	116	1
62	126	1
62	173	1
62	192	1
62	352	-2
62	353	-2
62	420	-2
63	109	1
63	197	1
63	218	1
63	251	-2
63	328	2
63	438	2
64	94	1
64	134	1
64	146	1
64	165	1
64	405	2
64	414	2
64	419	-2
65	72	1
65	104	1
65	119	1
65	129	1
65	176	1
65	212	1
65	228	2
65	249	-2
65	364	-2
66	105	1
66	123	1
66	173	1
66	183	1
66	270	2
66	314	2
66	362	-2
67	75	1
67	111	1
67	118	1
67	196	1
67	224	1
67	366	2
67	427	2
67	435	2
68	136	1
68	138	1
68	143	1
68	167	1
68	169	1
68	203	1
68	226	2
68	254	2
68	351	-2
69	132	1
69	135	1
69	136	1
69	156	1
69	285	-2
69	399	-2
69	447	2
70	93	1
70	119	1
70	202	2
70	245	2
70	394	-2
70	442	2
71	118	1
71	154	1
71	156	1
71	163	1
71	189	1
71	209	1
71	263	-2
71	363	-2
71	377	2
72	109	1
72	139	1
72	166	1
72	176	1
72	223	1
72	280	-2
72	364	-2
72	395	2
73	115	1
73	160	1
73	161	1
73	210	2
73	241	-2
73	319	2
73	409	2
74	92	1
74	135	1
74	140	1
74	171	1
74	418	2
74	436	2
74	448	2
75	187	1
75	192	1
75	196	1
75	197	1
75	261	-2
75	310	2
75	427	2
76	80	1
76	90	1
76	213	1
76	276	-2
76	292	-2
76	375	-2
77	78	1
77	90	1
77	114	1
77	159	1
77	214	1
77	278	2
77	315	2
77	406	-2
78	94	1
78	102	1
78	159	1
78	194	1
78	286	-2
78	315	2
78	323	-2
79	101	1
79	128	1
79	138	1
79	153	1
79	158	1
79	169	1
79	242	2
79	298	2
79	376	2
80	111	1
80	134	1
80	182	1
80	238	-2
80	292	-2
80	370	-2
81	87	1
81	168	1
81	220	1
81	256	-2
81	333	2
81	396	-2
82	133	1
82	178	1
82	216	1
82	227	2
82	327	2
82	388	2
83	102	1
83	153	1
83	193	1
83	222	1
83	253	-2
83	380	-2
83	389	2
84	124	1
84	186	1
84	212	1
84	221	1
84	244	-2
84	283	-2
84	365	2
85	89	1
85	109	1
85	113	1
85	171	1
85	264	-2
85	374	2
85	402	2
86	138	1
86	176	1
86	220	1
86	265	2
86	317	2
86	426	-2
87	97	1
87	193	1
87	194	1
87	220	1
87	239	2
87	390	2
87	396	-2
88	121	1
88	167	1
88	205	1
88	216	1
88	219	1
88	252	-2
88	411	-2
88	445	-2
89	129	1
89	222	1
89	391	-2
89	398	-2
89	402	2
90	114	1
90	168	1
90	169	1
90	375	-2
90	406	-2
90	437	2
91	122	1
91	148	1
91	183	1
91	212	1
91	223	1
91	267	-2
91	318	2
91	337	-2
92	117	1
92	135	1
92	179	1
92	187	1
92	246	-2
92	250	2
92	418	2
93	202	1
93	209	1
93	232	-2
93	245	2
93	415	2
94	102	1
94	155	1
94	165	1
94	219	1
94	323	-2
94	385	2
94	414	2
95	103	1
95	158	1
95	195	1
95	205	1
95	259	2
95	321	-2
95	379	2
96	164	2
96	173	1
96	199	1
96	218	1
96	281	-2
96	357	-2
96	444	-2
97	165	1
97	174	1
97	188	1
97	217	1
97	231	-2
97	390	2
97	441	2
98	115	1
98	162	1
98	186	1
98	208	1
98	214	1
98	274	2
98	284	-2
98	301	-2
99	133	1
99	172	1
99	182	1
99	187	1
99	190	1
99	326	-2
99	342	-2
99	393	2
100	101	1
100	130	1
100	147	1
100	151	1
100	211	1
100	229	-2
100	309	-2
100	340	2
101	138	1
101	200	1
101	209	1
101	211	1
101	298	2
101	305	2
101	309	-2
102	113	1
102	146	1
102	153	1
102	323	-2
102	380	-2
102	417	-2
103	150	1
103	154	1
103	259	2
103	381	2
103	431	-2
104	185	1
104	190	1
104	212	1
104	213	1
104	249	-2
104	275	2
104	344	2
105	116	1
105	123	1
105	144	1
105	170	1
105	257	2
105	314	2
105	443	2
106	116	1
106	147	1
106	166	1
106	203	1
106	299	2
106	312	-2
106	408	2
107	123	1
107	146	1
107	155	1
107	160	1
107	236	-2
107	336	2
107	410	-2
108	152	1
108	195	1
108	214	1
108	295	2
108	335	2
108	361	2
109	113	1
109	223	1
109	374	2
109	395	2
109	438	2
110	147	1
110	195	1
110	269	2
110	349	2
110	378	2
111	112	1
111	234	2
111	370	-2
111	435	2
112	122	1
112	132	1
112	172	1
112	225	-2
112	234	2
112	428	2
113	146	1
113	184	1
113	268	-2
113	374	2
113	417	-2
114	144	1
114	273	2
114	297	-2
114	406	-2
115	186	1
115	199	1
115	210	1
115	284	-2
115	306	-2
115	319	2
116	166	1
116	170	1
116	257	2
116	312	-2
116	353	-2
117	158	1
117	187	1
117	250	2
117	324	-2
117	367	2
118	135	1
118	189	1
118	213	1
118	224	1
118	366	2
118	377	2
118	401	2
119	129	1
119	130	1
119	153	1
119	202	1
119	228	2
119	307	2
119	394	-2
120	148	1
120	200	1
120	205	1
120	293	-2
120	304	-2
120	308	-2
121	128	1
121	204	1
121	219	1
121	243	2
121	247	2
121	411	-2
122	132	1
122	148	1
122	188	1
122	225	-2
122	267	-2
122	384	2
123	148	1
123	155	1
123	208	1
123	314	2
123	336	2
123	346	2
124	137	1
124	192	1
124	193	1
124	221	1
124	230	-2
124	283	-2
124	338	2
125	134	1
125	140	1
125	141	1
125	182	1
125	325	-2
125	329	2
125	386	-2
126	127	1
126	177	1
126	198	1
126	211	1
126	334	-2
126	352	-2
126	440	2
127	157	1
127	177	1
127	208	1
127	331	2
127	356	2
127	440	2
128	153	1
128	247	2
128	345	-2
128	376	2
129	175	1
129	207	1
129	228	2
129	398	-2
129	429	2
130	153	1
130	196	1
130	229	-2
130	255	2
130	307	2
131	240	2
131	277	-2
131	403	-2
132	171	1
132	225	-2
132	233	-2
132	399	-2
133	165	1
133	190	1
133	216	1
133	290	2
133	327	2
133	393	2
134	141	1
134	182	1
134	238	-2
134	325	-2
134	419	-2
135	136	1
135	213	1
135	285	-2
135	401	2
135	418	2
136	143	1
136	176	1
136	191	1
136	282	2
136	285	-2
136	351	-2
137	189	1
137	216	1
137	230	-2
137	341	2
137	347	-2
138	203	1
138	226	2
138	298	2
138	317	2
139	166	1
139	180	1
139	215	1
139	220	1
139	280	-2
139	313	-2
139	430	-2
140	171	1
140	182	1
140	185	1
140	329	2
140	358	-2
140	448	2
141	151	1
141	325	-2
141	392	2
141	413	2
142	149	1
142	163	1
142	320	-2
142	383	2
142	397	2
143	161	1
143	189	1
143	351	-2
143	371	2
143	407	2
144	174	1
144	200	1
144	288	-2
144	297	-2
144	443	2
145	149	1
145	181	1
145	188	1
145	235	-2
145	316	-2
145	350	2
146	160	1
146	405	2
146	410	-2
146	417	-2
147	151	1
147	203	1
147	299	2
147	340	2
147	378	2
148	200	1
148	208	1
148	267	-2
148	308	-2
148	346	2
149	166	1
149	181	1
149	235	-2
149	332	-2
149	383	2
150	221	1
150	382	2
150	422	-2
150	431	-2
151	167	1
151	340	2
151	392	2
151	404	-2
152	177	1
152	190	1
152	343	-2
152	361	2
152	412	-2
153	307	2
153	376	2
153	380	-2
154	156	1
154	363	-2
154	369	2
154	381	2
155	211	1
155	219	1
155	272	-2
155	336	2
155	385	2
156	157	1
156	363	-2
156	434	-2
156	447	2
157	175	1
157	248	-2
157	356	2
157	434	-2
158	169	1
158	242	2
158	324	-2
158	379	2
159	207	1
159	219	1
159	258	2
159	315	2
159	400	2
160	197	1
160	210	1
160	287	-2
160	409	2
160	410	-2
161	241	-2
161	407	2
161	439	2
162	185	1
162	196	1
162	208	1
162	301	-2
162	322	-2
162	359	2
163	177	1
163	209	1
163	263	-2
163	320	-2
163	424	-2
164	173	1
164	191	1
164	206	1
164	281	-2
164	444	-2
164	446	-2
165	217	1
165	290	2
165	414	2
165	441	2
166	280	-2
166	312	-2
166	332	-2
167	169	1
167	216	1
167	252	-2
167	254	2
167	404	-2
168	169	1
168	179	1
168	333	2
168	354	-2
168	437	2
169	242	2
169	254	2
169	437	2
170	210	1
170	217	1
170	257	2
170	260	2
170	266	-2
171	233	-2
171	264	-2
171	448	2
172	182	1
172	201	1
172	326	-2
172	348	2
172	428	2
173	192	1
173	270	2
173	420	-2
173	444	-2
174	188	1
174	200	1
174	231	-2
174	271	2
174	288	-2
175	207	1
175	248	-2
175	373	2
175	429	2
176	191	1
176	282	2
176	364	-2
176	426	-2
177	190	1
177	343	-2
177	424	-2
177	440	2
178	206	1
178	222	1
178	224	1
178	355	-2
178	387	-2
178	388	2
179	246	-2
179	354	-2
179	368	2
180	198	1
180	204	1
180	215	1
180	262	-2
180	430	-2
180	433	-2
181	223	1
181	224	1
181	235	-2
181	339	-2
181	416	2
182	238	-2
182	326	-2
182	329	2
183	212	1
183	337	-2
183	360	-2
183	362	-2
184	215	1
184	268	-2
184	289	-2
184	425	-2
185	196	1
185	275	2
185	322	-2
185	358	-2
186	284	-2
186	303	-2
186	365	2
187	192	1
187	250	2
187	261	-2
187	342	-2
188	231	-2
188	350	2
188	384	2
189	347	-2
189	371	2
189	377	2
190	213	1
190	343	-2
190	344	2
190	393	2
191	206	2
191	282	2
191	432	-2
191	446	-2
192	193	1
192	261	-2
192	338	2
192	420	-2
193	194	1
193	239	2
193	253	-2
193	338	2
194	218	1
194	239	2
194	279	-2
194	286	-2
195	205	1
195	214	1
195	269	2
195	295	2
195	321	-2
196	255	2
196	322	-2
196	427	2
197	218	1
197	251	-2
197	287	-2
197	310	2
198	211	1
198	237	2
198	334	-2
198	433	-2
199	204	1
199	207	1
199	218	1
199	306	-2
199	330	-2
199	357	-2
200	209	1
200	288	-2
200	305	2
200	308	-2
201	300	-2
201	348	2
201	421	2
202	245	2
202	311	-2
202	394	-2
203	226	2
203	299	2
203	372	-2
204	207	1
204	243	2
204	262	-2
204	330	-2
205	293	-2
205	321	-2
205	445	-2
206	224	1
206	355	-2
206	432	-2
206	446	-2
207	219	1
207	330	-2
207	400	2
207	429	2
208	301	-2
208	331	2
208	346	2
209	232	-2
209	263	-2
209	305	2
210	260	2
210	319	2
210	409	2
211	272	-2
211	309	-2
211	334	-2
212	244	-2
212	249	-2
212	337	-2
213	276	-2
213	344	2
213	401	2
214	274	2
214	278	2
214	295	2
215	296	2
215	425	-2
215	430	-2
216	252	-2
216	327	2
216	341	2
217	266	-2
217	302	-2
217	441	2
218	251	-2
218	279	-2
218	357	-2
219	385	2
219	400	2
219	411	-2
220	265	2
220	313	-2
220	396	-2
221	283	-2
221	422	-2
221	423	2
222	387	-2
222	389	2
222	391	-2
223	318	2
223	339	-2
223	395	2
224	355	-2
224	366	2
224	416	2
