1	1	-1
2	2	-1
3	3	1
4	4	1
5	5	-3
6	6	1
7	7	3
8	8	-3
9	9	-3
10	10	-3
11	11	-3
12	12	-3
13	13	3
14	14	-1
15	15	-1
16	16	1
17	17	-1
18	18	3
19	19	-1
20	20	-1
21	21	-3
22	22	-1
23	23	1
24	24	-1
25	25	1
26	26	3
27	27	-3
28	28	-1
29	29	3
30	30	1
31	31	-1
32	32	1
33	33	1
34	34	-1
35	35	1
36	36	-1
37	37	1
38	38	1
39	39	-1
40	40	-1
41	41	1
42	42	-3
43	43	-1
44	44	1
45	45	3
46	46	-1
47	47	1
48	48	-1
49	49	-1
50	50	1
51	51	1
52	52	-3
53	53	-1
54	54	-1
55	55	1
56	56	-1
57	57	1
58	58	-1
59	59	1
60	60	-1
61	61	-3
62	62	3
63	63	1
64	64	-3
65	65	3
66	66	-3
67	67	1
68	68	1
69	69	-1
70	70	1
71	71	1
72	72	1
73	73	-1
74	74	1
75	75	-1
76	76	3
77	77	1
78	78	-1
79	79	-3
80	80	1
81	81	1
82	82	3
83	83	1
84	84	1
85	85	-1
86	86	-1
87	87	-1
88	88	-1
89	89	3
90	90	-3
91	91	-1
92	92	1
93	93	-3
94	94	1
95	95	-1
96	96	1
97	97	1
98	98	-1
99	99	1
100	100	-1
101	101	1
102	102	1
103	103	1
104	104	-1
105	105	-1
106	106	1
107	107	1
108	108	-3
109	109	1
110	110	1
111	111	3
112	112	-1
113	113	1
114	114	-1
115	115	-1
116	116	1
117	117	1
118	118	-1
119	119	-3
120	120	1
121	121	-1
122	122	1
123	123	-1
124	124	-1
125	125	-1
126	126	-1
127	127	-1
128	128	1
129	129	1
130	130	1
131	131	1
132	132	-1
133	133	-1
134	134	-1
135	135	1
136	136	-1
137	137	1
138	138	1
139	139	1
140	140	-1
141	141	-3
142	142	-3
143	143	1
144	144	-1
145	145	-1
146	146	-3
147	147	1
148	148	-1
149	149	-1
150	150	-1
151	151	-1
152	152	-1
153	153	1
154	154	3
155	155	-1
156	156	-1
157	157	1
158	158	1
159	159	1
160	160	-1
161	161	3
162	162	-1
163	163	-1
164	164	1
165	165	3
166	166	1
167	167	-1
168	168	-1
169	169	-1
170	170	3
171	171	-1
172	172	-1
173	173	-1
174	174	-1
175	175	1
176	176	-1
177	177	3
178	178	1
179	179	1
180	180	-3
181	181	-3
182	182	-1
183	183	-1
184	184	1
185	185	-1
186	186	-1
187	187	-1
188	188	3
189	189	-1
190	190	-3
191	191	-1
192	192	1
193	193	1
194	194	-1
195	195	-3
196	196	1
197	197	-1
198	198	1
199	199	-1
200	200	-1
201	201	-3
202	202	1
203	203	1
204	204	-1
205	205	-1
206	206	-1
207	207	-3
208	208	-1
209	209	1
210	210	1
211	211	3
212	212	1
213	213	-1
214	214	1
215	215	1
216	216	-1
217	217	1
218	218	1
219	219	-3
220	220	-1
221	221	1
222	222	3
223	223	-3
224	224	-1
225	225	1
226	226	-1
227	227	1
228	228	1
229	229	1
230	230	-1
231	231	-1
232	232	-3
233	233	-1
234	234	-1
235	235	1
236	236	-1
237	237	1
238	238	3
239	239	-3
240	240	-1
241	241	-1
242	242	3
243	243	-3
244	244	3
245	245	1
246	246	-3
247	247	1
248	248	-3
249	249	-1
250	250	-3
251	251	-1
252	252	-1
253	253	-1
254	254	1
255	255	-1
256	256	-1
257	257	1
258	258	1
259	259	1
260	260	-1
261	261	-1
262	262	-1
263	263	3
264	264	-1
265	265	3
266	266	1
267	267	1
268	268	-1
269	269	-1
270	270	1
271	271	-3
272	272	-1
273	273	1
274	274	-1
275	275	-1
276	276	1
277	277	1
278	278	1
279	279	3
280	280	-1
281	281	3
282	282	-3
283	283	1
284	284	1
285	285	-3
286	286	1
287	287	-1
288	288	-3
289	289	1
290	290	3
291	291	1
292	292	-3
293	293	1
294	294	-1
295	295	-1
296	296	-1
297	297	-1
298	298	-1
299	299	-1
300	300	3
301	301	3
302	302	1
303	303	1
304	304	-1
305	305	1
306	306	1
307	307	1
308	308	1
309	309	1
310	310	-1
311	311	-1
312	312	1
313	313	1
314	314	-1
315	315	1
316	316	1
317	317	-1
318	318	-1
319	319	1
320	320	3
321	321	1
322	322	-3
323	323	1
324	324	-1
325	325	-1
326	326	3
327	327	-3
328	328	1
329	329	-1
330	330	-1
331	331	-1
332	332	1
333	333	-1
334	334	-1
335	335	-1
336	336	-1
337	337	1
338	338	-3
339	339	-1
340	340	-1
341	341	1
342	342	-3
343	343	-1
344	344	-3
345	345	3
346	346	1
347	347	-3
348	348	-1
349	349	-3
350	350	-1
351	351	3
352	352	1
353	353	-1
354	354	1
355	355	-1
356	356	1
357	357	3
358	358	3
359	359	-1
360	360	1
361	361	-1
362	362	-1
363	363	-1
364	364	3
365	365	3
366	366	1
367	367	-3
368	368	1
369	369	1
370	370	-1
371	371	-1
372	372	-1
373	373	-1
374	374	-3
375	375	-1
376	376	-1
377	377	-1
378	378	-1
379	379	-1
380	380	1
381	381	1
382	382	-1
383	383	-1
384	384	1
385	385	1
386	386	3
387	387	1
388	388	-1
389	389	1
390	390	3
391	391	-3
392	392	1
393	393	1
394	394	-1
395	395	3
396	396	-3
397	397	3
398	398	-1
399	399	1
400	400	-1
401	401	3
402	402	3
403	403	1
404	404	3
405	405	3
406	406	-1
407	407	3
408	408	-3
409	409	1
410	410	-1
411	411	-1
412	412	-3
413	413	1
414	414	-3
415	415	1
416	416	-1
417	417	1
418	418	-1
419	419	-1
420	420	-1
421	421	1
422	422	3
423	423	-1
424	424	-1
425	425	1
426	426	1
427	427	-3
428	428	-1
429	429	-1
430	430	-1
431	431	-1
432	432	-1
433	433	1
434	434	1
435	435	3
436	436	1
437	437	-3
438	438	-1
439	439	1
440	440	1
441	441	-1
442	442	-1
443	443	1
444	444	1
445	445	1
446	446	1
447	447	-3
448	448	1
449	449	-1
450	450	-3
451	451	3
452	452	3
453	453	-3
454	454	-1
455	455	1
456	456	1
457	457	1
458	458	-1
459	459	-1
460	460	-1
461	461	-1
462	462	1
463	463	-1
464	464	-1
465	465	1
466	466	-1
467	467	1
468	468	-1
469	469	-3
470	470	3
471	471	-3
472	472	1
473	473	-1
474	474	-1
475	475	-1
476	476	3
477	477	-3
478	478	-3
479	479	-1
480	480	1
481	481	1
482	482	1
483	483	-1
484	484	-1
485	485	1
486	486	-1
487	487	-1
488	488	1
489	489	1
490	490	-1
491	491	-3
492	492	1
493	493	1
494	494	1
495	495	3
496	496	1
497	497	1
498	498	-1
499	499	-1
500	500	1
501	501	-1
502	502	-3
503	503	-1
504	504	1
505	505	1
506	506	-1
507	507	-1
508	508	1
509	509	1
510	510	-1
511	511	-1
512	512	3
513	513	-1
514	514	-1
515	515	1
516	516	1
517	517	-1
518	518	1
519	519	1
520	520	1
521	521	-1
522	522	-1
523	523	3
524	524	1
525	525	3
526	526	-3
527	527	-3
528	528	1
529	529	1
530	530	-1
531	531	1
532	532	3
533	533	1
534	534	1
535	535	1
536	536	-1
537	537	3
538	538	3
539	539	1
540	540	-1
541	541	3
542	542	-1
543	543	-1
544	544	1
545	545	-3
546	546	-1
547	547	3
548	548	-1
549	549	-1
550	550	-1
551	551	-3
552	552	1
553	553	3
554	554	1
555	555	-1
556	556	-1
557	557	-3
558	558	-1
559	559	1
560	560	3
561	561	1
562	562	1
563	563	-1
564	564	-3
565	565	3
566	566	1
567	567	3
568	568	1
569	569	1
570	570	1
571	571	-3
572	572	1
573	573	1
574	574	-3
575	575	1
576	576	1
577	577	-1
578	578	-1
579	579	1
580	580	1
581	581	-1
582	582	1
583	583	-1
584	584	-1
585	585	-1
586	586	-1
587	587	1
588	588	-3
589	589	1
590	590	-1
591	591	3
592	592	-1
593	593	1
594	594	1
595	595	-3
596	596	-1
597	597	3
598	598	-3
599	599	3
600	600	-3
601	601	1
602	602	3
603	603	3
604	604	1
605	605	-3
606	606	1
607	607	3
608	608	-3
609	609	-3
610	610	1
611	611	-1
612	612	3
613	613	-1
614	614	1
615	615	-1
616	616	1
617	617	1
618	618	-1
619	619	1
620	620	-3
621	621	-3
622	622	-3
623	623	-1
624	624	-3
625	625	1
626	626	1
627	627	1
628	628	-3
629	629	-1
630	630	-1
631	631	3
632	632	1
633	633	-1
634	634	-1
635	635	1
636	636	3
637	637	-1
638	638	-1
639	639	-1
640	640	1
641	641	-1
642	642	-3
643	643	3
644	644	-3
645	645	1
646	646	1
647	647	-1
648	648	-1
649	649	-1
650	650	-1
651	651	3
652	652	-3
653	653	1
654	654	1
655	655	3
656	656	-1
657	657	-3
658	658	3
659	659	-1
660	660	-1
661	661	1
662	662	-1
663	663	1
664	664	1
665	665	-3
666	666	-1
667	667	1
668	668	1
669	669	-3
670	670	-1
671	671	1
672	672	1
673	673	-1
674	674	-1
675	675	-1
676	676	-1
677	677	-1
678	678	-3
679	679	-1
680	680	-1
681	681	-3
682	682	1
683	683	3
684	684	1
685	685	-1
686	686	1
687	687	-3
688	688	1
689	689	1
690	690	1
691	691	1
692	692	-1
693	693	1
694	694	1
695	695	-3
696	696	1
697	697	1
698	698	-1
699	699	-1
700	700	1
701	701	3
702	702	-3
703	703	1
704	704	-3
705	705	-3
706	706	-3
707	707	-1
708	708	-1
709	709	1
710	710	-1
711	711	3
712	712	1
713	713	1
714	714	1
715	715	-1
716	716	1
717	717	-1
718	718	1
719	719	-3
720	720	-1
721	721	-3
722	722	-1
723	723	-1
724	724	3
725	725	-3
726	726	-1
727	727	-1
728	728	1
729	729	-1
730	730	-3
731	731	3
732	732	-1
733	733	3
734	734	1
735	735	-1
736	736	-1
737	737	-3
738	738	1
739	739	3
740	740	1
741	741	-3
742	742	-3
743	743	1
744	744	-1
745	745	-3
746	746	-1
747	747	1
748	748	1
749	749	-1
750	750	1
751	751	-1
752	752	-1
753	753	3
754	754	-1
755	755	3
756	756	-1
757	757	-1
758	758	3
759	759	1
760	760	-1
761	761	1
762	762	-1
763	763	-1
764	764	-1
765	765	1
766	766	-1
767	767	-1
768	768	1
769	769	1
770	770	-1
771	771	1
772	772	1
773	773	1
774	774	-1
775	775	1
776	776	3
777	777	-3
778	778	1
779	779	-3
780	780	-1
781	781	1
782	782	-1
783	783	-1
784	784	1
785	785	1
786	786	1
787	787	3
788	788	1
789	789	1
790	790	1
791	791	-1
792	792	1
793	793	1
794	794	-1
795	795	-3
796	796	1
797	797	-1
798	798	-1
799	799	-1
800	800	-1
801	801	-1
802	802	-1
803	803	1
804	804	3
805	805	-1
806	806	-1
807	807	1
808	808	1
809	809	1
810	810	-1
811	811	-1
812	812	-1
813	813	-1
814	814	-1
815	815	1
816	816	-1
817	817	-1
818	818	-1
819	819	-1
820	820	-1
821	821	-1
822	822	1
823	823	-1
824	824	-3
825	825	3
826	826	1
827	827	-1
828	828	3
829	829	-3
830	830	-1
831	831	1
832	832	-1
833	833	-1
834	834	1
835	835	1
836	836	-3
837	837	-1
838	838	-1
839	839	-1
840	840	1
841	841	1
842	842	-1
843	843	1
844	844	-1
845	845	-3
846	846	1
847	847	-1
848	848	-1
849	849	-1
850	850	1
851	851	3
852	852	-1
853	853	3
854	854	-3
855	855	1
856	856	3
857	857	-1
858	858	-3
859	859	1
860	860	-3
861	861	1
862	862	-3
863	863	-1
864	864	-1
865	865	-1
866	866	-1
867	867	1
868	868	1
869	869	3
870	870	1
871	871	-1
872	872	1
873	873	-1
874	874	1
875	875	-1
876	876	-1
877	877	1
878	878	-1
879	879	3
880	880	-1
881	881	1
882	882	1
883	883	-1
884	884	3
885	885	1
886	886	-1
887	887	-1
888	888	1
889	889	-1
890	890	-1
891	891	-1
892	892	-1
893	893	-1
894	894	1
895	895	1
896	896	1
897	897	-1
898	898	1
899	899	3
900	900	-1
901	901	1
902	902	-1
903	903	-1
904	904	1
905	905	1
906	906	1
907	907	3
908	908	-1
909	909	1
910	910	-1
911	911	-3
912	912	1
913	913	1
914	914	3
915	915	1
916	916	-1
917	917	-3
918	918	-1
919	919	1
920	920	1
921	921	1
922	922	-1
923	923	-1
924	924	1
925	925	1
926	926	1
927	927	-1
928	928	-1
929	929	1
930	930	-1
931	931	-3
932	932	-3
933	933	-1
934	934	-1
935	935	-3
936	936	-1
937	937	-1
938	938	-1
939	939	-3
940	940	-1
941	941	1
942	942	-1
943	943	3
944	944	1
945	945	-1
946	946	3
947	947	3
948	948	-1
949	949	-3
950	950	-1
951	951	-3
952	952	1
953	953	-1
954	954	-1
955	955	-1
956	956	-1
957	957	1
958	958	1
959	959	1
960	960	-1
961	961	3
962	962	1
963	963	-3
964	964	3
965	965	1
966	966	-1
967	967	1
968	968	-3
969	969	3
970	970	3
971	971	-1
972	972	-1
973	973	-1
974	974	-1
975	975	1
976	976	-1
977	977	1
978	978	3
979	979	1
980	980	-3
981	981	-1
982	982	-3
983	983	-1
984	984	-1
985	985	1
986	986	-3
987	987	1
988	988	1
989	989	-1
990	990	1
991	991	1
992	992	-1
993	993	-3
994	994	1
995	995	-3
996	996	-3
997	997	-1
998	998	1
999	999	-1
1000	1000	-3
1001	1001	1
1002	1002	-1
1003	1003	1
1004	1004	1
1005	1005	-1
1006	1006	-3
1007	1007	-1
1008	1008	-3
1009	1009	-1
1010	1010	1
1011	1011	-1
1012	1012	-1
1013	1013	1
1014	1014	1
1015	1015	1
1016	1016	-3
1017	1017	-1
1018	1018	1
1019	1019	-1
1020	1020	3
1021	1021	1
1022	1022	-3
1023	1023	1
1024	1024	1
1025	1025	2
1026	1026	2
1027	1027	-2
1028	1028	-2
1029	1029	2
1030	1030	-2
1031	1031	2
1032	1032	-2
1033	1033	-2
1034	1034	-2
1035	1035	-2
1036	1036	2
1037	1037	2
1038	1038	-2
1039	1039	-2
1040	1040	-2
1041	1041	-2
1042	1042	-2
1043	1043	-2
1044	1044	-2
1045	1045	2
1046	1046	2
1047	1047	2
1048	1048	2
1049	1049	2
1050	1050	2
1051	1051	2
1052	1052	-2
1053	1053	2
1054	1054	2
1055	1055	2
1056	1056	-2
1057	1057	-2
1058	1058	-2
1059	1059	2
1060	1060	-2
1061	1061	2
1062	1062	-2
1063	1063	-2
1064	1064	2
1065	1065	2
1066	1066	2
1067	1067	-2
1068	1068	2
1069	1069	2
1070	1070	2
1071	1071	-2
1072	1072	-2
1073	1073	2
1074	1074	-2
1075	1075	2
1076	1076	2
1077	1077	2
1078	1078	-2
1079	1079	2
1080	1080	-2
1081	1081	-2
1082	1082	2
1083	1083	2
1084	1084	2
1085	1085	-2
1086	1086	-2
1087	1087	-2
1088	1088	2
1089	1089	-2
1090	1090	2
1091	1091	2
1092	1092	-2
1093	1093	2
1094	1094	-2
1095	1095	2
1096	1096	-2
1097	1097	-2
1098	1098	2
1099	1099	-2
1100	1100	2
1101	1101	-2
1102	1102	2
1103	1103	2
1104	1104	2
1105	1105	-2
1106	1106	-2
1107	1107	-2
1108	1108	-2
1109	1109	-2
1110	1110	2
1111	1111	2
1112	1112	2
1113	1113	2
1114	1114	2
1115	1115	2
1116	1116	2
1117	1117	-2
1118	1118	-2
1119	1119	2
1120	1120	2
1121	1121	-2
1122	1122	2
1123	1123	-2
1124	1124	2
1125	1125	-2
1126	1126	2
1127	1127	2
1128	1128	2
1129	1129	2
1130	1130	2
1131	1131	-2
1132	1132	2
1133	1133	2
1134	1134	-2
1135	1135	2
1136	1136	-2
1137	1137	2
1138	1138	-2
1139	1139	2
1140	1140	2
1141	1141	-2
1142	1142	2
1143	1143	-2
1144	1144	-2
1145	1145	2
1146	1146	2
1147	1147	2
1148	1148	-2
1149	1149	2
1150	1150	-2
1151	1151	-2
1152	1152	2
1153	1153	-2
1154	1154	2
1155	1155	-2
1156	1156	2
1157	1157	-2
1158	1158	2
1159	1159	2
1160	1160	2
1161	1161	2
1162	1162	2
1163	1163	-2
1164	1164	-2
1165	1165	2
1166	1166	2
1167	1167	2
1168	1168	-2
1169	1169	2
1170	1170	-2
1171	1171	2
1172	1172	-2
1173	1173	-2
1174	1174	2
1175	1175	-2
1176	1176	-2
1177	1177	2
1178	1178	2
1179	1179	2
1180	1180	-2
1181	1181	2
1182	1182	2
1183	1183	2
1184	1184	2
1185	1185	2
1186	1186	-2
1187	1187	2
1188	1188	2
1189	1189	2
1190	1190	-2
1191	1191	-2
1192	1192	2
1193	1193	-2
1194	1194	-2
1195	1195	-2
1196	1196	2
1197	1197	2
1198	1198	2
1199	1199	2
1200	1200	-2
1201	1201	-2
1202	1202	-2
1203	1203	2
1204	1204	-2
1205	1205	-2
1206	1206	2
1207	1207	2
1208	1208	-2
1209	1209	2
1210	1210	-2
1211	1211	2
1212	1212	-2
1213	1213	2
1214	1214	-2
1215	1215	-2
1216	1216	2
1217	1217	-2
1218	1218	2
1219	1219	2
1220	1220	-2
1221	1221	-2
1222	1222	-2
1223	1223	-2
1224	1224	2
1225	1225	2
1226	1226	2
1227	1227	2
1228	1228	-2
1229	1229	2
1230	1230	2
1231	1231	2
1232	1232	-2
1233	1233	-2
1234	1234	2
1235	1235	2
1236	1236	-2
1237	1237	2
1238	1238	-2
1239	1239	-2
1240	1240	2
1241	1241	-2
1242	1242	-2
1243	1243	2
1244	1244	-2
1245	1245	2
1246	1246	-2
1247	1247	2
1248	1248	-2
1249	1249	2
1250	1250	-2
1251	1251	-2
1252	1252	2
1253	1253	2
1254	1254	-2
1255	1255	-2
1256	1256	-2
1257	1257	-2
1258	1258	-2
1259	1259	2
1260	1260	-2
1261	1261	2
1262	1262	-2
1263	1263	2
1264	1264	2
1265	1265	-2
1266	1266	-2
1267	1267	-2
1268	1268	2
1269	1269	2
1270	1270	-2
1271	1271	-2
1272	1272	2
1273	1273	2
1274	1274	2
1275	1275	-2
1276	1276	2
1277	1277	2
1278	1278	2
1279	1279	2
1280	1280	-2
1281	1281	-2
1282	1282	2
1283	1283	-2
1284	1284	-2
1285	1285	-2
1286	1286	-2
1287	1287	-2
1288	1288	-2
1289	1289	2
1290	1290	-2
1291	1291	-2
1292	1292	2
1293	1293	2
1294	1294	-2
1295	1295	2
1296	1296	2
1297	1297	-2
1298	1298	2
1299	1299	-2
1300	1300	2
1301	1301	2
1302	1302	-2
1303	1303	2
1304	1304	2
1305	1305	-2
1306	1306	2
1307	1307	-2
1308	1308	2
1309	1309	-2
1310	1310	-2
1311	1311	2
1312	1312	-2
1313	1313	2
1314	1314	2
1315	1315	2
1316	1316	-2
1317	1317	-2
1318	1318	-2
1319	1319	2
1320	1320	-2
1321	1321	-2
1322	1322	-2
1323	1323	-2
1324	1324	-2
1325	1325	2
1326	1326	2
1327	1327	2
1328	1328	2
1329	1329	2
1330	1330	-2
1331	1331	2
1332	1332	-2
1333	1333	-2
1334	1334	-2
1335	1335	-2
1336	1336	-2
1337	1337	2
1338	1338	-2
1339	1339	-2
1340	1340	-2
1341	1341	2
1342	1342	-2
1343	1343	-2
1344	1344	2
1345	1345	2
1346	1346	-2
1347	1347	2
1348	1348	-2
1349	1349	-2
1350	1350	2
1351	1351	-2
1352	1352	-2
1353	1353	2
1354	1354	-2
1355	1355	2
1356	1356	-2
1357	1357	2
1358	1358	-2
1359	1359	-2
1360	1360	-2
1361	1361	-2
1362	1362	-2
1363	1363	-2
1364	1364	-2
1365	1365	2
1366	1366	2
1367	1367	2
1368	1368	2
1369	1369	-2
1370	1370	-2
1371	1371	-2
1372	1372	-2
1373	1373	-2
1374	1374	2
1375	1375	-2
1376	1376	2
1377	1377	2
1378	1378	-2
1379	1379	2
1380	1380	2
1381	1381	-2
1382	1382	2
1383	1383	-2
1384	1384	-2
1385	1385	-2
1386	1386	-2
1387	1387	-2
1388	1388	2
1389	1389	2
1390	1390	2
1391	1391	-2
1392	1392	2
1393	1393	-2
1394	1394	-2
1395	1395	-2
1396	1396	-2
1397	1397	-2
1398	1398	-2
1399	1399	-2
1400	1400	2
1401	1401	2
1402	1402	2
1403	1403	2
1404	1404	-2
1405	1405	-2
1406	1406	2
1407	1407	-2
1408	1408	2
1409	1409	-2
1410	1410	2
1411	1411	-2
1412	1412	-2
1413	1413	-2
1414	1414	-2
1415	1415	-2
1416	1416	2
1417	1417	2
1418	1418	2
1419	1419	2
1420	1420	-2
1421	1421	2
1422	1422	-2
1423	1423	-2
1424	1424	2
1425	1425	-2
1426	1426	-2
1427	1427	-2
1428	1428	-2
1429	1429	-2
1430	1430	-2
1431	1431	2
1432	1432	-2
1433	1433	-2
1434	1434	2
1435	1435	-2
1436	1436	-2
1437	1437	2
1438	1438	2
1439	1439	-2
1440	1440	-2
1441	1441	2
1442	1442	2
1443	1443	2
1444	1444	-2
1445	1445	2
1446	1446	-2
1447	1447	2
1448	1448	-2
1449	1449	2
1450	1450	-2
1451	1451	-2
1452	1452	-2
1453	1453	-2
1454	1454	-2
1455	1455	-2
1456	1456	-2
1457	1457	-2
1458	1458	2
1459	1459	2
1460	1460	-2
1461	1461	-2
1462	1462	-2
1463	1463	2
1464	1464	-2
1465	1465	2
1466	1466	-2
1467	1467	2
1468	1468	-2
1469	1469	-2
1470	1470	2
1471	1471	-2
1472	1472	-2
1473	1473	-2
1474	1474	-2
1475	1475	2
1476	1476	-2
1477	1477	-2
1478	1478	-2
1479	1479	-2
1480	1480	-2
1481	1481	-2
1482	1482	-2
1483	1483	2
1484	1484	-2
1485	1485	2
1486	1486	2
1487	1487	-2
1488	1488	-2
1489	1489	-2
1490	1490	2
1491	1491	-2
1492	1492	2
1493	1493	-2
1494	1494	2
1495	1495	-2
1496	1496	-2
1497	1497	2
1498	1498	-2
1499	1499	2
1500	1500	-2
1501	1501	2
1502	1502	-2
1503	1503	2
1504	1504	-2
1505	1505	2
1506	1506	2
1507	1507	2
1508	1508	-2
1509	1509	-2
1510	1510	2
1511	1511	-2
1512	1512	-2
1513	1513	2
1514	1514	-2
1515	1515	-2
1516	1516	-2
1517	1517	-2
1518	1518	-2
1519	1519	2
1520	1520	2
1521	1521	2
1522	1522	-2
1523	1523	-2
1524	1524	-2
1525	1525	-2
1526	1526	2
1527	1527	-2
1528	1528	-2
1529	1529	-2
1530	1530	-2
1531	1531	-2
1532	1532	2
1533	1533	-2
1534	1534	2
1535	1535	-2
1536	1536	-2
1537	1537	-2
1538	1538	2
1539	1539	2
1540	1540	2
1541	1541	-2
1542	1542	2
1543	1543	2
1544	1544	2
1545	1545	-2
1546	1546	2
1547	1547	2
1548	1548	-2
1549	1549	2
1550	1550	2
1551	1551	-2
1552	1552	2
1553	1553	-2
1554	1554	2
1555	1555	2
1556	1556	-2
1557	1557	-2
1558	1558	-2
1559	1559	-2
1560	1560	-2
1561	1561	-2
1562	1562	-2
1563	1563	2
1564	1564	-2
1565	1565	2
1566	1566	-2
1567	1567	-2
1568	1568	2
1569	1569	2
1570	1570	-2
1571	1571	2
1572	1572	2
1573	1573	2
1574	1574	2
1575	1575	2
1576	1576	-2
1577	1577	-2
1578	1578	-2
1579	1579	2
1580	1580	2
1581	1581	2
1582	1582	-2
1583	1583	-2
1584	1584	-2
1585	1585	2
1586	1586	2
1587	1587	-2
1588	1588	-2
1589	1589	-2
1590	1590	2
1591	1591	-2
1592	1592	2
1593	1593	-2
1594	1594	-2
1595	1595	2
1596	1596	2
1597	1597	2
1598	1598	-2
1599	1599	2
1600	1600	-2
1601	1601	-2
1602	1602	-2
1603	1603	-2
1604	1604	2
1605	1605	2
1606	1606	2
1607	1607	2
1608	1608	-2
1609	1609	2
1610	1610	-2
1611	1611	-2
1612	1612	2
1613	1613	2
1614	1614	-2
1615	1615	-2
1616	1616	2
1617	1617	2
1618	1618	-2
1619	1619	2
1620	1620	2
1621	1621	-2
1622	1622	2
1623	1623	-2
1624	1624	-2
1625	1625	2
1626	1626	-2
1627	1627	-2
1628	1628	-2
1629	1629	2
1630	1630	2
1631	1631	2
1632	1632	-2
1633	1633	-2
1634	1634	2
1635	1635	-2
1636	1636	-2
1637	1637	-2
1638	1638	2
1639	1639	-2
1640	1640	2
1641	1641	2
1642	1642	-2
1643	1643	-2
1644	1644	2
1645	1645	2
1646	1646	2
1647	1647	2
1648	1648	2
1649	1649	-2
1650	1650	2
1651	1651	-2
1652	1652	2
1653	1653	2
1654	1654	-2
1655	1655	2
1656	1656	2
1657	1657	-2
1658	1658	2
1659	1659	2
1660	1660	2
1661	1661	2
1662	1662	-2
1663	1663	2
1664	1664	2
1665	1665	-2
1666	1666	2
1667	1667	-2
1668	1668	-2
1669	1669	2
1670	1670	-2
1671	1671	2
1672	1672	2
1673	1673	2
1674	1674	2
1675	1675	2
1676	1676	2
1677	1677	2
1678	1678	2
1679	1679	2
1680	1680	2
1681	1681	2
1682	1682	2
1683	1683	2
1684	1684	2
1685	1685	2
1686	1686	-2
1687	1687	2
1688	1688	-2
1689	1689	2
1690	1690	-2
1691	1691	-2
1692	1692	2
1693	1693	2
1694	1694	2
1695	1695	-2
1696	1696	2
1697	1697	-2
1698	1698	2
1699	1699	-2
1700	1700	2
1701	1701	-2
1702	1702	-2
1703	1703	2
1704	1704	-2
1705	1705	-2
1706	1706	2
1707	1707	2
1708	1708	-2
1709	1709	2
1710	1710	-2
1711	1711	-2
1712	1712	-2
1713	1713	-2
1714	1714	-2
1715	1715	-2
1716	1716	-2
1717	1717	-2
1718	1718	-2
1719	1719	-2
1720	1720	2
1721	1721	-2
1722	1722	-2
1723	1723	2
1724	1724	-2
1725	1725	-2
1726	1726	-2
1727	1727	-2
1728	1728	-2
1729	1729	-2
1730	1730	-2
1731	1731	2
1732	1732	-2
1733	1733	-2
1734	1734	2
1735	1735	-2
1736	1736	-2
1737	1737	-2
1738	1738	2
1739	1739	-2
1740	1740	-2
1741	1741	2
1742	1742	2
1743	1743	-2
1744	1744	-2
1745	1745	2
1746	1746	-2
1747	1747	2
1748	1748	-2
1749	1749	2
1750	1750	2
1751	1751	-2
1752	1752	-2
1753	1753	-2
1754	1754	-2
1755	1755	2
1756	1756	-2
1757	1757	-2
1758	1758	2
1759	1759	2
1760	1760	2
1761	1761	-2
1762	1762	-2
1763	1763	-2
1764	1764	2
1765	1765	2
1766	1766	-2
1767	1767	-2
1768	1768	2
1769	1769	2
1770	1770	-2
1771	1771	-2
1772	1772	-2
1773	1773	-2
1774	1774	-2
1775	1775	2
1776	1776	2
1777	1777	2
1778	1778	2
1779	1779	2
1780	1780	-2
1781	1781	2
1782	1782	2
1783	1783	2
1784	1784	-2
1785	1785	2
1786	1786	-2
1787	1787	2
1788	1788	2
1789	1789	-2
1790	1790	-2
1791	1791	-2
1792	1792	-2
1793	1793	-2
1794	1794	-2
1795	1795	2
1796	1796	-2
1797	1797	-2
1798	1798	-2
1799	1799	2
1800	1800	-2
1801	1801	2
1802	1802	-2
1803	1803	2
1804	1804	-2
1805	1805	2
1806	1806	2
1807	1807	-2
1808	1808	2
1809	1809	2
1810	1810	-2
1811	1811	2
1812	1812	2
1813	1813	2
1814	1814	-2
1815	1815	-2
1816	1816	2
1817	1817	-2
1818	1818	-2
1819	1819	2
1820	1820	-2
1821	1821	-2
1822	1822	-2
1823	1823	-2
1824	1824	-2
1825	1825	2
1826	1826	-2
1827	1827	-2
1828	1828	2
1829	1829	2
1830	1830	-2
1831	1831	-2
1832	1832	2
1833	1833	-2
1834	1834	2
1835	1835	-2
1836	1836	2
1837	1837	-2
1838	1838	2
1839	1839	-2
1840	1840	2
1841	1841	2
1842	1842	-2
1843	1843	2
1844	1844	-2
1845	1845	-2
1846	1846	2
1847	1847	-2
1848	1848	-2
1849	1849	-2
1850	1850	-2
1851	1851	2
1852	1852	-2
1853	1853	-2
1854	1854	2
1855	1855	-2
1856	1856	-2
1857	1857	2
1858	1858	-2
1859	1859	2
1860	1860	-2
1861	1861	-2
1862	1862	2
1863	1863	2
1864	1864	-2
1865	1865	2
1866	1866	-2
1867	1867	2
1868	1868	-2
1869	1869	2
1870	1870	-2
1871	1871	-2
1872	1872	2
1873	1873	-2
1874	1874	-2
1875	1875	-2
1876	1876	-2
1877	1877	2
1878	1878	2
1879	1879	-2
1880	1880	2
1881	1881	-2
1882	1882	-2
1883	1883	-2
1884	1884	-2
1885	1885	2
1886	1886	-2
1887	1887	-2
1888	1888	-2
1889	1889	-2
1890	1890	2
1891	1891	2
1892	1892	2
1893	1893	2
1894	1894	-2
1895	1895	-2
1896	1896	-2
1897	1897	-2
1898	1898	2
1899	1899	-2
1900	1900	-2
1901	1901	2
1902	1902	2
1903	1903	-2
1904	1904	-2
1905	1905	2
1906	1906	-2
1907	1907	2
1908	1908	-2
1909	1909	-2
1910	1910	-2
1911	1911	-2
1912	1912	-2
1913	1913	-2
1914	1914	2
1915	1915	2
1916	1916	2
1917	1917	2
1918	1918	2
1919	1919	-2
1920	1920	2
1921	1921	2
1922	1922	2
1923	1923	-2
1924	1924	2
1925	1925	-2
1926	1926	-2
1927	1927	-2
1928	1928	-2
1929	1929	-2
1930	1930	-2
1931	1931	-2
1932	1932	-2
1933	1933	-2
1934	1934	2
1935	1935	-2
1936	1936	2
1937	1937	-2
1938	1938	2
1939	1939	-2
1940	1940	2
1941	1941	-2
1942	1942	2
1943	1943	2
1944	1944	-2
1945	1945	2
1946	1946	-2
1947	1947	-2
1948	1948	-2
1949	1949	-2
1950	1950	2
1951	1951	2
1952	1952	2
1953	1953	2
1954	1954	2
1955	1955	-2
1956	1956	2
1957	1957	2
1958	1958	-2
1959	1959	-2
1960	1960	2
1961	1961	-2
1962	1962	-2
1963	1963	2
1964	1964	-2
1965	1965	2
1966	1966	-2
1967	1967	2
1968	1968	-2
1969	1969	2
1970	1970	-2
1971	1971	-2
1972	1972	2
1973	1973	-2
1974	1974	2
1975	1975	2
1976	1976	2
1977	1977	-2
1978	1978	2
1979	1979	2
1980	1980	-2
1981	1981	2
1982	1982	-2
1983	1983	-2
1984	1984	2
1985	1985	-2
1986	1986	2
1987	1987	-2
1988	1988	-2
1989	1989	-2
1990	1990	-2
1991	1991	2
1992	1992	-2
1993	1993	2
1994	1994	2
1995	1995	-2
1996	1996	-2
1997	1997	2
1998	1998	-2
1999	1999	2
2000	2000	-2
2001	2001	2
2002	2002	2
2003	2003	2
2004	2004	2
2005	2005	-2
2006	2006	-2
2007	2007	-2
2008	2008	-2
2009	2009	2
2010	2010	-2
2011	2011	-2
2012	2012	-2
2013	2013	2
2014	2014	-2
2015	2015	2
2016	2016	-2
2017	2017	2
2018	2018	-2
2019	2019	2
2020	2020	2
2021	2021	-2
2022	2022	2
2023	2023	2
2024	2024	2
2025	2025	-2
2026	2026	-2
2027	2027	2
2028	2028	2
2029	2029	-2
2030	2030	-2
2031	2031	2
2032	2032	2
2033	2033	2
2034	2034	2
2035	2035	-2
2036	2036	-2
2037	2037	2
2038	2038	2
2039	2039	-2
2040	2040	-2
2041	2041	2
2042	2042	2
2043	2043	-2
2044	2044	-2
2045	2045	-2
2046	2046	2
2047	2047	2
2048	2048	2
1	236	1
1	457	1
1	563	1
1	640	1
1	758	1
1	783	1
1	1057	2
1	1135	2
1	1273	-2
2	8	1
2	80	1
2	141	1
2	708	1
2	758	1
2	839	1
2	1093	2
2	1355	-2
2	1744	2
3	70	1
3	137	1
3	158	1
3	206	1
3	589	1
3	961	1
3	1172	-2
3	1831	2
3	1832	2
4	19	1
4	51	1
4	56	1
4	116	1
4	745	1
4	879	1
4	1496	-2
4	1900	-2
4	1935	2
5	144	1
5	391	1
5	629	1
5	630	1
5	693	1
5	908	1
5	1126	-2
5	1822	2
5	1960	-2
6	84	1
6	191	1
6	249	1
6	439	1
6	623	1
6	907	1
6	1495	2
6	1950	2
6	2016	-2
7	178	1
7	242	1
7	267	1
7	269	1
7	655	1
7	998	1
7	1232	-2
7	1801	2
7	1975	2
8	64	1
8	268	1
8	660	1
8	839	1
8	878	1
8	1343	2
8	1744	2
8	1974	-2
9	23	1
9	42	1
9	366	1
9	377	1
9	803	1
9	870	1
9	1323	2
9	1367	-2
9	1702	2
10	251	1
10	347	1
10	388	1
10	580	1
10	741	1
10	936	1
10	1383	2
10	1727	2
10	1786	2
11	304	1
11	418	1
11	618	1
11	686	1
11	715	1
11	858	1
11	1098	-2
11	1224	-2
11	1280	2
12	119	1
12	322	1
12	447	1
12	503	1
12	615	1
12	798	1
12	1128	-2
12	1830	2
12	1962	2
13	101	1
13	260	1
13	572	1
13	718	1
13	817	1
13	1003	1
13	1276	2
13	1316	-2
13	1417	2
14	55	1
14	196	1
14	226	1
14	514	1
14	628	1
14	657	1
14	1319	-2
14	1485	2
14	2026	2
15	27	1
15	200	1
15	395	1
15	507	1
15	948	1
15	955	1
15	1484	-2
15	1673	-2
15	1743	2
16	28	1
16	106	1
16	177	1
16	295	1
16	809	1
16	1002	1
16	1340	-2
16	1756	-2
16	1861	2
17	175	2
17	374	1
17	666	1
17	766	1
17	880	1
17	1050	-2
17	1422	2
17	1678	2
18	100	1
18	489	1
18	841	1
18	846	1
18	904	1
18	915	1
18	1530	-2
18	1586	2
18	2022	2
19	105	1
19	116	1
19	246	1
19	833	1
19	879	1
19	1492	-2
19	1855	2
19	1900	-2
20	73	1
20	546	1
20	685	1
20	824	1
20	959	1
20	1019	1
20	1108	2
20	1253	2
20	1327	-2
21	112	1
21	127	1
21	423	1
21	608	1
21	735	1
21	996	1
21	1771	2
21	1936	-2
21	1999	-2
22	108	1
22	198	1
22	551	1
22	566	1
22	578	1
22	593	1
22	1070	-2
22	1106	-2
22	1123	2
23	210	1
23	247	1
23	274	1
23	870	1
23	892	1
23	1225	2
23	1265	-2
23	1323	2
24	86	1
24	197	1
24	411	1
24	581	1
24	603	1
24	688	1
24	1730	2
24	1734	2
24	1825	-2
25	234	1
25	289	1
25	319	1
25	546	1
25	618	1
25	987	1
25	1027	-2
25	1159	2
25	1199	-2
26	169	1
26	254	1
26	294	1
26	448	1
26	611	1
26	999	1
26	1287	-2
26	1294	-2
26	1889	-2
27	239	1
27	507	1
27	706	1
27	832	1
27	1019	1
27	1452	2
27	1673	-2
27	1715	2
28	177	1
28	215	1
28	339	1
28	526	1
28	917	1
28	1144	2
28	1340	-2
28	1983	2
29	38	1
29	454	1
29	577	1
29	682	1
29	715	1
29	990	1
29	1061	2
29	1380	2
29	1394	-2
30	58	1
30	234	1
30	296	1
30	587	1
30	665	1
30	757	1
30	1177	2
30	1621	2
30	2048	2
31	117	1
31	248	1
31	291	1
31	469	1
31	953	1
31	1009	1
31	1187	2
31	1286	2
31	1748	2
32	69	1
32	505	1
32	762	1
32	797	1
32	870	1
32	973	1
32	1052	-2
32	1753	2
32	2003	2
33	150	1
33	485	1
33	588	1
33	593	1
33	785	1
33	985	1
33	1206	2
33	1614	-2
33	1826	2
34	350	1
34	439	1
34	609	1
34	900	1
34	902	1
34	961	1
34	1190	2
34	1450	2
34	1894	-2
35	212	1
35	325	1
35	456	1
35	540	1
35	930	1
35	957	1
35	1157	2
35	1481	-2
35	1819	2
36	315	1
36	517	1
36	548	1
36	600	1
36	877	1
36	975	1
36	1407	2
36	1661	-2
36	1802	-2
37	109	1
37	315	1
37	538	1
37	553	1
37	722	1
37	878	1
37	1089	-2
37	1255	2
37	1706	2
38	84	1
38	581	1
38	715	1
38	786	1
38	841	1
38	1061	2
38	1300	2
38	1875	2
39	144	1
39	159	1
39	234	1
39	497	1
39	637	1
39	934	1
39	1067	2
39	1431	2
39	1599	-2
40	77	1
40	113	1
40	229	1
40	405	1
40	760	1
40	918	1
40	1619	-2
40	1907	-2
40	1986	2
41	436	1
41	463	1
41	488	1
41	927	1
41	973	1
41	979	1
41	1378	-2
41	1473	2
41	1754	-2
42	549	1
42	574	1
42	803	1
42	864	1
42	938	1
42	1507	-2
42	1702	2
42	1735	2
43	294	1
43	458	1
43	654	1
43	740	1
43	866	1
43	996	1
43	1366	-2
43	1535	-2
43	1700	-2
44	336	1
44	423	1
44	700	1
44	726	1
44	822	1
44	941	1
44	1084	2
44	1982	-2
44	2009	-2
45	76	1
45	252	1
45	566	1
45	740	1
45	772	1
45	916	1
45	1597	2
45	1924	2
45	2047	2
46	130	1
46	291	1
46	381	1
46	742	1
46	933	1
46	937	1
46	1440	2
46	1575	2
46	1684	-2
47	153	1
47	240	1
47	426	1
47	449	1
47	701	1
47	788	1
47	1165	-2
47	1615	-2
47	1769	2
48	224	1
48	332	1
48	645	1
48	653	1
48	840	1
48	968	1
48	1212	-2
48	1229	-2
48	1761	2
49	54	1
49	155	1
49	412	1
49	566	1
49	852	1
49	1007	1
49	1120	-2
49	1317	2
49	1531	-2
50	134	1
50	467	1
50	559	1
50	738	1
50	743	1
50	928	1
50	1217	2
50	1251	-2
50	1388	2
51	116	1
51	355	1
51	561	1
51	562	1
51	638	1
51	1060	-2
51	1496	-2
51	1796	2
52	63	1
52	379	1
52	385	1
52	593	1
52	717	1
52	1005	1
52	1124	-2
52	1191	2
52	1344	-2
53	158	1
53	687	1
53	764	1
53	853	1
53	926	1
53	956	1
53	1054	-2
53	1219	2
53	1364	2
54	142	1
54	561	1
54	566	1
54	834	1
54	856	1
54	1120	-2
54	1480	-2
54	1755	-2
55	196	1
55	257	1
55	322	1
55	832	1
55	914	1
55	1158	-2
55	1223	-2
55	1485	2
56	286	1
56	523	1
56	720	1
56	745	1
56	951	1
56	1138	-2
56	1758	-2
56	1935	2
57	115	1
57	316	1
57	440	1
57	705	1
57	874	1
57	931	1
57	1230	2
57	1503	2
57	1883	2
58	278	1
58	414	1
58	456	1
58	587	1
58	1016	1
58	1560	2
58	1667	2
58	2048	2
59	157	1
59	274	1
59	357	1
59	684	1
59	896	1
59	967	1
59	1162	2
59	1795	-2
59	1897	-2
60	64	1
60	176	1
60	511	1
60	554	1
60	588	1
60	934	1
60	1025	-2
60	1624	-2
60	2037	-2
61	167	1
61	204	1
61	328	1
61	449	1
61	866	1
61	993	1
61	1075	-2
61	1122	-2
61	1197	-2
62	78	1
62	329	1
62	495	1
62	929	1
62	964	1
62	1005	1
62	1490	2
62	1925	-2
62	2044	-2
63	182	1
63	209	1
63	656	1
63	992	1
63	1005	1
63	1124	-2
63	1792	-2
63	1838	2
64	337	1
64	511	1
64	749	1
64	878	1
64	1025	-2
64	1071	2
64	1343	2
65	335	1
65	369	1
65	567	1
65	755	1
65	828	1
65	898	1
65	1198	2
65	1970	-2
65	2042	2
66	204	1
66	331	1
66	493	1
66	689	1
66	763	1
66	891	1
66	1565	-2
66	1806	-2
66	1820	2
67	476	1
67	739	1
67	893	1
67	917	1
67	925	1
67	978	1
67	1370	-2
67	1958	2
67	1963	2
68	75	1
68	91	1
68	99	1
68	421	1
68	582	1
68	617	1
68	1107	2
68	1218	2
68	1312	-2
69	98	1
69	288	1
69	342	1
69	669	1
69	797	1
69	1152	-2
69	1442	-2
69	2003	2
70	151	1
70	158	1
70	250	1
70	262	1
70	453	1
70	1172	-2
70	1353	2
70	1545	2
71	216	1
71	380	1
71	401	1
71	623	1
71	975	1
71	1002	1
71	1035	2
71	1779	2
71	1908	-2
72	524	1
72	590	1
72	658	1
72	797	1
72	851	1
72	908	1
72	1460	2
72	1515	-2
72	1562	-2
73	473	1
73	820	1
73	824	1
73	881	1
73	952	1
73	1108	2
73	1580	2
73	1954	-2
74	222	1
74	356	1
74	451	1
74	489	1
74	605	1
74	955	1
74	1201	-2
74	1839	-2
74	1912	2
75	91	1
75	199	1
75	560	1
75	576	1
75	830	1
75	1101	-2
75	1107	2
75	1641	-2
76	111	1
76	226	1
76	433	1
76	916	1
76	965	1
76	1582	-2
76	1915	2
76	2047	2
77	113	1
77	179	1
77	604	1
77	894	1
77	967	1
77	1226	2
77	1676	2
77	1907	-2
78	185	1
78	539	1
78	582	1
78	688	1
78	929	1
78	1490	2
78	1906	2
78	1914	-2
79	333	1
79	360	1
79	367	1
79	454	1
79	561	1
79	865	1
79	1240	-2
79	1341	-2
79	1704	2
80	268	1
80	512	1
80	758	1
80	762	1
80	995	1
80	1093	2
80	1828	2
80	2046	-2
81	201	1
81	586	1
81	711	1
81	784	1
81	824	1
81	899	1
81	1381	2
81	1945	2
81	1955	-2
82	235	1
82	238	1
82	309	1
82	518	1
82	570	1
82	651	1
82	1204	-2
82	1466	-2
82	1843	2
83	87	1
83	395	1
83	429	1
83	438	1
83	940	1
83	1003	1
83	1669	-2
83	1737	-2
83	2014	-2
84	439	1
84	516	1
84	828	1
84	841	1
84	1513	2
84	1875	2
84	2016	-2
85	95	1
85	248	1
85	263	1
85	273	1
85	541	1
85	827	1
85	1279	-2
85	1498	2
85	1998	-2
86	241	1
86	581	1
86	626	1
86	944	1
86	949	1
86	1349	2
86	1455	-2
86	1825	-2
87	164	1
87	395	1
87	550	1
87	702	1
87	811	1
87	1445	-2
87	1688	2
87	2014	-2
88	190	1
88	378	1
88	505	1
88	547	1
88	652	1
88	842	1
88	1778	-2
88	1947	2
88	1949	-2
89	133	1
89	215	1
89	360	1
89	424	1
89	658	1
89	713	1
89	1244	-2
89	1337	2
89	1943	2
90	297	1
90	393	1
90	719	1
90	906	1
90	910	1
90	980	1
90	1428	2
90	1847	2
90	2025	2
91	139	1
91	267	1
91	362	1
91	645	1
91	1107	2
91	1456	-2
91	1782	-2
92	116	1
92	149	1
92	526	1
92	584	1
92	778	1
92	901	1
92	1804	-2
92	1890	2
92	1898	-2
93	190	1
93	450	1
93	504	1
93	598	1
93	985	1
93	1022	1
93	1058	2
93	1348	2
93	1453	2
94	421	1
94	509	1
94	536	1
94	707	1
94	736	1
94	844	1
94	1278	2
94	1902	2
94	1916	-2
95	248	1
95	487	1
95	539	1
95	551	1
95	553	1
95	1279	-2
95	1461	-2
95	1854	-2
96	218	1
96	376	1
96	562	1
96	614	1
96	920	1
96	925	1
96	1502	-2
96	1547	-2
96	1944	-2
97	327	1
97	391	1
97	403	1
97	734	1
97	752	1
97	970	1
97	1032	-2
97	1443	-2
97	1577	-2
98	184	1
98	342	1
98	627	1
98	638	1
98	979	1
98	1386	-2
98	1442	-2
98	1726	2
99	298	1
99	421	1
99	536	1
99	990	1
99	1023	1
99	1312	-2
99	1360	-2
99	1763	2
100	160	1
100	466	1
100	826	1
100	915	1
100	1014	1
100	1103	-2
100	1645	-2
100	2022	2
101	235	1
101	260	1
101	556	1
101	601	1
101	795	1
101	1092	2
101	1276	2
101	1411	-2
102	398	1
102	446	1
102	496	1
102	554	1
102	897	1
102	980	1
102	1434	-2
102	1722	-2
102	1821	-2
103	243	1
103	272	1
103	480	1
103	506	1
103	585	1
103	689	1
103	1081	-2
103	1234	2
103	1409	2
104	364	1
104	408	1
104	673	1
104	833	1
104	913	1
104	1008	1
104	1532	-2
104	1635	2
104	1834	2
105	191	1
105	332	1
105	525	1
105	761	1
105	833	1
105	1436	2
105	1492	-2
105	2034	2
106	569	1
106	695	1
106	809	1
106	911	1
106	943	1
106	1756	-2
106	1768	-2
106	1992	-2
107	122	1
107	327	1
107	861	1
107	925	1
107	984	1
107	1004	1
107	1155	-2
107	1288	2
107	1493	-2
108	198	1
108	259	1
108	322	1
108	721	1
108	992	1
108	1082	-2
108	1123	2
108	1682	-2
109	311	1
109	315	1
109	632	1
109	734	1
109	843	1
109	1237	2
109	1255	2
109	1740	-2
110	193	1
110	309	1
110	520	1
110	611	1
110	747	1
110	826	1
110	1585	2
110	1800	-2
110	1904	2
111	365	1
111	464	1
111	713	1
111	918	1
111	965	1
111	1426	-2
111	1468	-2
111	1915	2
112	266	1
112	307	1
112	423	1
112	888	1
112	981	1
112	1238	2
112	1936	-2
112	2000	-2
113	439	1
113	541	1
113	641	1
113	839	1
113	1403	2
113	1750	2
113	1907	-2
114	184	1
114	484	1
114	577	1
114	589	1
114	596	1
114	968	1
114	1066	-2
114	1385	-2
114	2039	2
115	207	1
115	214	1
115	324	1
115	438	1
115	440	1
115	1230	2
115	1540	-2
115	1827	2
116	246	1
116	778	1
116	1496	-2
116	1855	2
116	1890	2
117	145	1
117	173	1
117	203	1
117	291	1
117	330	1
117	1187	2
117	1210	-2
117	1506	-2
118	317	1
118	361	1
118	403	1
118	664	1
118	881	1
118	889	1
118	1346	2
118	1412	-2
118	1872	-2
119	178	1
119	285	1
119	359	1
119	441	1
119	615	1
119	1073	-2
119	1830	2
119	1980	2
120	122	1
120	289	1
120	310	1
120	463	1
120	567	1
120	775	1
120	1457	2
120	1670	-2
120	1917	2
121	344	1
121	444	1
121	459	1
121	460	1
121	696	1
121	969	1
121	1375	2
121	1675	-2
121	1956	2
122	567	1
122	629	1
122	672	1
122	1004	1
122	1493	-2
122	1917	2
122	1966	2
123	278	1
123	578	1
123	670	1
123	860	1
123	895	1
123	1012	1
123	1550	-2
123	1618	-2
123	1885	-2
124	136	1
124	785	1
124	805	1
124	823	1
124	838	1
124	980	1
124	1376	-2
124	1674	-2
124	1961	-2
125	416	1
125	418	1
125	483	1
125	649	1
125	669	1
125	701	1
125	1718	2
125	1723	-2
125	2045	-2
126	238	1
126	284	1
126	591	1
126	644	1
126	707	1
126	727	1
126	1087	-2
126	1405	2
126	1658	-2
127	318	1
127	488	1
127	639	1
127	735	1
127	938	1
127	1028	-2
127	1040	2
127	1771	2
128	174	1
128	353	1
128	434	1
128	461	1
128	721	1
128	793	1
128	1548	-2
128	1664	-2
128	1997	2
129	691	1
129	774	1
129	838	1
129	884	1
129	987	1
129	1010	1
129	1249	2
129	1707	-2
129	1732	-2
130	154	1
130	291	1
130	453	1
130	679	1
130	962	1
130	1134	2
130	1250	-2
130	1575	2
131	180	1
131	455	1
131	653	1
131	703	1
131	891	1
131	929	1
131	1059	-2
131	1332	-2
131	1570	-2
132	152	1
132	506	1
132	533	1
132	586	1
132	678	1
132	685	1
132	1074	2
132	1811	2
132	1927	2
133	215	1
133	268	1
133	282	1
133	770	1
133	893	1
133	1731	-2
133	1943	2
133	2023	-2
134	468	1
134	555	1
134	647	1
134	738	1
134	988	1
134	1251	-2
134	1372	2
134	1677	-2
135	174	1
135	193	1
135	547	1
135	835	1
135	854	1
135	910	1
135	1334	2
135	1476	-2
135	1996	-2
136	143	1
136	785	1
136	794	1
136	830	1
136	836	1
136	1546	-2
136	1930	2
136	1961	-2
137	206	1
137	231	1
137	313	1
137	319	1
137	552	1
137	1213	2
137	1831	2
137	1845	-2
138	206	1
138	240	1
138	343	1
138	405	1
138	888	1
138	973	1
138	1282	-2
138	1352	-2
138	1423	-2
139	325	1
139	362	1
139	631	1
139	879	1
139	905	1
139	1521	2
139	1549	2
139	1782	-2
140	221	1
140	296	1
140	470	1
140	574	1
140	719	1
140	855	1
140	1472	-2
140	1520	-2
140	1888	2
141	155	1
141	194	1
141	708	1
141	749	1
141	1021	1
141	1266	2
141	1355	-2
141	1627	2
142	299	1
142	499	1
142	681	1
142	784	1
142	834	1
142	1298	-2
142	1500	2
142	1755	-2
143	651	1
143	748	1
143	794	1
143	1012	1
143	1018	1
143	1546	-2
143	1797	-2
143	1919	-2
144	159	1
144	640	1
144	908	1
144	964	1
144	1126	-2
144	1592	2
144	1599	-2
145	173	1
145	465	1
145	544	1
145	794	1
145	994	1
145	1264	-2
145	1506	-2
145	1695	-2
146	400	1
146	501	1
146	858	1
146	950	1
146	995	1
146	1006	1
146	1045	-2
146	1153	2
146	2001	-2
147	265	1
147	314	1
147	343	1
147	552	1
147	903	1
147	969	1
147	1178	-2
147	1283	-2
147	1638	2
148	197	1
148	259	1
148	300	1
148	410	1
148	624	1
148	862	1
148	1044	-2
148	1296	-2
148	1672	-2
149	237	1
149	499	1
149	526	1
149	842	1
149	912	1
149	1150	-2
149	1898	-2
149	1941	2
150	153	1
150	227	1
150	588	1
150	597	1
150	702	1
150	1339	-2
150	1563	-2
150	1826	2
151	187	1
151	262	1
151	471	1
151	540	1
151	690	1
151	1353	2
151	1396	2
151	1932	2
152	403	1
152	533	1
152	620	1
152	801	1
152	931	1
152	1330	2
152	1571	-2
152	1811	2
153	165	1
153	426	1
153	524	1
153	702	1
153	1041	-2
153	1563	-2
153	1615	-2
154	157	1
154	597	1
154	728	1
154	847	1
154	962	1
154	1250	-2
154	1538	2
154	1780	-2
155	194	1
155	443	1
155	712	1
155	1007	1
155	1531	-2
155	1627	2
155	1972	-2
156	207	1
156	474	1
156	607	1
156	789	1
156	819	1
156	878	1
156	1475	2
156	1568	-2
156	1604	-2
157	576	1
157	723	1
157	728	1
157	967	1
157	1538	2
157	1691	2
157	1897	-2
158	373	1
158	853	1
158	953	1
158	1172	-2
158	1219	2
158	1600	2
159	460	1
159	565	1
159	647	1
159	810	1
159	1171	2
159	1599	-2
159	1617	2
160	247	1
160	466	1
160	630	1
160	633	1
160	763	1
160	1103	-2
160	1121	-2
160	1389	-2
161	321	1
161	507	1
161	594	1
161	616	1
161	680	1
161	791	1
161	1111	2
161	1497	2
161	1642	-2
162	371	1
162	581	1
162	694	1
162	811	1
162	837	1
162	876	1
162	1590	-2
162	1611	-2
162	1692	-2
163	177	1
163	198	1
163	282	1
163	699	1
163	874	1
163	928	1
163	1049	2
163	1458	-2
163	1895	2
164	572	1
164	615	1
164	619	1
164	811	1
164	981	1
164	1610	-2
164	1688	2
164	1873	-2
165	306	1
165	474	1
165	524	1
165	755	1
165	1024	1
165	1041	-2
165	1357	2
165	1948	-2
166	290	1
166	313	1
166	354	1
166	386	1
166	586	1
166	733	1
166	1311	-2
166	1710	-2
166	1859	2
167	204	1
167	220	1
167	320	1
167	868	1
167	882	1
167	1075	-2
167	1085	-2
167	1382	-2
168	318	1
168	433	1
168	694	1
168	795	1
168	873	1
168	1002	1
168	1105	2
168	1776	-2
168	1833	-2
169	185	1
169	436	1
169	611	1
169	692	1
169	924	1
169	1287	-2
169	1369	2
169	1842	2
170	404	1
170	470	1
170	486	1
170	724	1
170	871	1
170	962	1
170	1110	2
170	1310	-2
170	1749	2
171	213	1
171	435	1
171	502	1
171	738	1
171	798	1
171	920	1
171	1252	-2
171	2006	-2
171	2033	-2
172	243	1
172	256	1
172	281	1
172	521	1
172	558	1
172	1023	1
172	1697	2
172	1713	-2
172	1788	-2
173	434	1
173	435	1
173	531	1
173	956	1
173	1506	-2
173	1541	2
173	1696	2
174	193	1
174	596	1
174	721	1
174	897	1
174	1664	-2
174	1790	2
174	1996	-2
175	766	1
175	834	1
175	851	1
175	880	1
175	1422	2
175	1678	2
175	2036	-2
176	241	1
176	276	1
176	486	1
176	554	1
176	857	1
176	1421	-2
176	1624	-2
176	1805	-2
177	198	1
177	580	1
177	691	1
177	1049	2
177	1340	-2
177	1765	2
178	228	1
178	242	1
178	359	1
178	612	1
178	1163	-2
178	1801	2
178	1980	2
179	544	1
179	564	1
179	626	1
179	805	1
179	967	1
179	1676	2
179	1709	2
179	1853	2
180	182	1
180	410	1
180	423	1
180	744	1
180	929	1
180	1059	-2
180	1371	2
180	1857	-2
181	209	1
181	348	1
181	419	1
181	592	1
181	613	1
181	847	1
181	1429	2
181	1519	-2
181	1633	2
182	306	1
182	410	1
182	751	1
182	992	1
182	1139	-2
182	1371	2
182	1838	2
183	513	1
183	554	1
183	579	1
183	737	1
183	905	1
183	982	1
183	1095	-2
183	1257	2
183	1681	2
184	188	1
184	255	1
184	589	1
184	627	1
184	1200	-2
184	1385	-2
184	1726	2
185	295	1
185	436	1
185	539	1
185	903	1
185	1794	-2
185	1842	2
185	1906	2
186	253	1
186	283	1
186	344	1
186	577	1
186	714	1
186	926	1
186	1284	2
186	1427	2
186	1680	2
187	239	1
187	372	1
187	390	1
187	535	1
187	690	1
187	1233	2
187	1557	-2
187	1932	2
188	255	1
188	279	1
188	746	1
188	926	1
188	994	1
188	1200	-2
188	1277	2
188	1451	-2
189	298	1
189	383	1
189	510	1
189	807	1
189	862	1
189	875	1
189	1441	-2
189	1489	2
189	1711	-2
190	378	1
190	394	1
190	1006	1
190	1022	1
190	1387	2
190	1453	2
190	1947	2
191	330	1
191	332	1
191	548	1
191	907	1
191	1354	2
191	1436	2
191	1950	2
192	370	1
192	413	1
192	474	1
192	657	1
192	712	1
192	776	1
192	1398	-2
192	1572	-2
192	2020	2
193	823	1
193	826	1
193	895	1
193	1585	2
193	1772	2
193	1996	-2
194	290	1
194	569	1
194	848	1
194	982	1
194	1183	2
194	1627	2
194	1773	2
195	311	1
195	372	1
195	489	1
195	657	1
195	730	1
195	800	1
195	1270	2
195	1356	2
195	1561	2
196	672	1
196	680	1
196	937	1
196	999	1
196	1402	2
196	1485	2
196	1791	2
197	410	1
197	411	1
197	728	1
197	912	1
197	1589	-2
197	1672	-2
197	1730	2
198	688	1
198	988	1
198	1049	2
198	1123	2
198	1596	2
199	424	1
199	800	1
199	830	1
199	949	1
199	953	1
199	1188	2
199	1641	-2
199	1984	-2
200	395	1
200	543	1
200	666	1
200	710	1
200	770	1
200	1211	-2
200	1484	-2
200	1869	-2
201	382	1
201	430	1
201	458	1
201	810	1
201	824	1
201	1099	2
201	1381	2
201	2013	-2
202	341	1
202	417	1
202	785	1
202	808	1
202	890	1
202	957	1
202	1168	-2
202	1856	2
202	1864	-2
203	246	1
203	330	1
203	612	1
203	902	1
203	942	1
203	1210	-2
203	1514	2
203	1818	-2
204	331	1
204	532	1
204	682	1
204	1075	-2
204	1643	-2
204	1806	-2
205	249	1
205	508	1
205	513	1
205	761	1
205	791	1
205	816	1
205	1222	2
205	1335	2
205	1957	2
206	271	1
206	625	1
206	888	1
206	1308	-2
206	1423	-2
206	1831	2
207	274	1
207	438	1
207	474	1
207	590	1
207	1568	-2
207	1573	-2
207	1827	2
208	236	1
208	292	1
208	298	1
208	804	1
208	902	1
208	1023	1
208	1117	-2
208	1537	2
208	1720	-2
209	656	1
209	847	1
209	887	1
209	1015	1
209	1429	2
209	1551	-2
209	1792	-2
210	274	1
210	511	1
210	525	1
210	693	1
210	1022	1
210	1076	2
210	1225	2
210	2011	2
211	253	1
211	445	1
211	576	1
211	735	1
211	771	1
211	1001	1
211	1289	2
211	1837	-2
211	2024	2
212	325	1
212	357	1
212	753	1
212	756	1
212	778	1
212	1154	2
212	1157	2
212	1840	2
213	375	1
213	502	1
213	606	1
213	638	1
213	899	1
213	1252	-2
213	1345	2
213	1967	-2
214	216	1
214	324	1
214	597	1
214	607	1
214	850	1
214	1414	-2
214	1540	-2
214	1555	2
215	853	1
215	917	1
215	946	1
215	1943	2
215	1983	2
215	1994	2
216	270	1
216	336	1
216	607	1
216	975	1
216	1035	2
216	1414	-2
216	1566	2
217	306	1
217	363	1
217	514	1
217	622	1
217	663	1
217	850	1
217	1524	-2
217	1622	-2
217	1926	-2
218	362	1
218	406	1
218	479	1
218	500	1
218	562	1
218	1329	2
218	1860	2
218	1944	-2
219	408	1
219	510	1
219	615	1
219	857	1
219	1006	1
219	1011	1
219	1118	2
219	1613	-2
219	1690	2
220	275	1
220	309	1
220	402	1
220	867	1
220	882	1
220	1136	2
220	1382	-2
220	1630	2
221	296	1
221	361	1
221	648	1
221	770	1
221	885	1
221	1180	-2
221	1520	-2
221	2032	2
222	441	1
222	451	2
222	818	1
222	893	1
222	1201	-2
222	1242	-2
222	1297	-2
223	329	1
223	409	1
223	468	1
223	471	1
223	704	1
223	756	1
223	1379	-2
223	1606	-2
223	1609	-2
224	336	1
224	653	1
224	830	1
224	920	1
224	971	1
224	1127	2
224	1721	2
224	1761	2
225	388	1
225	563	1
225	583	1
225	851	1
225	948	1
225	1024	1
225	1275	2
225	1491	-2
225	1964	-2
226	433	1
226	462	1
226	622	1
226	657	1
226	1268	-2
226	1582	-2
226	2026	2
227	263	1
227	305	1
227	461	1
227	597	1
227	803	1
227	1339	-2
227	1814	2
227	2038	2
228	442	1
228	452	1
228	612	1
228	779	1
228	825	1
228	1163	-2
228	1746	-2
228	1789	2
229	279	1
229	326	1
229	405	1
229	519	1
229	944	1
229	1799	2
229	1952	-2
229	1986	2
230	427	1
230	502	1
230	768	1
230	821	1
230	976	1
230	1020	1
230	1399	2
230	1893	2
230	1990	2
231	319	1
231	347	1
231	915	1
231	954	1
231	1013	1
231	1146	-2
231	1213	2
231	1325	-2
232	441	1
232	639	1
232	667	1
232	765	1
232	814	1
232	863	1
232	1129	-2
232	1161	-2
232	1634	-2
233	250	1
233	290	1
233	416	1
233	529	1
233	595	1
233	600	1
233	1408	-2
233	1505	2
233	1981	-2
234	289	1
234	296	1
234	637	1
234	1067	2
234	1177	2
234	1199	-2
235	309	1
235	601	1
235	842	1
235	852	1
235	1083	-2
235	1204	-2
235	1411	-2
236	292	1
236	758	1
236	872	1
236	991	1
236	1135	2
236	1537	2
236	1745	-2
237	808	1
237	842	1
237	906	1
237	927	1
237	1014	1
237	1404	-2
237	1539	2
237	1941	2
238	443	1
238	518	1
238	579	1
238	591	1
238	1087	-2
238	1466	-2
238	1939	-2
239	282	1
239	372	1
239	922	1
239	1019	1
239	1233	2
239	1628	2
239	1715	2
240	359	1
240	405	1
240	449	1
240	652	1
240	1165	-2
240	1281	2
240	1352	-2
241	381	1
241	486	1
241	761	1
241	949	1
241	1295	2
241	1349	2
241	1805	-2
242	332	1
242	415	1
242	831	1
242	908	1
242	1267	-2
242	1801	2
242	1942	2
243	272	1
243	399	1
243	558	1
243	966	1
243	1409	2
243	1697	2
243	1708	2
244	293	1
244	555	1
244	636	1
244	683	1
244	709	1
244	749	1
244	1189	2
244	1361	-2
244	1882	-2
245	599	1
245	627	1
245	757	1
245	759	1
245	794	1
245	904	1
245	1160	2
245	1320	-2
245	1928	2
246	767	1
246	902	1
246	986	1
246	1514	2
246	1855	2
246	1858	2
247	402	1
247	630	1
247	892	1
247	976	1
247	1265	-2
247	1389	-2
247	1556	-2
248	820	1
248	844	1
248	1009	1
248	1279	-2
248	1748	2
248	1781	-2
249	258	1
249	320	1
249	623	1
249	791	1
249	1335	2
249	1495	2
249	1602	-2
250	453	1
250	485	1
250	595	1
250	707	1
250	1034	2
250	1545	2
250	1981	-2
251	550	1
251	570	1
251	580	1
251	821	1
251	898	1
251	1046	-2
251	1125	-2
251	1383	2
252	353	1
252	379	1
252	425	1
252	566	1
252	821	1
252	1924	2
252	2015	-2
252	2027	-2
253	283	1
253	316	1
253	735	1
253	950	1
253	1427	2
253	1605	-2
253	1837	-2
254	352	1
254	550	1
254	736	1
254	976	1
254	999	1
254	1142	2
254	1294	-2
254	1841	-2
255	475	1
255	571	1
255	783	1
255	982	1
255	1062	2
255	1200	-2
255	1988	2
256	521	1
256	557	1
256	564	1
256	606	1
256	943	1
256	1132	-2
256	1788	-2
256	1968	-2
257	330	1
257	529	1
257	620	1
257	700	1
257	914	1
257	1223	-2
257	1326	2
257	1564	2
258	288	1
258	320	1
258	504	1
258	621	1
258	663	1
258	1602	-2
258	1836	-2
258	1953	2
259	300	1
259	899	1
259	946	1
259	992	1
259	1044	-2
259	1082	-2
259	1920	2
260	516	1
260	575	1
260	786	1
260	843	1
260	1276	2
260	1654	2
260	1987	2
261	557	1
261	720	1
261	731	1
261	809	1
261	919	1
261	939	1
261	1262	2
261	1368	-2
261	1499	2
262	563	1
262	583	1
262	717	1
262	782	1
262	1207	-2
262	1353	2
262	2012	2
263	541	1
263	602	1
263	803	1
263	907	1
263	1304	2
263	1998	-2
263	2038	2
264	333	1
264	346	1
264	481	1
264	591	1
264	654	1
264	774	1
264	1047	-2
264	1147	2
264	1803	-2
265	350	1
265	552	1
265	683	1
265	780	1
265	977	1
265	1193	-2
265	1517	-2
265	1638	2
266	307	1
266	453	1
266	816	1
266	897	1
266	988	1
266	1051	2
266	1969	-2
266	2000	-2
267	269	1
267	545	1
267	645	1
267	754	1
267	1232	-2
267	1456	-2
267	1747	-2
268	512	1
268	660	1
268	893	1
268	1731	-2
268	1828	2
268	1974	-2
269	296	1
269	416	1
269	677	1
269	759	1
269	1232	-2
269	1849	2
269	1946	2
270	336	1
270	379	1
270	465	1
270	468	1
270	861	1
270	1322	-2
270	1566	2
270	1705	-2
271	605	1
271	625	1
271	916	1
271	935	1
271	1008	1
271	1109	2
271	1308	-2
271	1701	2
272	363	1
272	420	1
272	465	1
272	938	1
272	1029	2
272	1409	2
272	1910	2
273	358	1
273	494	1
273	515	1
273	582	1
273	827	1
273	1498	2
273	1616	2
273	1662	-2
274	590	1
274	684	1
274	1225	2
274	1573	-2
274	1795	-2
275	309	1
275	323	1
275	464	1
275	587	1
275	901	1
275	1136	2
275	1463	-2
275	1775	2
276	417	1
276	708	1
276	827	1
276	857	1
276	907	1
276	1350	2
276	1421	-2
276	1603	-2
277	312	1
277	731	1
277	807	1
277	872	1
277	901	1
277	958	1
277	1462	-2
277	1657	-2
277	1922	-2
278	565	1
278	758	1
278	895	1
278	1016	1
278	1560	2
278	1618	-2
278	1663	2
279	326	1
279	746	1
279	804	1
279	946	1
279	1196	2
279	1277	2
279	1799	2
280	369	1
280	372	1
280	496	1
280	551	1
280	737	1
280	1003	1
280	1181	-2
280	1302	-2
280	1666	-2
281	308	1
281	351	1
281	452	1
281	1013	1
281	1023	1
281	1438	2
281	1713	-2
281	1901	2
282	699	1
282	770	1
282	922	1
282	1458	-2
282	1628	2
282	2023	-2
283	769	1
283	876	1
283	884	1
283	960	1
283	1026	2
283	1247	2
283	1427	2
284	397	1
284	644	1
284	825	1
284	954	1
284	957	1
284	1584	-2
284	1658	-2
284	1770	-2
285	441	1
285	675	1
285	813	1
285	865	1
285	963	1
285	1073	-2
285	1303	-2
285	1523	2
286	451	1
286	523	1
286	655	1
286	704	1
286	892	1
286	1077	-2
286	1138	-2
286	1260	-2
287	398	1
287	404	1
287	616	1
287	646	1
287	764	1
287	922	1
287	1552	2
287	1576	2
287	1632	2
288	621	1
288	669	1
288	708	1
288	885	1
288	1152	-2
288	1836	-2
288	1848	2
289	310	1
289	328	1
289	690	1
289	1199	-2
289	1636	-2
289	1670	-2
290	354	1
290	416	1
290	569	1
290	1183	2
290	1505	2
290	1710	-2
291	297	1
291	427	1
291	1187	2
291	1575	2
291	1652	-2
292	412	1
292	471	1
292	930	1
292	971	1
292	1362	2
292	1537	2
292	1923	2
293	636	1
293	887	1
293	974	1
293	977	1
293	987	1
293	1361	-2
293	1985	-2
293	2017	-2
294	430	1
294	448	1
294	458	1
294	959	1
294	1227	-2
294	1366	-2
294	1889	-2
295	491	1
295	903	1
295	1000	1
295	1002	1
295	1595	-2
295	1794	-2
295	1861	2
296	416	1
296	1177	2
296	1520	-2
296	1849	2
297	427	1
297	457	1
297	773	1
297	910	1
297	1205	-2
297	1428	2
297	1652	-2
298	536	1
298	804	1
298	862	1
298	1117	-2
298	1441	-2
298	1763	2
299	499	1
299	503	1
299	609	1
299	754	1
299	881	1
299	1167	-2
299	1479	-2
299	1500	2
300	307	1
300	401	1
300	948	1
300	961	1
300	1044	-2
300	1166	2
300	1798	-2
301	351	1
301	382	1
301	467	1
301	518	1
301	534	1
301	936	1
301	1039	-2
301	1272	2
301	1896	-2
302	337	1
302	428	1
302	667	1
302	727	1
302	780	1
302	1017	1
302	1309	-2
302	1401	2
302	1759	-2
303	314	1
303	397	1
303	411	1
303	661	1
303	718	1
303	847	1
303	1259	-2
303	1653	2
303	1671	2
304	323	1
304	438	1
304	613	1
304	715	1
304	866	1
304	1098	-2
304	1508	-2
304	1528	2
305	368	1
305	461	1
305	637	1
305	671	1
305	1010	1
305	1397	-2
305	1601	-2
305	1814	2
306	514	1
306	751	1
306	1024	1
306	1139	-2
306	1357	2
306	1926	-2
307	506	1
307	542	1
307	961	1
307	1166	2
307	1835	2
307	2000	-2
308	310	1
308	351	1
308	480	1
308	715	1
308	856	1
308	1438	2
308	1494	2
308	2008	2
309	747	1
309	1136	2
309	1204	-2
309	1800	-2
310	380	1
310	715	1
310	829	1
310	1670	-2
310	1716	2
310	2008	2
311	341	1
311	489	1
311	502	1
311	632	1
311	1237	2
311	1270	2
311	1892	-2
312	354	1
312	409	1
312	475	1
312	892	1
312	958	1
312	1415	2
312	1432	-2
312	1657	-2
313	495	1
313	552	1
313	586	1
313	882	1
313	1311	-2
313	1698	2
313	1845	-2
314	601	1
314	847	1
314	936	1
314	969	1
314	1037	-2
314	1259	-2
314	1283	-2
315	392	1
315	690	1
315	975	1
315	1079	2
315	1255	2
315	1802	-2
316	766	1
316	796	1
316	874	1
316	950	1
316	1503	2
316	1533	-2
316	1605	-2
317	361	1
317	588	1
317	699	1
317	859	1
317	991	1
317	1346	2
317	1598	2
317	1752	-2
318	425	1
318	573	1
318	938	1
318	1002	1
318	1040	2
318	1105	2
318	1526	2
319	437	1
319	568	1
319	618	1
319	1159	2
319	1213	2
319	1374	-2
320	481	1
320	790	1
320	868	1
320	1085	-2
320	1602	-2
320	1738	2
321	680	1
321	695	1
321	699	1
321	859	1
321	900	1
321	1111	2
321	1114	2
321	1868	2
322	721	1
322	798	1
322	832	1
322	1128	-2
322	1158	-2
322	1682	-2
323	464	1
323	787	1
323	866	1
323	941	1
323	1384	-2
323	1463	-2
323	1508	-2
324	750	1
324	799	1
324	829	1
324	923	1
324	1208	2
324	1540	-2
324	1567	-2
325	507	1
325	631	1
325	918	1
325	1157	2
325	1290	2
325	1521	2
326	378	1
326	383	1
326	390	1
326	959	1
326	1703	2
326	1799	2
326	1951	2
327	391	1
327	413	1
327	447	1
327	984	1
327	1288	2
327	1333	2
327	1443	-2
328	617	1
328	690	1
328	866	1
328	945	1
328	1197	-2
328	1594	-2
328	1636	-2
329	409	1
329	522	1
329	564	1
329	1005	1
329	1379	-2
329	1925	-2
329	1991	-2
330	548	1
330	620	1
330	1210	-2
330	1354	2
330	1564	2
331	415	1
331	668	1
331	865	1
331	927	1
331	1245	-2
331	1487	-2
331	1806	-2
332	840	1
332	908	1
332	1212	-2
332	1267	-2
332	1436	2
333	367	1
333	476	1
333	481	1
333	787	1
333	1145	2
333	1704	2
333	1803	-2
334	344	1
334	422	1
334	594	1
334	598	1
334	628	1
334	846	1
334	1143	2
334	1220	-2
334	1729	2
335	394	1
335	513	1
335	725	1
335	836	1
335	898	1
335	1173	2
335	1215	2
335	1970	-2
336	830	1
336	941	1
336	1127	2
336	1566	2
336	2009	-2
337	627	1
337	727	1
337	749	1
337	985	1
337	1071	2
337	1377	2
337	1401	2
338	428	1
338	521	1
338	624	1
338	780	1
338	801	1
338	1017	1
338	1091	-2
338	1454	2
338	1824	2
339	348	1
339	520	1
339	526	1
339	602	1
339	698	1
339	1141	2
339	1144	2
339	1766	-2
340	375	1
340	498	1
340	549	1
340	792	1
340	883	1
340	981	1
340	1435	2
340	1719	-2
340	1884	2
341	359	1
341	502	1
341	796	1
341	808	1
341	1168	-2
341	1892	-2
341	2035	-2
342	352	1
342	460	1
342	824	1
342	937	1
342	1115	-2
342	1336	2
342	1442	-2
343	508	1
343	575	1
343	903	1
343	973	1
343	1178	-2
343	1282	-2
343	1921	2
344	444	1
344	577	1
344	594	1
344	1143	2
344	1284	2
344	1675	-2
345	434	1
345	666	1
345	802	1
345	825	1
345	828	1
345	909	1
345	1301	2
345	1880	2
345	1918	2
346	591	1
346	643	1
346	834	1
346	951	1
346	963	1
346	1147	2
346	1263	-2
346	1338	-2
347	741	1
347	855	1
347	1004	1
347	1013	1
347	1146	-2
347	1786	2
347	1879	2
348	389	1
348	419	1
348	698	1
348	717	1
348	1141	2
348	1581	2
348	1633	2
349	374	1
349	411	1
349	558	1
349	647	1
349	676	1
349	681	1
349	1097	2
349	1608	2
349	1979	-2
350	439	1
350	491	1
350	705	1
350	977	1
350	1190	2
350	1193	-2
350	1784	2
351	645	1
351	832	1
351	936	1
351	1039	-2
351	1438	2
351	1810	-2
352	550	1
352	937	1
352	1009	1
352	1011	1
352	1115	-2
352	1142	2
352	1623	-2
353	362	1
353	461	1
353	670	1
353	821	1
353	1406	-2
353	1548	-2
353	2015	-2
354	659	1
354	892	1
354	979	1
354	1415	2
354	1710	-2
354	1725	-2
355	389	1
355	542	1
355	638	1
355	642	1
355	779	1
355	1483	2
355	1518	2
355	1796	2
356	385	1
356	463	1
356	489	1
356	530	1
356	877	1
356	1328	2
356	1392	-2
356	1839	-2
357	407	1
357	529	1
357	756	1
357	896	1
357	1154	2
357	1162	2
357	1569	2
358	494	1
358	565	1
358	635	1
358	703	1
358	914	1
358	1055	2
358	1616	2
358	1989	-2
359	652	1
359	796	1
359	1281	2
359	1980	2
359	2035	-2
360	561	1
360	684	1
360	713	1
360	733	1
360	1337	2
360	1341	-2
360	1358	-2
361	628	1
361	648	1
361	665	1
361	1192	-2
361	1346	2
361	2032	2
362	500	1
362	670	1
362	1329	2
362	1406	-2
362	1782	-2
363	420	1
363	447	1
363	845	1
363	850	1
363	1524	-2
363	1871	2
363	1910	2
364	369	1
364	442	1
364	603	1
364	811	1
364	913	1
364	1631	2
364	1829	2
364	1834	2
365	535	1
365	560	1
365	713	1
365	781	1
365	870	1
365	1149	2
365	1468	-2
365	1470	2
366	377	1
366	407	1
366	422	1
366	462	1
366	789	1
366	1202	-2
366	1367	-2
366	1558	-2
367	650	1
367	741	1
367	831	1
367	993	1
367	1119	-2
367	1342	2
367	1704	2
368	637	1
368	679	1
368	687	1
368	789	1
368	941	1
368	1036	-2
368	1080	-2
368	1397	-2
369	442	1
369	755	1
369	1003	1
369	1666	-2
369	1829	2
369	2042	2
370	450	1
370	533	1
370	680	1
370	776	1
370	898	1
370	1398	-2
370	1693	-2
370	1876	2
371	488	1
371	694	1
371	997	1
371	1007	1
371	1008	1
371	1433	2
371	1611	-2
371	1757	2
372	496	1
372	657	1
372	1233	2
372	1302	-2
372	1561	2
373	446	1
373	457	1
373	556	1
373	692	1
373	953	1
373	1088	2
373	1324	2
373	1600	2
374	589	1
374	666	1
374	676	1
374	806	1
374	1050	-2
374	1299	2
374	1608	2
375	534	1
375	638	1
375	883	1
375	885	1
375	1435	2
375	1852	-2
375	1967	-2
376	470	1
376	545	1
376	643	1
376	925	1
376	1012	1
376	1133	2
376	1547	-2
376	1909	2
377	381	1
377	532	1
377	750	1
377	989	1
377	1269	-2
377	1367	-2
377	1510	2
378	450	1
378	571	1
378	959	1
378	1703	2
378	1787	-2
378	1947	2
379	425	1
379	465	1
379	717	1
379	1344	-2
379	1705	-2
379	2027	-2
380	430	1
380	623	1
380	829	1
380	1004	1
380	1390	2
380	1716	2
380	1908	-2
381	532	1
381	742	1
381	761	1
381	1295	2
381	1510	2
381	1684	-2
382	467	1
382	660	1
382	810	1
382	932	1
382	1099	2
382	1559	2
382	1896	-2
383	390	1
383	510	1
383	610	1
383	930	1
383	1254	2
383	1489	2
383	1951	2
384	440	1
384	481	1
384	711	1
384	810	1
384	815	1
384	819	1
384	1031	-2
384	1285	-2
384	1813	2
385	593	1
385	691	1
385	877	1
385	1013	1
385	1191	2
385	1328	2
385	1816	2
386	493	1
386	625	1
386	733	1
386	969	1
386	997	1
386	1164	-2
386	1741	2
386	1859	2
387	400	1
387	595	1
387	600	1
387	765	1
387	814	1
387	889	1
387	1048	2
387	1256	2
387	1934	2
388	633	1
388	851	1
388	936	1
388	1018	1
388	1491	-2
388	1554	-2
388	1727	2
389	477	1
389	542	1
389	717	1
389	909	1
389	1116	-2
389	1483	2
389	1581	2
390	535	1
390	556	1
390	874	1
390	1557	-2
390	1851	2
390	1951	2
391	629	1
391	748	1
391	1015	1
391	1443	-2
391	1626	2
391	1822	2
392	690	1
392	795	1
392	823	1
392	837	1
392	933	1
392	1079	2
392	1307	-2
392	1419	-2
393	643	1
393	709	1
393	710	1
393	849	1
393	980	1
393	1655	2
393	1847	2
393	2041	2
394	573	1
394	826	1
394	836	1
394	1006	1
394	1215	2
394	1387	2
394	1760	2
395	512	1
395	613	1
395	1064	2
395	1484	-2
395	2014	-2
396	797	1
396	960	1
396	965	1
396	977	1
396	1005	1
396	1016	1
396	1685	-2
396	1844	2
396	1993	-2
397	411	1
397	421	1
397	517	1
397	954	1
397	1243	2
397	1653	2
397	1770	-2
398	554	1
398	646	1
398	662	1
398	722	1
398	1632	2
398	1722	-2
398	1940	-2
399	413	1
399	444	1
399	895	1
399	966	1
399	1021	1
399	1094	-2
399	1439	-2
399	1708	2
400	426	1
400	726	1
400	765	1
400	950	1
400	1048	2
400	1140	-2
400	2001	-2
401	578	1
401	676	1
401	948	1
401	1002	1
401	1038	-2
401	1779	2
401	1798	-2
402	867	1
402	947	1
402	958	1
402	976	1
402	1556	-2
402	1630	2
402	2018	-2
403	664	1
403	752	1
403	801	1
403	1032	-2
403	1330	2
403	1412	-2
404	470	1
404	616	1
404	693	1
404	879	1
404	1552	2
404	1749	2
404	1913	-2
405	773	1
405	852	1
405	1151	-2
405	1352	-2
405	1986	2
406	456	1
406	479	1
406	608	1
406	650	1
406	1000	1
406	1447	-2
406	1724	-2
406	1860	2
407	422	1
407	487	1
407	529	1
407	781	1
407	1202	-2
407	1569	2
407	1583	-2
408	510	1
408	649	1
408	800	1
408	833	1
408	1118	2
408	1534	-2
408	1635	2
409	475	1
409	971	1
409	978	1
409	1104	2
409	1379	-2
409	1432	-2
410	444	1
410	929	1
410	1033	-2
410	1371	2
410	1672	-2
411	558	1
411	1653	2
411	1730	2
411	1979	-2
412	471	1
412	659	1
412	678	1
412	852	1
412	1113	-2
412	1317	2
412	1923	2
413	444	1
413	447	1
413	712	1
413	1094	-2
413	1333	2
413	2020	2
414	456	1
414	497	1
414	734	1
414	752	1
414	942	1
414	1182	-2
414	1650	-2
414	1667	2
415	420	1
415	831	1
415	927	1
415	956	1
415	1186	-2
415	1245	-2
415	1942	2
416	418	1
416	1505	2
416	1723	-2
416	1849	2
417	695	1
417	732	1
417	890	1
417	907	1
417	1603	-2
417	1864	-2
417	1865	-2
418	443	1
418	618	1
418	1020	1
418	1280	2
418	1314	2
418	1723	-2
419	483	1
419	730	1
419	931	1
419	998	1
419	1633	2
419	1668	-2
419	1785	-2
420	431	1
420	871	1
420	956	1
420	1186	-2
420	1478	2
420	1910	2
421	509	1
421	517	1
421	1243	2
421	1312	-2
421	1916	-2
422	452	1
422	759	1
422	846	1
422	1202	-2
422	1220	-2
422	1728	-2
423	700	1
423	744	1
423	1857	-2
423	1936	-2
423	1982	-2
424	658	1
424	745	1
424	949	1
424	974	1
424	1156	-2
424	1244	-2
424	1984	-2
425	573	1
425	754	1
425	965	1
425	1526	2
425	1640	2
425	2027	-2
426	458	1
426	646	1
426	726	1
426	1140	-2
426	1615	-2
426	1687	2
427	484	1
427	837	1
427	976	1
427	1102	-2
427	1652	-2
427	1990	2
428	573	1
428	624	1
428	667	1
428	1000	1
428	1091	-2
428	1309	-2
428	1733	2
429	538	1
429	648	1
429	796	1
429	835	1
429	940	1
429	1112	-2
429	1305	-2
429	1669	-2
430	458	1
430	959	1
430	1004	1
430	1227	-2
430	1390	2
430	2013	-2
431	432	1
431	486	1
431	654	1
431	871	1
431	886	1
431	1292	2
431	1416	-2
431	1478	2
432	440	1
432	473	1
432	486	1
432	547	1
432	804	1
432	1416	-2
432	1467	2
432	2019	-2
433	795	1
433	940	1
433	1014	1
433	1313	2
433	1582	-2
433	1776	-2
434	793	1
434	802	1
434	956	1
434	1541	2
434	1918	2
434	1997	2
435	531	1
435	683	1
435	782	1
435	920	1
435	1696	2
435	1767	-2
435	2006	-2
436	463	1
436	738	1
436	1017	1
436	1086	-2
436	1378	-2
436	1842	2
437	568	1
437	746	1
437	763	1
437	835	1
437	992	1
437	1374	-2
437	1425	2
437	1931	2
438	613	1
438	1003	1
438	1528	2
438	1737	-2
438	1827	2
439	541	1
439	1190	2
439	1750	2
439	2016	-2
440	473	1
440	481	1
440	1230	2
440	1813	2
440	2019	-2
441	639	1
441	893	1
441	1073	-2
441	1161	-2
441	1297	-2
442	639	1
442	779	1
442	1007	1
442	1789	2
442	1829	2
442	1959	2
443	579	1
443	712	1
443	1020	1
443	1314	2
443	1939	-2
443	1972	-2
444	929	1
444	1033	-2
444	1094	-2
444	1675	-2
445	482	1
445	702	1
445	771	1
445	868	1
445	999	1
445	1043	2
445	1289	2
445	1363	-2
446	457	1
446	496	1
446	704	1
446	989	1
446	1088	2
446	1090	-2
446	1821	-2
447	503	1
447	845	1
447	1333	2
447	1871	2
447	1962	2
448	633	1
448	656	1
448	711	1
448	978	1
448	1231	-2
448	1471	-2
448	1889	-2
449	803	1
449	867	1
449	993	1
449	1122	-2
449	1165	-2
449	1430	-2
450	571	1
450	598	1
450	898	1
450	1348	2
450	1787	-2
450	1876	2
451	655	1
451	818	1
451	1201	-2
451	1242	-2
451	1260	-2
452	759	1
452	825	1
452	1013	1
452	1728	-2
452	1746	-2
452	1901	2
453	679	1
453	816	1
453	1134	2
453	1545	2
453	1969	-2
454	459	1
454	524	1
454	682	1
454	865	1
454	1240	-2
454	1394	-2
454	1395	2
455	473	1
455	653	1
455	858	1
455	863	1
455	975	1
455	1068	-2
455	1315	2
455	1332	-2
456	540	1
456	650	1
456	1667	2
456	1724	-2
456	1819	2
457	773	1
457	783	1
457	1088	2
457	1205	-2
457	1273	-2
458	646	1
458	1366	-2
458	1687	2
458	2013	-2
459	524	1
459	854	1
459	969	1
459	983	1
459	1395	2
459	1956	2
459	1978	-2
460	565	1
460	696	1
460	824	1
460	1336	2
460	1375	2
460	1617	2
461	490	1
461	886	1
461	1525	2
461	1548	-2
461	1814	2
462	622	1
462	653	1
462	789	1
462	970	1
462	1268	-2
462	1413	-2
462	1558	-2
463	530	1
463	775	1
463	1378	-2
463	1392	-2
463	1457	2
464	508	1
464	546	1
464	918	1
464	1426	-2
464	1463	-2
464	1651	2
465	544	1
465	938	1
465	1029	2
465	1264	-2
465	1705	-2
466	494	1
466	840	1
466	888	1
466	900	1
466	1103	-2
466	1131	-2
466	1216	-2
467	553	1
467	765	1
467	928	1
467	1217	2
467	1444	-2
467	1896	-2
468	471	1
468	647	1
468	861	1
468	1322	-2
468	1609	-2
468	1677	-2
469	482	1
469	606	1
469	743	1
469	935	1
469	953	1
469	1065	-2
469	1078	2
469	1286	2
470	643	1
470	855	1
470	1133	2
470	1472	-2
470	1749	2
471	540	1
471	1396	2
471	1609	-2
471	1923	2
472	512	1
472	646	1
472	667	1
472	729	1
472	753	1
472	916	1
472	1293	2
472	1321	2
472	2021	-2
473	858	1
473	881	1
473	1068	-2
473	1580	2
473	2019	-2
474	657	1
474	755	1
474	1568	-2
474	1572	-2
474	1948	-2
475	700	1
475	747	1
475	783	1
475	1432	-2
475	1656	-2
475	1988	2
476	739	1
476	787	1
476	801	1
476	925	1
476	1145	2
476	1679	2
476	1963	2
477	543	1
477	889	1
477	909	1
477	939	1
477	1024	1
477	1116	-2
477	2005	2
477	2043	2
478	644	1
478	678	1
478	681	1
478	742	1
478	966	1
478	972	1
478	1235	-2
478	1236	2
478	1995	2
479	490	1
479	496	1
479	567	1
479	673	1
479	1712	2
479	1751	-2
479	1860	2
480	585	1
480	689	1
480	856	1
480	873	1
480	1081	-2
480	1228	2
480	1494	2
481	790	1
481	1738	2
481	1803	-2
481	1813	2
482	537	1
482	743	1
482	764	1
482	868	1
482	1065	-2
482	1363	-2
482	1647	2
483	557	1
483	669	1
483	741	1
483	998	1
483	1588	2
483	1668	-2
483	1718	2
484	596	1
484	792	1
484	837	1
484	872	1
484	1066	-2
484	1102	-2
484	1870	-2
485	523	1
485	593	1
485	668	1
485	707	1
485	1034	2
485	1614	-2
485	1683	2
486	724	1
486	1310	-2
486	1416	-2
486	1805	-2
487	551	1
487	781	1
487	808	1
487	1022	1
487	1583	-2
487	1591	2
487	1854	-2
488	639	1
488	973	1
488	1007	1
488	1028	-2
488	1433	2
488	1754	-2
489	904	1
489	1270	2
489	1530	-2
489	1839	-2
490	567	1
490	617	1
490	732	1
490	886	1
490	1185	-2
490	1525	2
490	1751	-2
491	662	1
491	705	1
491	744	1
491	1000	1
491	1522	2
491	1595	-2
491	1784	2
492	540	1
492	626	1
492	636	1
492	671	1
492	905	1
492	1001	1
492	1248	-2
492	1887	2
492	1929	-2
493	497	1
493	686	1
493	891	1
493	997	1
493	1164	-2
493	1420	-2
493	1565	-2
494	583	1
494	793	1
494	900	1
494	1216	-2
494	1616	2
494	1878	2
495	568	1
495	701	1
495	882	1
495	964	1
495	1574	2
495	1698	2
495	2044	-2
496	673	1
496	1302	-2
496	1712	2
496	1821	-2
497	686	1
497	934	1
497	942	1
497	1182	-2
497	1420	-2
497	1431	2
498	608	1
498	671	1
498	712	1
498	723	1
498	981	1
498	1553	-2
498	1884	2
498	1938	-2
499	542	1
499	618	1
499	912	1
499	1150	-2
499	1169	-2
499	1500	2
500	622	1
500	632	1
500	812	1
500	890	1
500	1209	-2
500	1329	2
500	1689	2
501	636	1
501	694	1
501	729	1
501	858	1
501	970	1
501	1153	2
501	1359	-2
501	1911	2
502	821	1
502	1252	-2
502	1399	2
502	1892	-2
503	592	1
503	621	1
503	881	1
503	1479	-2
503	1578	2
503	1962	2
504	548	1
504	663	1
504	924	1
504	985	1
504	1058	2
504	1953	2
504	1971	-2
505	592	1
505	652	1
505	870	1
505	950	1
505	1052	-2
505	1274	2
505	1778	-2
506	542	1
506	585	1
506	678	1
506	1074	2
506	1234	2
506	1835	2
507	791	1
507	918	1
507	1290	2
507	1642	-2
507	1673	-2
508	546	1
508	575	1
508	816	1
508	1651	2
508	1921	2
508	1957	2
509	698	1
509	855	1
509	882	1
509	943	1
509	1543	2
509	1903	-2
509	1916	-2
510	625	1
510	991	1
510	1118	2
510	1489	2
510	1977	-2
511	612	1
511	744	1
511	1022	1
511	1025	-2
511	1072	-2
511	2011	2
512	613	1
512	646	1
512	1064	2
512	1828	2
512	2021	-2
513	579	1
513	725	1
513	761	1
513	1173	2
513	1222	2
513	1681	2
514	562	1
514	628	1
514	799	1
514	1319	-2
514	1512	2
514	1926	-2
515	539	1
515	582	1
515	807	1
515	876	1
515	921	1
515	1486	2
515	1612	-2
515	1662	-2
516	528	1
516	575	1
516	696	1
516	828	1
516	1239	-2
516	1513	2
516	1654	2
517	665	1
517	676	1
517	877	1
517	1195	2
517	1243	2
517	1407	2
518	534	1
518	720	1
518	725	1
518	1272	2
518	1466	-2
518	2030	2
519	575	1
519	629	1
519	660	1
519	944	1
519	1015	1
519	1637	-2
519	1952	-2
519	2007	-2
520	537	1
520	602	1
520	611	1
520	841	1
520	1665	-2
520	1766	-2
520	1904	2
521	601	1
521	780	1
521	921	1
521	1477	-2
521	1788	-2
521	1824	2
522	564	1
522	599	1
522	603	1
522	637	1
522	768	1
522	1459	-2
522	1793	-2
522	1991	-2
523	668	1
523	921	1
523	972	1
523	1138	-2
523	1365	2
523	1683	2
524	590	1
524	1041	-2
524	1395	2
524	1515	-2
525	693	1
525	761	1
525	833	1
525	1021	1
525	1076	2
525	1424	2
525	2034	2
526	632	1
526	649	1
526	1144	2
526	1527	2
526	1898	-2
527	569	1
527	705	1
527	710	1
527	719	1
527	791	1
527	867	1
527	1063	2
527	1347	-2
527	1391	2
528	534	1
528	661	1
528	696	1
528	822	1
528	880	1
528	1239	-2
528	1625	2
528	1905	-2
529	600	1
529	700	1
529	1326	2
529	1408	-2
529	1569	2
530	614	1
530	716	1
530	769	1
530	846	1
530	1392	-2
530	1736	2
530	2031	2
531	552	1
531	558	1
531	689	1
531	1016	1
531	1469	2
531	1696	2
531	1867	2
532	537	1
532	682	1
532	787	1
532	1400	2
532	1510	2
532	1643	-2
533	680	1
533	784	1
533	955	1
533	1693	-2
533	1808	2
533	1811	2
534	880	1
534	885	1
534	1272	2
534	1852	-2
534	1905	-2
535	682	1
535	735	1
535	870	1
535	1100	-2
535	1149	2
535	1557	-2
536	664	1
536	736	1
536	845	1
536	1174	-2
536	1278	2
536	1763	2
537	764	1
537	787	1
537	841	1
537	1400	2
537	1647	2
537	1665	-2
538	635	1
538	722	1
538	835	1
538	910	1
538	1305	-2
538	1706	2
538	1863	2
539	553	1
539	807	1
539	1461	-2
539	1486	2
539	1906	2
540	1001	1
540	1396	2
540	1819	2
540	1887	2
541	724	1
541	964	1
541	1750	2
541	1809	2
541	1998	-2
542	618	1
542	1169	-2
542	1483	2
542	1835	2
543	666	1
543	755	1
543	809	1
543	1024	1
543	1714	-2
543	1869	-2
543	2043	2
544	696	1
544	805	1
544	815	1
544	1264	-2
544	1291	-2
544	1709	2
545	727	1
545	754	1
545	903	1
545	1012	1
545	1410	-2
545	1747	-2
545	1909	2
546	987	1
546	1019	1
546	1027	-2
546	1327	-2
546	1651	2
547	804	1
547	835	1
547	842	1
547	1467	2
547	1476	-2
547	1949	-2
548	600	1
548	924	1
548	1354	2
548	1661	-2
548	1971	-2
549	656	1
549	792	1
549	805	1
549	864	1
549	1507	-2
549	1719	-2
549	1823	2
550	570	1
550	702	1
550	1046	-2
550	1142	2
550	1445	-2
551	578	1
551	737	1
551	1070	-2
551	1181	-2
551	1854	-2
552	1016	1
552	1469	2
552	1638	2
552	1845	-2
553	765	1
553	878	1
553	1089	-2
553	1444	-2
553	1461	-2
554	737	1
554	1257	2
554	1624	-2
554	1722	-2
555	559	1
555	683	1
555	894	1
555	988	1
555	1189	2
555	1372	2
555	1886	2
556	692	1
556	795	1
556	874	1
556	1092	2
556	1324	2
556	1851	2
557	564	1
557	741	1
557	939	1
557	1132	-2
557	1262	2
557	1588	2
558	689	1
558	1697	2
558	1867	2
558	1979	-2
559	630	1
559	743	1
559	869	1
559	894	1
559	1388	2
559	1886	2
559	2002	2
560	576	1
560	781	1
560	790	1
560	919	1
560	1101	-2
560	1470	2
560	1542	2
561	562	1
561	856	1
561	1060	-2
561	1341	-2
561	1480	-2
562	799	1
562	1060	-2
562	1512	2
562	1944	-2
563	640	1
563	717	1
563	1024	1
563	1057	2
563	1207	-2
563	1964	-2
564	626	1
564	1132	-2
564	1853	2
564	1991	-2
565	758	1
565	914	1
565	1617	2
565	1663	2
565	1989	-2
566	593	1
566	1106	-2
566	1120	-2
566	1924	2
567	828	1
567	1198	2
567	1751	-2
567	1917	2
568	604	1
568	701	1
568	989	1
568	1137	2
568	1374	-2
568	1574	2
569	710	1
569	943	1
569	1183	2
569	1347	-2
569	1992	-2
570	651	1
570	673	1
570	743	1
570	1046	-2
570	1648	2
570	1843	2
571	609	1
571	668	1
571	982	1
571	1062	2
571	1258	2
571	1787	-2
572	619	1
572	698	1
572	940	1
572	1003	1
572	1246	2
572	1417	2
572	1873	-2
573	826	1
573	1000	1
573	1526	2
573	1733	2
573	1760	2
574	719	1
574	883	1
574	938	1
574	997	1
574	1735	2
574	1846	-2
574	1888	2
575	660	1
575	1637	-2
575	1654	2
575	1921	2
576	723	1
576	1001	1
576	1101	-2
576	1691	2
576	2024	2
577	968	1
577	990	1
577	1284	2
577	1380	2
577	2039	2
578	670	1
578	676	1
578	1038	-2
578	1070	-2
578	1885	-2
579	635	1
579	779	1
579	1474	2
579	1681	2
579	1939	-2
580	691	1
580	848	1
580	913	1
580	1148	-2
580	1383	2
580	1765	2
581	786	1
581	811	1
581	1300	2
581	1590	-2
581	1825	-2
582	617	1
582	688	1
582	1218	2
582	1662	-2
582	1914	-2
583	782	1
583	793	1
583	948	1
583	1275	2
583	1878	2
583	2012	2
584	675	1
584	771	1
584	890	1
584	901	1
584	963	1
584	1179	-2
584	1536	2
584	1804	-2
585	687	1
585	818	1
585	873	1
585	1228	2
585	1234	2
585	1659	-2
586	685	1
586	899	1
586	1311	-2
586	1927	2
586	1955	-2
587	891	1
587	901	1
587	934	1
587	1373	2
587	1775	2
587	2048	2
588	859	1
588	934	1
588	1598	2
588	1826	2
588	2037	-2
589	806	1
589	961	1
589	1299	2
589	1385	-2
589	1832	2
590	871	1
590	998	1
590	1504	2
590	1515	-2
590	1573	-2
591	596	1
591	767	1
591	1087	-2
591	1147	2
591	2029	-2
592	613	1
592	621	1
592	950	1
592	1274	2
592	1519	-2
592	1578	2
593	1106	-2
593	1191	2
593	1614	-2
594	616	1
594	664	1
594	684	1
594	1143	2
594	1465	2
594	1497	2
595	600	1
595	722	1
595	996	1
595	1256	2
595	1850	2
595	1981	-2
596	767	1
596	897	1
596	1066	-2
596	1790	2
596	2029	-2
597	847	1
597	850	1
597	1339	-2
597	1555	2
597	1780	-2
598	628	1
598	932	1
598	939	1
598	1348	2
598	1644	-2
598	1729	2
599	603	1
599	747	1
599	820	1
599	904	1
599	1160	2
599	1529	-2
599	1793	-2
600	1256	2
600	1408	-2
600	1661	-2
601	921	1
601	936	1
601	1037	-2
601	1411	-2
601	1477	-2
602	724	1
602	896	1
602	907	1
602	1304	2
602	1766	-2
602	2040	-2
603	688	1
603	811	1
603	1631	2
603	1734	2
603	1793	-2
604	788	1
604	814	1
604	894	1
604	989	1
604	1137	2
604	1170	2
604	1226	2
605	737	1
605	916	1
605	955	1
605	986	1
605	1109	2
605	1579	-2
605	1912	2
606	899	1
606	935	1
606	943	1
606	1078	2
606	1345	2
606	1968	-2
607	634	1
607	775	1
607	819	1
607	1042	-2
607	1414	-2
607	1475	2
608	671	1
608	996	1
608	1000	1
608	1447	-2
608	1938	-2
608	1999	-2
609	668	1
609	754	1
609	900	1
609	1167	-2
609	1258	2
609	1450	2
610	697	1
610	757	1
610	853	1
610	856	1
610	930	1
610	1254	2
610	1699	-2
610	1877	2
611	813	1
611	912	1
611	1194	2
611	1287	-2
611	1904	2
612	744	1
612	942	1
612	1072	-2
612	1163	-2
612	1818	-2
613	1064	2
613	1519	-2
613	1528	2
614	651	1
614	846	1
614	920	1
614	1001	1
614	1502	-2
614	1736	2
614	1862	2
615	981	1
615	1006	1
615	1610	-2
615	1613	-2
615	1830	2
616	706	1
616	990	1
616	1318	2
616	1497	2
616	1552	2
617	732	1
617	945	1
617	1185	-2
617	1218	2
617	1594	-2
618	1159	2
618	1169	-2
618	1280	2
619	732	1
619	746	1
619	751	1
619	773	1
619	1437	2
619	1649	2
619	1873	-2
620	864	1
620	931	1
620	968	1
620	1331	-2
620	1564	2
620	1571	-2
621	697	1
621	782	1
621	1578	2
621	1836	-2
621	1937	2
622	663	1
622	890	1
622	1209	-2
622	1268	-2
622	1622	-2
623	624	1
623	958	1
623	1495	2
623	1717	2
623	1908	-2
624	862	1
624	958	1
624	1091	-2
624	1296	-2
624	1717	2
625	969	1
625	991	1
625	1308	-2
625	1741	2
625	1977	-2
626	636	1
626	944	1
626	1455	-2
626	1853	2
626	1929	-2
627	759	1
627	985	1
627	1320	-2
627	1377	2
627	1726	2
628	665	1
628	1192	-2
628	1319	-2
628	1729	2
629	672	1
629	1015	1
629	1822	2
629	1966	2
629	2007	-2
630	693	1
630	869	1
630	1389	-2
630	1960	-2
630	2002	2
631	672	1
631	675	1
631	914	1
631	952	1
631	1521	2
631	1587	-2
631	1874	-2
632	649	1
632	812	1
632	1237	2
632	1527	2
632	1689	2
633	656	1
633	763	1
633	1018	1
633	1121	-2
633	1231	-2
633	1554	-2
634	644	1
634	775	1
634	818	1
634	850	1
634	932	1
634	1042	-2
634	1817	2
634	2010	2
635	703	1
635	779	1
635	910	1
635	1055	2
635	1474	2
635	1863	2
636	970	1
636	1359	-2
636	1361	-2
636	1929	-2
637	768	1
637	1067	2
637	1397	-2
637	1459	-2
638	979	1
638	1386	-2
638	1796	2
638	1967	-2
639	1007	1
639	1028	-2
639	1161	-2
639	1959	2
640	813	1
640	964	1
640	966	1
640	1057	2
640	1592	2
640	1812	2
641	736	1
641	790	1
641	817	1
641	839	1
641	854	1
641	1351	2
641	1403	2
641	1646	-2
642	777	1
642	779	1
642	812	1
642	951	1
642	954	1
642	1306	-2
642	1518	2
642	1694	-2
643	709	1
643	834	1
643	1133	2
643	1338	-2
643	1655	2
644	678	1
644	818	1
644	1236	2
644	1658	-2
644	2010	2
645	832	1
645	968	1
645	1229	-2
645	1456	-2
645	1810	-2
646	1632	2
646	1687	2
646	2021	-2
647	681	1
647	810	1
647	1097	2
647	1171	2
647	1677	-2
648	669	1
648	796	1
648	917	1
648	1112	-2
648	1449	-2
648	2032	2
649	701	1
649	800	1
649	1527	2
649	1534	-2
649	2045	-2
650	831	1
650	972	1
650	983	1
650	1119	-2
650	1724	-2
650	1965	-2
651	1001	1
651	1018	1
651	1797	-2
651	1843	2
651	1862	2
652	728	1
652	772	1
652	1281	2
652	1778	-2
652	1933	2
653	970	1
653	1332	-2
653	1413	-2
653	1761	2
654	740	1
654	774	1
654	886	1
654	1047	-2
654	1292	2
654	1535	-2
655	729	1
655	924	1
655	998	1
655	1096	-2
655	1260	-2
655	1975	2
656	805	1
656	1231	-2
656	1792	-2
656	1823	2
657	1561	2
657	1572	-2
657	2026	2
658	674	1
658	679	1
658	851	1
658	1244	-2
658	1562	-2
658	1739	-2
659	678	1
659	730	1
659	756	1
659	979	1
659	1113	-2
659	1725	-2
659	1742	-2
660	932	1
660	1559	2
660	1637	-2
660	1974	-2
661	718	1
661	822	1
661	848	1
661	986	1
661	1607	-2
661	1625	2
661	1671	2
662	722	1
662	744	1
662	798	1
662	843	1
662	1203	2
662	1522	2
662	1940	-2
663	733	1
663	788	1
663	1622	-2
663	1774	-2
663	1953	2
664	684	1
664	845	1
664	1174	-2
664	1412	-2
664	1465	2
665	676	1
665	757	1
665	1192	-2
665	1195	2
665	1621	2
666	828	1
666	1050	-2
666	1869	-2
666	1880	2
667	753	1
667	814	1
667	1129	-2
667	1293	2
667	1309	-2
668	865	1
668	1258	2
668	1487	-2
668	1683	2
669	917	1
669	1152	-2
669	1449	-2
669	1718	2
670	768	1
670	983	1
670	1406	-2
670	1881	-2
670	1885	-2
671	905	1
671	1010	1
671	1248	-2
671	1601	-2
671	1938	-2
672	675	1
672	937	1
672	1402	2
672	1874	-2
672	1966	2
673	743	1
673	1008	1
673	1532	-2
673	1648	2
673	1712	2
674	679	1
674	760	1
674	792	1
674	860	1
674	880	1
674	1261	-2
674	1739	-2
674	2028	-2
675	771	1
675	865	1
675	1523	2
675	1536	2
675	1874	-2
676	1038	-2
676	1195	2
676	1608	2
677	713	1
677	759	1
677	849	1
677	859	1
677	884	1
677	1030	-2
677	1241	2
677	1946	2
678	1074	2
678	1113	-2
678	1236	2
679	687	1
679	1036	-2
679	1134	2
679	1739	-2
680	999	1
680	1111	2
680	1693	-2
680	1791	2
681	784	1
681	972	1
681	1097	2
681	1298	-2
681	1995	2
682	735	1
682	1100	-2
682	1394	-2
682	1643	-2
683	780	1
683	782	1
683	1189	2
683	1517	-2
683	1767	-2
684	733	1
684	1358	-2
684	1465	2
684	1795	-2
685	868	1
685	904	1
685	959	1
685	1253	2
685	1482	2
685	1927	2
686	748	1
686	858	1
686	947	1
686	1224	-2
686	1420	-2
686	1866	-2
687	818	1
687	956	1
687	1036	-2
687	1364	2
687	1659	-2
688	988	1
688	1596	2
688	1734	2
688	1914	-2
689	763	1
689	1081	-2
689	1820	2
689	1867	2
690	1079	2
690	1636	-2
690	1932	2
691	1010	1
691	1013	1
691	1707	-2
691	1765	2
691	1816	2
692	924	1
692	952	1
692	1018	1
692	1324	2
692	1369	2
692	1620	2
693	879	1
693	1076	2
693	1913	-2
693	1960	-2
694	729	1
694	873	1
694	1611	-2
694	1833	-2
694	1911	2
695	699	1
695	732	1
695	911	1
695	1768	-2
695	1865	-2
695	1868	2
696	815	1
696	1239	-2
696	1291	-2
696	1375	2
697	753	1
697	782	1
697	856	1
697	883	1
697	1783	2
697	1877	2
697	1937	2
698	882	1
698	940	1
698	1141	2
698	1246	2
698	1903	-2
699	991	1
699	1458	-2
699	1752	-2
699	1868	2
700	747	1
700	1326	2
700	1656	-2
700	1982	-2
701	788	1
701	1574	2
701	1769	2
701	2045	-2
702	999	1
702	1043	2
702	1445	-2
702	1563	-2
703	769	1
703	840	1
703	891	1
703	1055	2
703	1176	2
703	1570	-2
704	756	1
704	892	1
704	989	1
704	1077	-2
704	1090	-2
704	1606	-2
705	791	1
705	931	1
705	1063	2
705	1784	2
705	1883	2
706	832	1
706	845	1
706	873	1
706	990	1
706	1318	2
706	1452	2
706	1511	2
707	727	1
707	844	1
707	1034	2
707	1405	2
707	1902	2
708	827	1
708	885	1
708	1350	2
708	1355	-2
708	1848	2
709	749	1
709	836	1
709	962	1
709	1593	2
709	1655	2
709	1882	-2
710	770	1
710	849	1
710	1211	-2
710	1347	-2
710	2041	2
711	784	1
711	815	1
711	978	1
711	1285	-2
711	1471	-2
711	1945	2
712	723	1
712	1553	-2
712	1972	-2
712	2020	2
713	849	1
713	1241	2
713	1337	2
713	1468	-2
714	776	1
714	778	1
714	923	1
714	926	1
714	1010	1
714	1448	2
714	1639	-2
714	1680	2
715	1061	2
715	1098	-2
715	2008	2
716	769	1
716	783	1
716	802	1
716	933	1
716	949	1
716	1056	2
716	1899	-2
716	2031	2
717	1207	-2
717	1344	-2
717	1581	2
718	817	1
718	829	1
718	863	1
718	1316	-2
718	1671	2
718	1973	2
719	867	1
719	906	1
719	1391	2
719	1888	2
719	2025	2
720	725	1
720	731	1
720	951	1
720	1499	2
720	1758	-2
720	2030	2
721	827	1
721	886	1
721	1660	-2
721	1664	-2
721	1682	-2
722	996	1
722	1706	2
722	1850	2
722	1940	-2
723	849	1
723	960	1
723	1553	-2
723	1691	2
723	1764	-2
724	896	1
724	964	1
724	1310	-2
724	1809	2
724	2040	-2
725	740	1
725	942	1
725	1173	2
725	1184	-2
725	2030	2
726	774	1
726	822	1
726	945	1
726	1084	2
726	1140	-2
726	1807	2
727	903	1
727	1401	2
727	1405	2
727	1410	-2
728	772	1
728	912	1
728	1538	2
728	1589	-2
728	1933	2
729	916	1
729	924	1
729	1096	-2
729	1321	2
729	1911	2
730	756	1
730	800	1
730	931	1
730	1356	2
730	1742	-2
730	1785	-2
731	872	1
731	922	1
731	944	1
731	1393	-2
731	1462	-2
731	1499	2
732	751	1
732	1185	-2
732	1437	2
732	1865	-2
733	788	1
733	1358	-2
733	1774	-2
733	1859	2
734	752	1
734	843	1
734	970	1
734	1577	-2
734	1650	-2
734	1740	-2
735	1100	-2
735	1771	2
735	1837	-2
736	854	1
736	976	1
736	1278	2
736	1646	-2
736	1841	-2
737	986	1
737	1181	-2
737	1257	2
737	1579	-2
738	798	1
738	1017	1
738	1086	-2
738	1251	-2
738	2033	-2
739	760	1
739	801	1
739	869	1
739	978	1
739	1053	2
739	1370	-2
739	1679	2
740	772	1
740	942	1
740	1184	-2
740	1535	-2
740	1597	2
741	993	1
741	1342	2
741	1588	2
741	1786	2
742	751	1
742	806	1
742	966	1
742	1175	2
742	1235	-2
742	1684	-2
743	1065	-2
743	1388	2
743	1648	2
744	1072	-2
744	1522	2
744	1857	-2
745	816	1
745	860	1
745	974	1
745	1156	-2
745	1935	2
745	2004	-2
746	773	1
746	835	1
746	1277	2
746	1425	2
746	1649	2
747	820	1
747	1529	-2
747	1656	-2
747	1800	-2
748	947	1
748	1012	1
748	1015	1
748	1626	2
748	1866	-2
748	1919	-2
749	1021	1
749	1071	2
749	1266	2
749	1882	-2
750	909	1
750	923	1
750	989	1
750	1020	1
750	1269	-2
750	1516	-2
750	1567	-2
751	806	1
751	1139	-2
751	1175	2
751	1437	2
752	822	1
752	995	1
752	1032	-2
752	1650	-2
752	1891	-2
753	778	1
753	883	1
753	1293	2
753	1783	2
753	1840	2
754	965	1
754	1167	-2
754	1640	2
754	1747	-2
755	809	1
755	1714	-2
755	1948	-2
755	2042	2
756	1154	2
756	1606	-2
756	1742	-2
757	794	1
757	853	1
757	1621	2
757	1699	-2
757	1928	2
758	1093	2
758	1135	2
758	1663	2
759	1320	-2
759	1728	-2
759	1946	2
760	860	1
760	869	1
760	918	1
760	1053	2
760	1619	-2
760	2028	-2
761	1222	2
761	1295	2
761	2034	2
762	771	1
762	915	1
762	973	1
762	995	1
762	1221	-2
762	1753	2
762	2046	-2
763	992	1
763	1121	-2
763	1820	2
763	1931	2
764	922	1
764	926	1
764	1054	-2
764	1576	2
764	1647	2
765	863	1
765	1048	2
765	1444	-2
765	1634	-2
766	793	1
766	796	1
766	812	1
766	1422	2
766	1446	2
766	1533	-2
767	911	1
767	945	1
767	986	1
767	1069	-2
767	1858	2
767	2029	-2
768	983	1
768	1020	1
768	1459	-2
768	1881	-2
768	1893	2
769	840	1
769	876	1
769	1176	2
769	1247	2
769	2031	2
770	885	1
770	1180	-2
770	1211	-2
770	2023	-2
771	915	1
771	1221	-2
771	1289	2
771	1536	2
772	786	1
772	906	1
772	1544	2
772	1597	2
772	1933	2
773	852	1
773	1151	-2
773	1205	-2
773	1649	2
774	945	1
774	987	1
774	1047	-2
774	1732	-2
774	1807	2
775	919	1
775	1019	1
775	1042	-2
775	1457	2
775	1501	2
776	864	1
776	894	1
776	1010	1
776	1398	-2
776	1509	-2
776	1639	-2
777	839	1
777	923	1
777	935	1
777	954	1
777	1009	1
777	1214	2
777	1306	-2
777	1464	2
778	923	1
778	1448	2
778	1840	2
778	1890	2
779	1474	2
779	1518	2
779	1789	2
780	1017	1
780	1517	-2
780	1759	-2
780	1824	2
781	861	1
781	994	1
781	1271	2
781	1470	2
781	1583	-2
782	1767	-2
782	1937	2
782	2012	2
783	933	1
783	1273	-2
783	1899	-2
783	1988	2
784	955	1
784	1298	-2
784	1808	2
784	1945	2
785	957	1
785	985	1
785	1206	2
785	1856	2
785	1961	-2
786	843	1
786	906	1
786	1300	2
786	1544	2
786	1987	2
787	941	1
787	1145	2
787	1384	-2
787	1400	2
788	814	1
788	1170	2
788	1769	2
788	1774	-2
789	878	1
789	941	1
789	1080	-2
789	1558	-2
789	1604	-2
790	817	1
790	919	1
790	1351	2
790	1542	2
790	1738	2
791	1063	2
791	1335	2
791	1642	-2
792	872	1
792	880	1
792	1261	-2
792	1719	-2
792	1870	-2
793	812	1
793	1446	2
793	1878	2
793	1997	2
794	994	1
794	1546	-2
794	1695	-2
794	1928	2
795	933	1
795	1092	2
795	1419	-2
795	1776	-2
796	1112	-2
796	1533	-2
796	2035	-2
797	908	1
797	1016	1
797	1460	2
797	1844	2
797	2003	2
798	843	1
798	1128	-2
798	1203	2
798	2033	-2
799	829	1
799	928	1
799	947	1
799	1208	2
799	1512	2
799	1629	2
800	953	1
800	1188	2
800	1356	2
800	1534	-2
801	1017	1
801	1330	2
801	1454	2
801	1679	2
802	875	1
802	949	1
802	967	1
802	1056	2
802	1815	2
802	1918	2
803	867	1
803	1430	-2
803	1702	2
803	2038	2
804	946	1
804	1117	-2
804	1196	2
804	1467	2
805	838	1
805	1674	-2
805	1709	2
805	1823	2
806	869	1
806	984	1
806	1175	2
806	1299	2
806	1976	2
807	875	1
807	901	1
807	1486	2
807	1711	-2
807	1922	-2
808	1014	1
808	1022	1
808	1168	-2
808	1539	2
808	1591	2
809	919	1
809	1368	-2
809	1714	-2
809	1756	-2
810	819	1
810	1031	-2
810	1099	2
810	1171	2
811	1590	-2
811	1631	2
811	1688	2
812	951	1
812	1446	2
812	1689	2
812	1694	-2
813	912	1
813	963	1
813	966	1
813	1194	2
813	1303	-2
813	1812	2
814	889	1
814	1129	-2
814	1170	2
814	1934	2
815	896	1
815	913	1
815	1130	-2
815	1285	-2
815	1291	-2
816	860	1
816	1957	2
816	1969	-2
816	2004	-2
817	862	1
817	911	1
817	1316	-2
817	1351	2
817	1777	-2
818	1242	-2
818	1659	-2
818	2010	2
819	844	1
819	875	1
819	1031	-2
819	1475	2
819	1762	2
820	844	1
820	952	1
820	1529	-2
820	1781	-2
820	1954	-2
821	898	1
821	1125	-2
821	1399	2
821	2015	-2
822	995	1
822	1084	2
822	1625	2
822	1891	-2
823	837	1
823	895	1
823	980	1
823	1307	-2
823	1376	-2
823	1772	2
824	1108	2
824	1336	2
824	1381	2
825	909	1
825	957	1
825	1301	2
825	1584	-2
825	1746	-2
826	1014	1
826	1585	2
826	1645	-2
826	1760	2
827	886	1
827	1350	2
827	1498	2
827	1660	-2
828	1198	2
828	1513	2
828	1880	2
829	863	1
829	1208	2
829	1716	2
829	1973	2
830	836	1
830	1127	2
830	1641	-2
830	1930	2
831	857	1
831	877	1
831	1119	-2
831	1686	-2
831	1942	2
832	1158	-2
832	1452	2
832	1810	-2
833	1021	1
833	1424	2
833	1492	-2
833	1635	2
834	851	1
834	1338	-2
834	1755	-2
834	2036	-2
835	1305	-2
835	1425	2
835	1476	-2
836	962	1
836	1215	2
836	1593	2
836	1930	2
837	876	1
837	1102	-2
837	1307	-2
837	1692	-2
838	884	1
838	974	1
838	1011	1
838	1249	2
838	1418	-2
838	1674	-2
839	1009	1
839	1214	2
839	1403	2
839	1744	2
840	888	1
840	1131	-2
840	1176	2
840	1212	-2
841	846	1
841	1586	2
841	1665	-2
841	1875	2
842	852	1
842	1083	-2
842	1941	2
842	1949	-2
843	1203	2
843	1740	-2
843	1987	2
844	875	1
844	1762	2
844	1781	-2
844	1902	2
845	873	1
845	1174	-2
845	1511	2
845	1871	2
846	1220	-2
846	1586	2
846	1736	2
847	1259	-2
847	1429	2
847	1780	-2
848	913	1
848	982	1
848	986	1
848	1148	-2
848	1607	-2
848	1773	2
849	960	1
849	1241	2
849	1764	-2
849	2041	2
850	932	1
850	1524	-2
850	1555	2
850	1817	2
851	1491	-2
851	1562	-2
851	2036	-2
852	1083	-2
852	1151	-2
852	1317	2
853	946	1
853	1219	2
853	1699	-2
853	1994	2
854	910	1
854	983	1
854	1334	2
854	1646	-2
854	1978	-2
855	943	1
855	1004	1
855	1472	-2
855	1543	2
855	1879	2
856	1480	-2
856	1494	2
856	1877	2
857	877	1
857	1011	1
857	1421	-2
857	1686	-2
857	1690	2
858	1068	-2
858	1153	2
858	1224	-2
859	884	1
859	900	1
859	1030	-2
859	1114	2
859	1598	2
860	1012	1
860	1550	-2
860	2004	-2
860	2028	-2
861	925	1
861	994	1
861	1155	-2
861	1271	2
861	1322	-2
862	911	1
862	1296	-2
862	1441	-2
862	1777	-2
863	975	1
863	1315	2
863	1634	-2
863	1973	2
864	894	1
864	968	1
864	1331	-2
864	1507	-2
864	1509	-2
865	1240	-2
865	1487	-2
865	1523	2
866	996	1
866	1197	-2
866	1508	-2
866	1700	-2
867	1391	2
867	1430	-2
867	1630	2
868	904	1
868	1085	-2
868	1363	-2
868	1482	2
869	984	1
869	1053	2
869	1976	2
869	2002	2
870	1052	-2
870	1149	2
870	1323	2
871	962	1
871	998	1
871	1110	2
871	1478	2
871	1504	2
872	991	1
872	1462	-2
872	1745	-2
872	1870	-2
873	1228	2
873	1511	2
873	1833	-2
874	928	1
874	1503	2
874	1851	2
874	1895	2
875	967	1
875	1711	-2
875	1762	2
875	1815	2
876	921	1
876	1247	2
876	1612	-2
876	1692	-2
877	1328	2
877	1407	2
877	1686	-2
878	1089	-2
878	1343	2
878	1604	-2
879	905	1
879	1549	2
879	1900	-2
879	1913	-2
880	1261	-2
880	1678	2
880	1905	-2
881	889	1
881	1479	-2
881	1580	2
881	1872	-2
882	1382	-2
882	1698	2
882	1903	-2
883	997	1
883	1435	2
883	1783	2
883	1846	-2
884	960	1
884	1026	2
884	1030	-2
884	1249	2
885	1180	-2
885	1848	2
885	1852	-2
886	1292	2
886	1525	2
886	1660	-2
887	984	1
887	987	1
887	993	1
887	1015	1
887	1488	2
887	1551	-2
887	2017	-2
888	981	1
888	1131	-2
888	1238	2
888	1423	-2
889	939	1
889	1872	-2
889	1934	2
889	2005	2
890	963	1
890	1179	-2
890	1209	-2
890	1864	-2
891	934	1
891	1373	2
891	1565	-2
891	1570	-2
892	1077	-2
892	1265	-2
892	1415	2
893	917	1
893	1297	-2
893	1731	-2
893	1958	2
894	1226	2
894	1509	-2
894	1886	2
895	1021	1
895	1439	-2
895	1618	-2
895	1772	2
896	913	1
896	1130	-2
896	1162	2
896	2040	-2
897	980	1
897	988	1
897	1051	2
897	1434	-2
897	1790	2
898	1125	-2
898	1876	2
898	1970	-2
899	946	1
899	1345	2
899	1920	2
899	1955	-2
900	1114	2
900	1216	-2
900	1450	2
901	1775	2
901	1804	-2
901	1922	-2
902	961	1
902	1023	1
902	1514	2
902	1720	-2
902	1894	-2
903	1178	-2
903	1410	-2
903	1794	-2
904	1160	2
904	1482	2
904	1530	-2
905	982	1
905	1095	-2
905	1248	-2
905	1549	2
906	927	1
906	1404	-2
906	1544	2
906	2025	2
907	1304	2
907	1603	-2
907	1950	2
908	1126	-2
908	1267	-2
908	1460	2
909	1020	1
909	1116	-2
909	1301	2
909	1516	-2
910	1334	2
910	1428	2
910	1863	2
911	945	1
911	1069	-2
911	1768	-2
911	1777	-2
912	1150	-2
912	1194	2
912	1589	-2
913	1130	-2
913	1148	-2
913	1834	2
914	952	1
914	1223	-2
914	1587	-2
914	1989	-2
915	954	1
915	1221	-2
915	1325	-2
915	2022	2
916	1109	2
916	1321	2
916	2047	2
917	1449	-2
917	1958	2
917	1983	2
918	1290	2
918	1426	-2
918	1619	-2
919	1019	1
919	1368	-2
919	1501	2
919	1542	2
920	971	1
920	1502	-2
920	1721	2
920	2006	-2
921	972	1
921	1365	2
921	1477	-2
921	1612	-2
922	944	1
922	1393	-2
922	1576	2
922	1628	2
923	935	1
923	1448	2
923	1464	2
923	1567	-2
924	1096	-2
924	1369	2
924	1971	-2
925	1155	-2
925	1547	-2
925	1963	2
926	994	1
926	1054	-2
926	1451	-2
926	1680	2
927	979	1
927	1245	-2
927	1404	-2
927	1473	2
928	947	1
928	1217	2
928	1629	2
928	1895	2
929	1033	-2
929	1059	-2
929	1490	2
930	957	1
930	971	1
930	1254	2
930	1362	2
930	1481	-2
931	1571	-2
931	1785	-2
931	1883	2
932	939	1
932	1559	2
932	1644	-2
932	1817	2
933	937	1
933	1419	-2
933	1440	2
933	1899	-2
934	1373	2
934	1431	2
934	2037	-2
935	1008	1
935	1078	2
935	1464	2
935	1701	2
936	1037	-2
936	1039	-2
936	1727	2
937	1115	-2
937	1402	2
937	1440	2
938	1029	2
938	1040	2
938	1735	2
939	1262	2
939	1644	-2
939	2005	2
940	1014	1
940	1246	2
940	1313	2
940	1669	-2
941	1080	-2
941	1384	-2
941	2009	-2
942	1182	-2
942	1184	-2
942	1818	-2
943	1543	2
943	1968	-2
943	1992	-2
944	1393	-2
944	1455	-2
944	1952	-2
945	1069	-2
945	1594	-2
945	1807	2
946	1196	2
946	1920	2
946	1994	2
947	958	1
947	1629	2
947	1866	-2
947	2018	-2
948	955	1
948	1275	2
948	1743	2
948	1798	-2
949	1056	2
949	1349	2
949	1984	-2
950	1274	2
950	1605	-2
950	2001	-2
951	963	1
951	1263	-2
951	1694	-2
951	1758	-2
952	1018	1
952	1587	-2
952	1620	2
952	1954	-2
953	1188	2
953	1286	2
953	1600	2
954	1306	-2
954	1325	-2
954	1770	-2
955	1743	2
955	1808	2
955	1912	2
956	1186	-2
956	1364	2
956	1541	2
957	1481	-2
957	1584	-2
957	1856	2
958	1657	-2
958	1717	2
958	2018	-2
959	1227	-2
959	1253	2
959	1703	2
960	1005	1
960	1026	2
960	1764	-2
960	1993	-2
961	1166	2
961	1832	2
961	1894	-2
962	1110	2
962	1250	-2
962	1593	2
963	1179	-2
963	1263	-2
963	1303	-2
964	1592	2
964	1809	2
964	2044	-2
965	977	1
965	1640	2
965	1685	-2
965	1915	2
966	1235	-2
966	1708	2
966	1812	2
967	1676	2
967	1815	2
967	1897	-2
968	1229	-2
968	1331	-2
968	2039	2
969	1283	-2
969	1741	2
969	1956	2
970	1359	-2
970	1413	-2
970	1577	-2
971	978	1
971	1104	2
971	1362	2
971	1721	2
972	983	1
972	1365	2
972	1965	-2
972	1995	2
973	1282	-2
973	1753	2
973	1754	-2
974	977	1
974	1011	1
974	1156	-2
974	1418	-2
974	1985	-2
975	1035	2
975	1315	2
975	1802	-2
976	1556	-2
976	1841	-2
976	1990	2
977	1193	-2
977	1685	-2
977	1985	-2
978	1104	2
978	1370	-2
978	1471	-2
979	1386	-2
979	1473	2
979	1725	-2
980	1376	-2
980	1434	-2
980	1847	2
981	1238	2
981	1610	-2
981	1884	2
982	1062	2
982	1095	-2
982	1773	2
983	1881	-2
983	1965	-2
983	1978	-2
984	993	1
984	1288	2
984	1488	2
984	1976	2
985	1058	2
985	1206	2
985	1377	2
986	1579	-2
986	1607	-2
986	1858	2
987	1027	-2
987	1732	-2
987	2017	-2
988	1051	2
988	1372	2
988	1596	2
989	1090	-2
989	1137	2
989	1269	-2
990	1023	1
990	1318	2
990	1360	-2
990	1380	2
991	1745	-2
991	1752	-2
991	1977	-2
992	1082	-2
992	1838	2
992	1931	2
993	1122	-2
993	1342	2
993	1488	2
994	1271	2
994	1451	-2
994	1695	-2
995	1006	1
995	1045	-2
995	1891	-2
995	2046	-2
996	1700	-2
996	1850	2
996	1999	-2
997	1008	1
997	1164	-2
997	1757	2
997	1846	-2
998	1504	2
998	1668	-2
998	1975	2
999	1043	2
999	1294	-2
999	1791	2
1000	1447	-2
1000	1595	-2
1000	1733	2
1001	1862	2
1001	1887	2
1001	2024	2
1002	1105	2
1002	1779	2
1002	1861	2
1003	1417	2
1003	1666	-2
1003	1737	-2
1004	1390	2
1004	1493	-2
1004	1879	2
1005	1124	-2
1005	1925	-2
1005	1993	-2
1006	1045	-2
1006	1387	2
1006	1613	-2
1007	1433	2
1007	1531	-2
1007	1959	2
1008	1532	-2
1008	1701	2
1008	1757	2
1009	1011	1
1009	1214	2
1009	1623	-2
1009	1748	2
1010	1601	-2
1010	1639	-2
1010	1707	-2
1011	1418	-2
1011	1623	-2
1011	1690	2
1012	1550	-2
1012	1909	2
1012	1919	-2
1013	1146	-2
1013	1816	2
1013	1901	2
1014	1313	2
1014	1539	2
1014	1645	-2
1015	1551	-2
1015	1626	2
1015	2007	-2
1016	1469	2
1016	1560	2
1016	1844	2
1017	1086	-2
1017	1454	2
1017	1759	-2
1018	1554	-2
1018	1620	2
1018	1797	-2
1019	1327	-2
1019	1501	2
1019	1715	2
1020	1314	2
1020	1516	-2
1020	1893	2
1021	1266	2
1021	1424	2
1021	1439	-2
1022	1453	2
1022	1591	2
1022	2011	2
1023	1360	-2
1023	1713	-2
1023	1720	-2
1024	1357	2
1024	1964	-2
1024	2043	2
