1	1	1
2	2	-3
3	3	1
4	4	1
5	5	3
6	6	-1
7	7	-3
8	8	1
9	9	-1
10	10	-1
11	11	1
12	12	-1
13	13	1
14	14	1
15	15	1
16	16	-1
17	17	1
18	18	-1
19	19	1
20	20	1
21	21	-3
22	22	-1
23	23	1
24	24	1
25	25	1
26	26	-1
27	27	3
28	28	1
29	29	1
30	30	1
31	31	-3
32	32	-1
33	33	3
34	34	-1
35	35	1
36	36	-3
37	37	-1
38	38	-3
39	39	1
40	40	-1
41	41	-1
42	42	1
43	43	-1
44	44	3
45	45	-1
46	46	1
47	47	1
48	48	-1
49	49	1
50	50	1
51	51	-1
52	52	1
53	53	3
54	54	1
55	55	1
56	56	-1
57	57	-1
58	58	3
59	59	-1
60	60	-3
61	61	-1
62	62	3
63	63	-1
64	64	-1
65	65	1
66	66	1
67	67	-1
68	68	-1
69	69	-1
70	70	1
71	71	1
72	72	-1
73	73	-1
74	74	1
75	75	1
76	76	3
77	77	-1
78	78	1
79	79	-1
80	80	3
81	81	1
82	82	1
83	83	-1
84	84	1
85	85	-1
86	86	-3
87	87	1
88	88	1
89	89	-3
90	90	3
91	91	-1
92	92	3
93	93	1
94	94	-1
95	95	-1
96	96	1
97	97	2
98	98	2
99	99	-2
100	100	-2
101	101	2
102	102	-2
103	103	2
104	104	-2
105	105	-2
106	106	2
107	107	-2
108	108	-2
109	109	2
110	110	-2
111	111	-2
112	112	2
113	113	-2
114	114	-2
115	115	2
116	116	2
117	117	2
118	118	-2
119	119	-2
120	120	2
121	121	2
122	122	-2
123	123	-2
124	124	-2
125	125	2
126	126	-2
127	127	-2
128	128	-2
129	129	2
130	130	2
131	131	2
132	132	2
133	133	2
134	134	-2
135	135	2
136	136	2
137	137	-2
138	138	2
139	139	-2
140	140	2
141	141	2
142	142	2
143	143	-2
144	144	-2
145	145	2
146	146	-2
147	147	2
148	148	-2
149	149	2
150	150	2
151	151	2
152	152	2
153	153	2
154	154	-2
155	155	2
156	156	-2
157	157	2
158	158	2
159	159	2
160	160	-2
161	161	2
162	162	-2
163	163	-2
164	164	-2
165	165	-2
166	166	2
167	167	-2
168	168	-2
169	169	2
170	170	-2
171	171	-2
172	172	-2
173	173	2
174	174	2
175	175	-2
176	176	2
177	177	-2
178	178	2
179	179	2
180	180	2
181	181	2
182	182	2
183	183	-2
184	184	-2
185	185	-2
186	186	-2
187	187	-2
188	188	-2
189	189	2
190	190	-2
191	191	-2
192	192	2
1	9	1
1	31	1
1	35	1
1	57	1
1	82	1
1	85	1
1	121	-2
1	144	-2
1	154	-2
2	16	1
2	34	1
2	51	1
2	73	1
2	83	1
2	95	1
2	106	-2
2	107	2
2	141	-2
3	4	1
3	19	1
3	26	1
3	27	1
3	64	1
3	91	1
3	98	2
3	130	-2
3	133	2
4	30	1
4	64	1
4	75	1
4	79	1
4	96	1
4	115	-2
4	131	2
4	133	2
5	8	1
5	30	1
5	34	1
5	50	1
5	53	1
5	62	1
5	109	2
5	175	-2
5	176	2
6	19	1
6	23	1
6	37	1
6	38	1
6	65	1
6	79	1
6	118	2
6	151	-2
6	189	2
7	31	1
7	43	1
7	60	1
7	67	1
7	88	1
7	89	1
7	128	2
7	139	2
7	167	2
8	23	1
8	34	1
8	47	1
8	49	1
8	67	1
8	160	-2
8	175	-2
8	187	2
9	13	1
9	24	1
9	31	1
9	41	1
9	42	1
9	121	-2
9	170	-2
9	181	-2
10	22	2
10	29	1
10	61	1
10	72	1
10	93	1
10	108	-2
10	163	2
10	190	2
11	12	1
11	27	1
11	39	1
11	54	1
11	76	1
11	84	1
11	105	-2
11	143	2
11	183	-2
12	15	1
12	37	1
12	52	1
12	54	1
12	73	1
12	124	2
12	132	2
12	143	2
13	18	1
13	41	1
13	44	1
13	45	1
13	53	1
13	117	2
13	142	2
13	181	-2
14	20	1
14	37	1
14	45	1
14	62	1
14	71	1
14	92	1
14	164	2
14	169	2
14	172	-2
15	21	1
15	30	1
15	52	1
15	59	1
15	82	1
15	132	2
15	165	-2
15	186	2
16	18	1
16	68	1
16	78	1
16	80	1
16	95	1
16	97	2
16	106	-2
16	178	-2
17	19	1
17	35	1
17	48	1
17	57	1
17	81	1
17	91	1
17	111	-2
17	134	2
17	182	2
18	40	1
18	44	1
18	48	1
18	68	1
18	142	2
18	177	2
18	178	-2
19	27	1
19	35	1
19	38	1
19	98	2
19	151	-2
19	182	2
20	71	2
20	76	1
20	90	1
20	94	1
20	104	2
20	113	-2
20	169	2
21	59	1
21	75	1
21	82	1
21	89	2
21	100	2
21	156	2
21	186	2
22	29	1
22	42	1
22	72	1
22	93	1
22	108	-2
22	122	2
22	163	2
23	40	1
23	52	1
23	67	1
23	79	1
23	118	2
23	138	2
23	160	-2
24	38	1
24	39	1
24	42	1
24	58	1
24	86	1
24	114	2
24	127	-2
24	170	-2
25	50	1
25	66	1
25	70	1
25	75	1
25	77	1
25	93	1
25	116	2
25	145	2
25	162	2
26	27	1
26	39	1
26	49	1
26	52	1
26	91	1
26	101	2
26	126	2
26	130	-2
27	49	1
27	84	1
27	98	2
27	101	2
27	183	-2
28	53	1
28	54	1
28	78	1
28	83	1
28	86	1
28	91	1
28	103	-2
28	179	2
28	184	-2
29	33	1
29	44	1
29	60	1
29	79	1
29	108	-2
29	136	-2
29	171	-2
30	53	1
30	59	1
30	96	1
30	109	2
30	115	-2
30	165	-2
31	41	1
31	55	1
31	89	1
31	121	-2
31	139	2
31	185	2
32	36	2
32	45	1
32	81	1
32	90	1
32	95	1
32	135	2
32	140	-2
32	155	-2
33	44	1
33	50	1
33	54	1
33	63	1
33	88	1
33	148	-2
33	157	2
33	171	-2
34	38	1
34	83	1
34	85	1
34	107	2
34	152	-2
34	175	-2
35	69	1
35	82	1
35	83	1
35	144	-2
35	182	2
35	191	2
36	45	1
36	57	1
36	63	1
36	81	1
36	125	-2
36	140	-2
36	155	-2
37	45	1
37	65	1
37	73	1
37	124	2
37	164	2
37	189	2
38	85	1
38	86	1
38	114	2
38	151	-2
38	152	-2
39	52	1
39	58	1
39	76	1
39	105	-2
39	126	2
39	127	-2
40	48	1
40	52	1
40	56	1
40	66	1
40	138	2
40	147	-2
40	177	2
41	55	1
41	61	1
41	81	1
41	123	-2
41	181	-2
41	185	2
42	66	1
42	70	1
42	72	1
42	122	2
42	149	2
42	170	-2
43	51	1
43	58	1
43	69	1
43	88	1
43	92	1
43	128	2
43	173	2
43	192	-2
44	51	1
44	80	1
44	102	-2
44	142	2
44	171	-2
45	53	1
45	117	2
45	155	-2
45	164	2
46	47	1
46	65	1
46	69	1
46	77	1
46	86	1
46	87	1
46	150	2
46	166	-2
46	168	-2
47	49	2
47	55	1
47	69	1
47	150	2
47	158	2
47	187	2
48	57	1
48	58	1
48	87	1
48	120	2
48	134	2
48	177	2
49	55	1
49	101	2
49	158	2
49	187	2
50	62	1
50	63	1
50	77	1
50	157	2
50	162	2
50	176	2
51	69	1
51	73	1
51	80	1
51	102	-2
51	141	-2
51	192	-2
52	126	2
52	132	2
52	138	2
53	83	1
53	109	2
53	117	2
53	179	2
54	78	1
54	88	1
54	143	2
54	148	-2
54	184	-2
55	90	1
55	93	1
55	99	-2
55	158	2
55	185	2
56	65	1
56	66	1
56	68	1
56	70	1
56	76	1
56	112	-2
56	147	-2
56	174	2
57	63	1
57	85	1
57	125	-2
57	134	2
57	154	-2
58	87	1
58	92	1
58	120	2
58	127	-2
58	173	2
59	68	1
59	87	1
59	89	1
59	100	2
59	146	2
59	165	-2
60	67	1
60	78	1
60	79	1
60	95	1
60	119	2
60	136	-2
60	167	2
61	64	1
61	72	1
61	81	1
61	94	1
61	110	2
61	123	-2
61	190	2
62	73	1
62	77	1
62	92	1
62	153	2
62	172	-2
62	176	2
63	67	1
63	74	1
63	125	-2
63	157	2
63	180	-2
64	84	1
64	85	1
64	94	1
64	110	2
64	133	2
64	137	2
65	70	1
65	87	1
65	112	-2
65	168	-2
65	189	2
66	70	2
66	145	2
66	147	-2
66	149	2
67	74	1
67	160	-2
67	167	2
67	180	-2
68	76	1
68	87	1
68	146	2
68	174	2
68	178	-2
69	83	1
69	150	2
69	191	2
69	192	-2
70	112	-2
70	145	2
70	149	2
71	84	1
71	94	1
71	96	1
71	104	2
71	161	2
71	169	2
72	82	1
72	96	1
72	122	2
72	129	2
72	190	2
73	77	1
73	124	2
73	141	-2
73	153	2
74	80	1
74	88	1
74	92	1
74	94	1
74	159	2
74	180	-2
74	188	-2
75	79	1
75	89	1
75	93	1
75	116	2
75	131	2
75	156	2
76	90	1
76	105	-2
76	113	-2
76	174	2
77	86	1
77	153	2
77	162	2
77	166	-2
78	80	1
78	95	1
78	97	2
78	119	2
78	184	-2
79	118	2
79	131	2
79	136	-2
80	92	1
80	97	2
80	102	-2
80	188	-2
81	91	1
81	111	-2
81	123	-2
81	140	-2
82	96	1
82	129	2
82	144	-2
82	186	2
83	107	2
83	179	2
83	191	2
84	85	1
84	96	1
84	137	2
84	161	2
84	183	-2
85	137	2
85	152	-2
85	154	-2
86	91	1
86	103	-2
86	114	2
86	166	-2
87	120	2
87	146	2
87	168	-2
88	94	1
88	128	2
88	148	-2
88	159	2
89	100	2
89	139	2
89	156	2
90	93	1
90	95	1
90	99	-2
90	113	-2
90	135	2
91	103	-2
91	111	-2
91	130	-2
92	172	-2
92	173	2
92	188	-2
93	99	-2
93	116	2
93	163	2
94	104	2
94	110	2
94	159	2
95	106	-2
95	119	2
95	135	2
96	115	-2
96	129	2
96	161	2
