1	1	-1
2	2	-3
3	3	1
4	4	-3
5	5	1
6	6	1
7	7	-3
8	8	-1
9	9	1
10	10	-3
11	11	3
12	12	3
13	13	1
14	14	-1
15	15	-1
16	16	-1
17	17	1
18	18	1
19	19	1
20	20	1
21	21	-1
22	22	-1
23	23	3
24	24	1
25	25	-1
26	26	-1
27	27	1
28	28	-1
29	29	1
30	30	-1
31	31	-1
32	32	1
33	33	3
34	34	-1
35	35	1
36	36	1
37	37	1
38	38	1
39	39	-1
40	40	-3
41	41	-1
42	42	-1
43	43	-1
44	44	3
45	45	1
46	46	1
47	47	1
48	48	-3
49	49	-1
50	50	-1
51	51	-1
52	52	-1
53	53	1
54	54	-3
55	55	-1
56	56	1
57	57	-1
58	58	-1
59	59	1
60	60	-1
61	61	1
62	62	1
63	63	-1
64	64	-1
65	65	-3
66	66	-1
67	67	1
68	68	1
69	69	-1
70	70	1
71	71	1
72	72	1
73	73	-1
74	74	1
75	75	1
76	76	1
77	77	-3
78	78	-1
79	79	1
80	80	-1
81	81	1
82	82	1
83	83	-1
84	84	-1
85	85	1
86	86	-1
87	87	1
88	88	-1
89	89	-1
90	90	3
91	91	3
92	92	-3
93	93	3
94	94	-3
95	95	-1
96	96	-1
97	97	1
98	98	-1
99	99	1
100	100	1
101	101	-1
102	102	1
103	103	-1
104	104	1
105	105	1
106	106	1
107	107	3
108	108	-1
109	109	1
110	110	-1
111	111	-1
112	112	1
113	113	3
114	114	1
115	115	-3
116	116	-3
117	117	-3
118	118	-1
119	119	3
120	120	1
121	121	3
122	122	-1
123	123	-1
124	124	-1
125	125	-1
126	126	1
127	127	-3
128	128	1
129	129	1
130	130	-1
131	131	1
132	132	1
133	133	-1
134	134	-1
135	135	3
136	136	1
137	137	1
138	138	1
139	139	1
140	140	-1
141	141	-1
142	142	1
143	143	1
144	144	1
145	145	-1
146	146	1
147	147	-1
148	148	-1
149	149	-1
150	150	1
151	151	-1
152	152	-3
153	153	-1
154	154	-3
155	155	1
156	156	1
157	157	-1
158	158	-1
159	159	1
160	160	1
161	161	3
162	162	-1
163	163	1
164	164	-1
165	165	1
166	166	1
167	167	-1
168	168	-1
169	169	1
170	170	-1
171	171	-1
172	172	-3
173	173	-1
174	174	1
175	175	1
176	176	1
177	177	1
178	178	-3
179	179	1
180	180	-1
181	181	-3
182	182	1
183	183	-3
184	184	-3
185	185	1
186	186	-1
187	187	1
188	188	-1
189	189	1
190	190	1
191	191	-1
192	192	3
193	193	-1
194	194	1
195	195	1
196	196	1
197	197	-1
198	198	1
199	199	-1
200	200	1
201	201	1
202	202	-1
203	203	-3
204	204	3
205	205	-3
206	206	-1
207	207	1
208	208	-3
209	209	-1
210	210	-1
211	211	3
212	212	-3
213	213	-1
214	214	1
215	215	-1
216	216	-3
217	217	-1
218	218	-3
219	219	3
220	220	-3
221	221	3
222	222	1
223	223	1
224	224	1
225	225	-1
226	226	-1
227	227	1
228	228	-1
229	229	1
230	230	-3
231	231	-3
232	232	1
233	233	-1
234	234	-1
235	235	1
236	236	-1
237	237	3
238	238	1
239	239	-1
240	240	1
241	241	-3
242	242	1
243	243	-1
244	244	-1
245	245	1
246	246	1
247	247	-1
248	248	3
249	249	1
250	250	1
251	251	1
252	252	-1
253	253	-1
254	254	3
255	255	1
256	256	-1
257	257	1
258	258	3
259	259	3
260	260	-1
261	261	-3
262	262	-1
263	263	-1
264	264	-1
265	265	-1
266	266	3
267	267	3
268	268	3
269	269	-3
270	270	1
271	271	1
272	272	-3
273	273	3
274	274	1
275	275	-1
276	276	3
277	277	-1
278	278	-1
279	279	1
280	280	-3
281	281	1
282	282	1
283	283	3
284	284	-1
285	285	-3
286	286	-1
287	287	-3
288	288	-1
289	289	1
290	290	-1
291	291	-1
292	292	-1
293	293	1
294	294	1
295	295	1
296	296	-3
297	297	-1
298	298	-1
299	299	-1
300	300	1
301	301	3
302	302	1
303	303	-3
304	304	-1
305	305	1
306	306	1
307	307	1
308	308	1
309	309	1
310	310	-1
311	311	-3
312	312	-1
313	313	-1
314	314	-1
315	315	1
316	316	3
317	317	1
318	318	3
319	319	-3
320	320	-3
321	321	-3
322	322	1
323	323	-1
324	324	1
325	325	1
326	326	3
327	327	1
328	328	1
329	329	1
330	330	1
331	331	1
332	332	1
333	333	1
334	334	-3
335	335	1
336	336	-3
337	337	1
338	338	-1
339	339	-3
340	340	1
341	341	3
342	342	-3
343	343	1
344	344	1
345	345	1
346	346	-1
347	347	-1
348	348	-1
349	349	1
350	350	1
351	351	-1
352	352	1
353	353	1
354	354	-1
355	355	1
356	356	-1
357	357	1
358	358	1
359	359	3
360	360	-3
361	361	-1
362	362	-1
363	363	-1
364	364	3
365	365	1
366	366	1
367	367	1
368	368	1
369	369	-3
370	370	1
371	371	1
372	372	-3
373	373	3
374	374	1
375	375	-1
376	376	-1
377	377	-3
378	378	3
379	379	3
380	380	1
381	381	3
382	382	1
383	383	1
384	384	1
385	385	-1
386	386	-1
387	387	1
388	388	1
389	389	-1
390	390	1
391	391	-1
392	392	1
393	393	-1
394	394	-1
395	395	-1
396	396	-1
397	397	3
398	398	-1
399	399	-1
400	400	-3
401	401	-1
402	402	-1
403	403	3
404	404	3
405	405	1
406	406	1
407	407	-3
408	408	-1
409	409	1
410	410	-1
411	411	3
412	412	3
413	413	-3
414	414	1
415	415	1
416	416	1
417	417	-3
418	418	-1
419	419	-1
420	420	-1
421	421	-1
422	422	-1
423	423	-1
424	424	-1
425	425	-3
426	426	-3
427	427	3
428	428	1
429	429	-1
430	430	-1
431	431	-1
432	432	-1
433	433	-1
434	434	3
435	435	-1
436	436	-1
437	437	-3
438	438	-3
439	439	-1
440	440	3
441	441	-1
442	442	1
443	443	-1
444	444	1
445	445	-1
446	446	-1
447	447	-3
448	448	1
449	449	3
450	450	-1
451	451	-1
452	452	3
453	453	3
454	454	-3
455	455	1
456	456	1
457	457	1
458	458	1
459	459	-1
460	460	-1
461	461	-1
462	462	1
463	463	1
464	464	-1
465	465	1
466	466	1
467	467	-1
468	468	-1
469	469	1
470	470	1
471	471	1
472	472	-3
473	473	1
474	474	3
475	475	1
476	476	3
477	477	1
478	478	-1
479	479	1
480	480	1
481	481	-1
482	482	1
483	483	-1
484	484	-1
485	485	1
486	486	-3
487	487	1
488	488	1
489	489	-1
490	490	-1
491	491	-1
492	492	3
493	493	-1
494	494	1
495	495	-1
496	496	1
497	497	1
498	498	1
499	499	1
500	500	1
501	501	-1
502	502	3
503	503	-1
504	504	1
505	505	-1
506	506	3
507	507	1
508	508	-1
509	509	-1
510	510	1
511	511	1
512	512	-1
513	513	2
514	514	2
515	515	2
516	516	-2
517	517	2
518	518	-2
519	519	-2
520	520	2
521	521	-2
522	522	-2
523	523	-2
524	524	2
525	525	-2
526	526	2
527	527	2
528	528	-2
529	529	2
530	530	-2
531	531	-2
532	532	2
533	533	2
534	534	2
535	535	-2
536	536	-2
537	537	2
538	538	2
539	539	2
540	540	2
541	541	2
542	542	-2
543	543	2
544	544	2
545	545	-2
546	546	-2
547	547	2
548	548	-2
549	549	2
550	550	-2
551	551	2
552	552	2
553	553	2
554	554	2
555	555	2
556	556	2
557	557	-2
558	558	2
559	559	2
560	560	2
561	561	2
562	562	2
563	563	2
564	564	-2
565	565	-2
566	566	2
567	567	-2
568	568	-2
569	569	2
570	570	-2
571	571	-2
572	572	2
573	573	2
574	574	2
575	575	-2
576	576	-2
577	577	-2
578	578	2
579	579	2
580	580	-2
581	581	-2
582	582	2
583	583	2
584	584	-2
585	585	-2
586	586	2
587	587	2
588	588	-2
589	589	2
590	590	2
591	591	-2
592	592	-2
593	593	2
594	594	-2
595	595	-2
596	596	2
597	597	2
598	598	-2
599	599	-2
600	600	-2
601	601	-2
602	602	2
603	603	2
604	604	2
605	605	2
606	606	-2
607	607	2
608	608	-2
609	609	-2
610	610	-2
611	611	2
612	612	-2
613	613	2
614	614	2
615	615	2
616	616	2
617	617	-2
618	618	2
619	619	2
620	620	2
621	621	2
622	622	-2
623	623	-2
624	624	2
625	625	2
626	626	2
627	627	2
628	628	2
629	629	2
630	630	-2
631	631	-2
632	632	-2
633	633	2
634	634	-2
635	635	-2
636	636	2
637	637	2
638	638	2
639	639	-2
640	640	2
641	641	2
642	642	2
643	643	-2
644	644	2
645	645	2
646	646	2
647	647	-2
648	648	-2
649	649	2
650	650	2
651	651	2
652	652	-2
653	653	2
654	654	2
655	655	-2
656	656	-2
657	657	2
658	658	2
659	659	2
660	660	-2
661	661	2
662	662	-2
663	663	-2
664	664	2
665	665	2
666	666	-2
667	667	-2
668	668	2
669	669	-2
670	670	-2
671	671	-2
672	672	-2
673	673	-2
674	674	2
675	675	-2
676	676	2
677	677	2
678	678	2
679	679	2
680	680	-2
681	681	2
682	682	-2
683	683	-2
684	684	-2
685	685	2
686	686	-2
687	687	2
688	688	-2
689	689	2
690	690	-2
691	691	2
692	692	-2
693	693	-2
694	694	2
695	695	2
696	696	2
697	697	2
698	698	2
699	699	2
700	700	2
701	701	2
702	702	-2
703	703	-2
704	704	-2
705	705	2
706	706	-2
707	707	2
708	708	2
709	709	-2
710	710	-2
711	711	-2
712	712	2
713	713	-2
714	714	2
715	715	2
716	716	-2
717	717	2
718	718	2
719	719	2
720	720	-2
721	721	-2
722	722	2
723	723	2
724	724	2
725	725	-2
726	726	2
727	727	-2
728	728	2
729	729	2
730	730	-2
731	731	-2
732	732	2
733	733	2
734	734	-2
735	735	-2
736	736	2
737	737	2
738	738	2
739	739	-2
740	740	-2
741	741	-2
742	742	2
743	743	-2
744	744	2
745	745	-2
746	746	2
747	747	2
748	748	2
749	749	-2
750	750	2
751	751	-2
752	752	-2
753	753	-2
754	754	-2
755	755	2
756	756	2
757	757	2
758	758	-2
759	759	2
760	760	2
761	761	2
762	762	2
763	763	2
764	764	-2
765	765	2
766	766	2
767	767	-2
768	768	-2
769	769	2
770	770	2
771	771	2
772	772	2
773	773	2
774	774	2
775	775	2
776	776	-2
777	777	2
778	778	2
779	779	2
780	780	-2
781	781	-2
782	782	-2
783	783	2
784	784	-2
785	785	2
786	786	-2
787	787	2
788	788	-2
789	789	2
790	790	2
791	791	-2
792	792	-2
793	793	2
794	794	-2
795	795	2
796	796	2
797	797	2
798	798	-2
799	799	-2
800	800	2
801	801	-2
802	802	-2
803	803	2
804	804	2
805	805	2
806	806	2
807	807	-2
808	808	-2
809	809	-2
810	810	-2
811	811	-2
812	812	-2
813	813	2
814	814	2
815	815	-2
816	816	2
817	817	-2
818	818	2
819	819	-2
820	820	-2
821	821	-2
822	822	2
823	823	2
824	824	-2
825	825	-2
826	826	2
827	827	-2
828	828	2
829	829	2
830	830	-2
831	831	-2
832	832	2
833	833	2
834	834	-2
835	835	-2
836	836	2
837	837	2
838	838	2
839	839	-2
840	840	-2
841	841	-2
842	842	2
843	843	-2
844	844	2
845	845	2
846	846	2
847	847	-2
848	848	-2
849	849	2
850	850	2
851	851	2
852	852	2
853	853	2
854	854	-2
855	855	2
856	856	-2
857	857	2
858	858	2
859	859	-2
860	860	-2
861	861	-2
862	862	2
863	863	2
864	864	-2
865	865	-2
866	866	2
867	867	-2
868	868	-2
869	869	-2
870	870	-2
871	871	2
872	872	2
873	873	-2
874	874	2
875	875	-2
876	876	2
877	877	2
878	878	-2
879	879	-2
880	880	-2
881	881	2
882	882	-2
883	883	2
884	884	-2
885	885	2
886	886	-2
887	887	2
888	888	-2
889	889	-2
890	890	-2
891	891	2
892	892	-2
893	893	2
894	894	2
895	895	2
896	896	2
897	897	2
898	898	2
899	899	-2
900	900	-2
901	901	-2
902	902	2
903	903	2
904	904	2
905	905	2
906	906	-2
907	907	-2
908	908	2
909	909	-2
910	910	2
911	911	2
912	912	-2
913	913	-2
914	914	2
915	915	2
916	916	2
917	917	2
918	918	-2
919	919	-2
920	920	2
921	921	2
922	922	-2
923	923	2
924	924	-2
925	925	2
926	926	2
927	927	-2
928	928	-2
929	929	-2
930	930	-2
931	931	-2
932	932	-2
933	933	2
934	934	-2
935	935	-2
936	936	-2
937	937	2
938	938	-2
939	939	-2
940	940	2
941	941	2
942	942	2
943	943	2
944	944	-2
945	945	2
946	946	2
947	947	2
948	948	2
949	949	-2
950	950	2
951	951	-2
952	952	-2
953	953	2
954	954	2
955	955	2
956	956	2
957	957	2
958	958	-2
959	959	2
960	960	-2
961	961	2
962	962	-2
963	963	2
964	964	-2
965	965	2
966	966	2
967	967	-2
968	968	-2
969	969	2
970	970	2
971	971	-2
972	972	2
973	973	-2
974	974	2
975	975	-2
976	976	2
977	977	2
978	978	-2
979	979	-2
980	980	2
981	981	-2
982	982	-2
983	983	-2
984	984	-2
985	985	-2
986	986	2
987	987	2
988	988	-2
989	989	-2
990	990	-2
991	991	-2
992	992	2
993	993	2
994	994	-2
995	995	2
996	996	-2
997	997	2
998	998	2
999	999	2
1000	1000	-2
1001	1001	2
1002	1002	2
1003	1003	2
1004	1004	2
1005	1005	2
1006	1006	2
1007	1007	2
1008	1008	-2
1009	1009	-2
1010	1010	2
1011	1011	-2
1012	1012	2
1013	1013	-2
1014	1014	2
1015	1015	2
1016	1016	-2
1017	1017	2
1018	1018	-2
1019	1019	-2
1020	1020	-2
1021	1021	2
1022	1022	2
1023	1023	-2
1024	1024	-2
1	81	1
1	132	1
1	164	1
1	280	1
1	408	1
1	491	1
1	515	-2
1	583	2
1	974	-2
2	127	1
2	137	1
2	197	1
2	216	1
2	234	1
2	354	1
2	728	-2
2	795	-2
2	910	-2
3	33	1
3	48	1
3	83	1
3	113	1
3	186	1
3	306	1
3	725	2
3	741	-2
3	1018	-2
4	16	1
4	191	1
4	281	1
4	285	1
4	303	1
4	338	1
4	607	-2
4	898	-2
4	965	-2
5	266	1
5	305	1
5	331	1
5	402	1
5	415	1
5	488	1
5	631	-2
5	845	2
5	1007	-2
6	73	1
6	176	1
6	177	1
6	355	1
6	442	1
6	504	1
6	611	2
6	695	2
6	905	-2
7	28	1
7	84	1
7	173	1
7	181	1
7	303	1
7	337	1
7	775	-2
7	831	2
7	841	2
8	14	1
8	25	1
8	233	1
8	431	1
8	448	1
8	469	1
8	687	2
8	880	2
8	980	-2
9	100	1
9	213	1
9	227	1
9	373	1
9	403	1
9	438	1
9	771	2
9	794	-2
9	971	2
10	147	1
10	208	1
10	287	1
10	352	1
10	398	1
10	479	1
10	530	2
10	699	-2
10	734	2
11	29	1
11	182	1
11	267	1
11	346	1
11	485	1
11	501	1
11	563	2
11	793	2
11	919	-2
12	104	1
12	201	1
12	240	1
12	507	2
12	510	1
12	878	-2
12	915	2
12	1006	2
13	76	1
13	282	2
13	342	1
13	354	1
13	355	1
13	562	2
13	664	2
13	754	2
14	118	1
14	374	1
14	395	1
14	448	1
14	501	1
14	687	2
14	792	2
14	976	-2
15	131	1
15	135	1
15	206	1
15	217	1
15	297	1
15	433	1
15	576	-2
15	694	-2
15	952	2
16	179	1
16	246	1
16	268	1
16	338	1
16	361	1
16	613	2
16	898	-2
16	962	2
17	58	1
17	76	1
17	174	1
17	207	1
17	407	1
17	477	1
17	600	-2
17	640	2
17	814	-2
18	33	1
18	62	1
18	93	1
18	152	1
18	250	1
18	427	1
18	706	-2
18	854	-2
18	896	-2
19	37	1
19	63	1
19	163	1
19	164	1
19	243	1
19	457	1
19	525	-2
19	830	2
19	926	2
20	87	1
20	166	1
20	201	1
20	306	1
20	346	1
20	473	1
20	537	-2
20	759	2
20	938	-2
21	160	1
21	168	1
21	216	1
21	340	1
21	458	1
21	512	1
21	654	2
21	817	2
21	997	-2
22	88	1
22	372	1
22	391	1
22	400	1
22	445	1
22	511	1
22	593	2
22	968	2
22	1021	-2
23	222	1
23	289	1
23	362	1
23	366	1
23	384	1
23	440	1
23	895	2
23	917	2
23	981	-2
24	54	1
24	221	1
24	301	1
24	310	1
24	316	1
24	421	1
24	774	2
24	825	-2
24	835	2
25	136	1
25	161	1
25	227	1
25	334	1
25	469	1
25	768	2
25	980	-2
25	1005	2
26	45	1
26	127	1
26	130	1
26	186	1
26	443	1
26	508	1
26	680	2
26	790	-2
26	871	2
27	122	1
27	293	1
27	300	1
27	351	1
27	502	1
27	503	1
27	536	-2
27	806	-2
27	882	-2
28	51	1
28	116	1
28	151	1
28	337	1
28	482	1
28	621	2
28	841	2
28	853	-2
29	166	1
29	182	1
29	200	1
29	234	1
29	334	1
29	696	-2
29	793	2
29	826	2
30	154	1
30	175	1
30	253	1
30	325	1
30	414	1
30	444	1
30	663	2
30	679	-2
30	984	-2
31	109	1
31	143	1
31	169	1
31	225	1
31	424	1
31	462	1
31	535	-2
31	628	-2
31	846	-2
32	43	1
32	224	1
32	329	1
32	376	1
32	413	1
32	424	1
32	636	2
32	782	2
32	874	2
33	306	1
33	427	1
33	452	1
33	500	1
33	520	2
33	741	-2
33	854	-2
34	280	1
34	346	1
34	357	1
34	433	1
34	494	1
34	506	1
34	757	-2
34	764	-2
34	979	2
35	40	1
35	85	1
35	245	1
35	335	1
35	390	1
35	475	1
35	585	-2
35	615	2
35	953	-2
36	158	1
36	268	1
36	285	1
36	407	1
36	429	1
36	506	1
36	516	2
36	700	2
36	722	2
37	44	1
37	63	1
37	90	1
37	192	1
37	273	1
37	577	-2
37	596	2
37	830	2
38	85	1
38	158	1
38	165	1
38	277	1
38	385	1
38	410	1
38	943	2
38	958	2
38	1013	-2
39	119	1
39	125	1
39	209	1
39	314	1
39	363	1
39	447	1
39	533	-2
39	564	2
39	970	2
40	134	1
40	245	1
40	310	1
40	399	1
40	421	1
40	904	-2
40	953	-2
40	969	-2
41	116	1
41	246	1
41	262	1
41	298	1
41	412	1
41	419	1
41	606	2
41	651	-2
41	906	-2
42	103	1
42	145	1
42	319	1
42	327	1
42	449	1
42	489	1
42	683	2
42	688	2
42	749	-2
43	95	1
43	231	1
43	298	1
43	314	1
43	329	1
43	636	2
43	674	-2
43	929	2
44	108	1
44	192	1
44	465	1
44	477	1
44	498	1
44	596	2
44	767	-2
44	892	-2
45	114	1
45	187	1
45	333	1
45	384	1
45	508	1
45	798	-2
45	808	2
45	871	2
46	114	1
46	128	1
46	140	1
46	260	1
46	431	1
46	471	1
46	545	-2
46	701	2
46	727	2
47	267	1
47	445	1
47	460	1
47	465	1
47	483	1
47	485	1
47	799	-2
47	829	-2
47	884	-2
48	83	1
48	252	1
48	265	1
48	290	1
48	419	1
48	725	2
48	770	-2
48	797	-2
49	76	1
49	174	1
49	212	1
49	273	1
49	274	1
49	391	1
49	542	2
49	812	-2
49	909	2
50	69	1
50	235	1
50	242	1
50	268	1
50	321	1
50	350	1
50	681	2
50	777	-2
50	978	2
51	197	1
51	296	1
51	443	1
51	455	1
51	482	1
51	621	2
51	723	-2
51	939	2
52	59	1
52	108	1
52	228	1
52	386	1
52	430	1
52	439	1
52	548	2
52	720	2
52	824	-2
53	91	1
53	130	1
53	213	1
53	252	1
53	430	1
53	437	1
53	529	2
53	659	2
53	765	-2
54	71	1
54	178	1
54	244	1
54	310	1
54	482	1
54	608	2
54	644	-2
54	835	2
55	146	1
55	183	1
55	187	1
55	307	1
55	339	1
55	495	1
55	856	2
55	872	-2
55	899	-2
56	84	1
56	111	1
56	368	1
56	381	1
56	429	1
56	481	1
56	573	-2
56	712	2
56	951	-2
57	63	1
57	143	1
57	206	1
57	280	1
57	440	1
57	450	1
57	554	2
57	667	2
57	982	2
58	87	1
58	239	1
58	396	1
58	407	1
58	474	1
58	665	2
58	814	-2
58	1010	-2
59	75	1
59	106	1
59	386	1
59	392	1
59	434	1
59	548	2
59	549	2
59	810	-2
60	77	1
60	238	1
60	240	1
60	459	1
60	460	1
60	494	1
60	760	2
60	815	2
60	949	2
61	71	1
61	74	1
61	349	1
61	408	1
61	448	1
61	510	1
61	601	-2
61	715	2
61	950	-2
62	93	1
62	297	1
62	348	1
62	356	1
62	449	1
62	622	2
62	623	-2
62	706	-2
63	137	1
63	379	1
63	450	1
63	667	2
63	830	2
63	836	2
64	70	1
64	102	1
64	193	1
64	279	1
64	359	1
64	470	1
64	785	-2
64	848	2
64	914	2
65	198	1
65	272	1
65	292	1
65	365	1
65	487	1
65	493	1
65	857	-2
65	879	2
65	1001	-2
66	203	1
66	262	1
66	313	1
66	426	1
66	427	1
66	459	1
66	579	-2
66	662	-2
66	676	-2
67	115	1
67	121	1
67	227	1
67	256	1
67	323	1
67	364	1
67	691	-2
67	733	2
67	995	2
68	117	1
68	202	1
68	241	1
68	315	1
68	387	1
68	470	1
68	632	-2
68	924	-2
68	985	2
69	235	1
69	284	1
69	375	1
69	426	1
69	427	1
69	557	2
69	693	-2
69	777	-2
70	102	1
70	145	1
70	174	1
70	302	1
70	463	1
70	588	-2
70	618	2
70	848	2
71	74	1
71	234	1
71	456	1
71	482	1
71	608	2
71	715	2
71	992	2
72	125	1
72	177	1
72	189	1
72	344	1
72	359	1
72	370	1
72	522	-2
72	689	2
72	866	-2
73	95	1
73	150	1
73	269	1
73	351	1
73	355	1
73	718	2
73	787	-2
73	905	-2
74	148	1
74	360	1
74	459	1
74	508	1
74	599	2
74	715	2
74	776	-2
75	185	2
75	195	1
75	392	1
75	393	1
75	544	2
75	810	-2
75	999	-2
76	355	1
76	391	1
76	477	1
76	600	-2
76	664	2
76	909	2
77	177	1
77	202	1
77	240	1
77	353	1
77	395	1
77	804	-2
77	942	-2
77	949	2
78	153	1
78	211	1
78	299	1
78	336	1
78	379	1
78	451	1
78	552	-2
78	747	-2
78	927	-2
79	126	1
79	149	1
79	258	1
79	326	1
79	337	1
79	383	1
79	861	2
79	913	-2
79	1003	2
80	96	1
80	217	1
80	256	1
80	301	1
80	372	1
80	437	1
80	553	-2
80	801	-2
80	897	-2
81	132	1
81	153	1
81	189	1
81	215	1
81	315	1
81	583	2
81	612	2
81	837	2
82	161	1
82	241	1
82	263	1
82	339	1
82	345	1
82	464	1
82	666	2
82	719	2
82	860	-2
83	190	1
83	237	1
83	362	1
83	390	1
83	574	2
83	713	2
83	725	2
84	128	1
84	181	1
84	308	1
84	381	1
84	775	-2
84	784	2
84	951	-2
85	158	1
85	225	1
85	350	1
85	475	1
85	585	-2
85	809	-2
85	958	2
86	113	1
86	243	1
86	245	1
86	361	1
86	426	1
86	472	1
86	627	-2
86	652	-2
86	755	-2
87	201	1
87	239	1
87	357	1
87	480	1
87	519	-2
87	938	-2
87	1010	-2
88	89	1
88	123	1
88	189	1
88	400	1
88	453	1
88	541	-2
88	838	2
88	968	2
89	170	2
89	189	1
89	209	1
89	415	1
89	541	-2
89	610	2
89	690	-2
90	273	1
90	299	1
90	371	1
90	391	1
90	418	1
90	577	-2
90	638	2
90	740	-2
91	132	1
91	219	1
91	252	1
91	253	1
91	471	1
91	659	2
91	813	2
91	867	-2
92	133	1
92	285	1
92	291	1
92	398	1
92	423	1
92	447	1
92	840	2
92	877	-2
92	972	-2
93	133	1
93	171	1
93	402	1
93	406	1
93	629	2
93	706	-2
93	839	-2
94	96	1
94	218	1
94	255	1
94	289	1
94	370	1
94	419	1
94	602	-2
94	789	-2
94	820	2
95	231	1
95	269	1
95	310	1
95	324	1
95	787	-2
95	920	2
95	929	2
96	139	1
96	254	1
96	370	1
96	372	1
96	668	2
96	820	2
96	897	-2
97	223	1
97	279	1
97	294	1
97	402	1
97	467	1
97	495	1
97	685	2
97	762	-2
97	850	2
98	162	2
98	321	1
98	341	1
98	411	1
98	451	1
98	561	-2
98	647	2
98	779	2
99	104	1
99	160	1
99	165	1
99	312	1
99	423	1
99	474	1
99	591	-2
99	739	2
99	975	-2
100	227	1
100	330	1
100	382	1
100	409	1
100	481	1
100	653	2
100	794	-2
100	834	2
101	124	1
101	140	1
101	171	1
101	317	1
101	319	1
101	397	1
101	587	-2
101	684	-2
101	988	2
102	353	1
102	380	1
102	476	1
102	478	1
102	843	-2
102	848	2
102	945	2
103	324	1
103	349	1
103	424	1
103	464	1
103	489	1
103	683	2
103	1011	2
103	1014	2
104	312	1
104	332	1
104	458	1
104	507	1
104	739	2
104	878	-2
104	911	2
105	149	1
105	233	1
105	323	1
105	325	1
105	326	1
105	333	1
105	558	-2
105	726	2
105	986	2
106	158	1
106	236	1
106	330	1
106	416	1
106	434	1
106	531	-2
106	549	2
106	944	2
107	188	1
107	259	1
107	271	1
107	276	1
107	326	1
107	456	1
107	900	-2
107	912	-2
107	930	-2
108	264	1
108	334	1
108	430	1
108	477	1
108	624	-2
108	720	2
108	892	-2
109	169	1
109	220	1
109	223	1
109	335	1
109	496	1
109	535	-2
109	592	-2
109	750	-2
110	179	1
110	263	1
110	264	1
110	275	1
110	377	1
110	388	1
110	833	-2
110	963	2
110	998	-2
111	317	1
111	330	1
111	429	1
111	431	1
111	493	1
111	573	-2
111	811	-2
111	887	-2
112	236	1
112	264	1
112	352	1
112	358	1
112	417	1
112	503	1
112	532	2
112	581	-2
112	752	2
113	186	1
113	245	1
113	259	1
113	309	1
113	652	-2
113	661	2
113	1018	-2
114	187	1
114	378	1
114	392	1
114	431	1
114	701	2
114	808	2
114	964	-2
115	271	1
115	299	1
115	323	1
115	387	1
115	497	1
115	691	-2
115	714	-2
115	889	2
116	151	1
116	246	1
116	354	1
116	389	1
116	651	-2
116	853	-2
116	908	-2
117	180	1
117	222	1
117	241	1
117	288	1
117	302	1
117	646	-2
117	780	2
117	985	2
118	191	1
118	343	1
118	394	1
118	395	1
118	487	1
118	886	2
118	976	-2
118	1009	-2
119	209	1
119	328	1
119	373	1
119	492	1
119	512	1
119	675	-2
119	791	-2
119	970	2
120	135	1
120	205	1
120	266	1
120	394	1
120	410	1
120	443	1
120	641	-2
120	702	-2
120	1015	2
121	227	1
121	266	1
121	288	1
121	411	1
121	492	1
121	578	2
121	709	-2
121	995	2
122	139	1
122	196	1
122	244	1
122	294	1
122	502	1
122	852	-2
122	882	-2
122	891	-2
123	142	1
123	148	1
123	216	1
123	453	1
123	480	1
123	838	2
123	934	2
123	1019	2
124	133	1
124	140	1
124	231	1
124	338	1
124	471	1
124	570	-2
124	788	2
124	988	2
125	156	1
125	344	1
125	381	1
125	447	1
125	564	2
125	626	2
125	866	-2
126	269	1
126	326	1
126	432	1
126	482	1
126	488	1
126	521	-2
126	556	-2
126	1003	2
127	130	1
127	354	1
127	393	1
127	450	1
127	680	2
127	795	-2
127	901	2
128	207	1
128	260	1
128	308	1
128	466	1
128	545	-2
128	589	2
128	784	2
129	182	1
129	210	1
129	214	1
129	282	1
129	348	1
129	510	1
129	523	-2
129	669	-2
129	989	2
130	155	1
130	159	1
130	430	1
130	529	2
130	657	-2
130	680	2
131	151	1
131	213	1
131	217	1
131	302	1
131	315	1
131	745	-2
131	925	2
131	952	2
132	219	1
132	262	1
132	457	1
132	583	2
132	813	2
132	893	-2
133	231	1
133	406	1
133	423	1
133	788	2
133	839	-2
133	840	2
134	258	1
134	298	1
134	336	1
134	369	1
134	399	1
134	844	2
134	957	-2
134	969	-2
135	266	1
135	322	1
135	379	1
135	433	1
135	576	-2
135	639	-2
135	1015	2
136	161	1
136	232	1
136	286	1
136	428	1
136	490	1
136	724	2
136	903	-2
136	1005	2
137	214	1
137	234	1
137	379	1
137	484	1
137	836	2
137	849	2
137	910	-2
138	294	1
138	358	1
138	412	1
138	433	1
138	437	1
138	450	1
138	778	2
138	858	2
138	936	2
139	156	1
139	196	2
139	254	1
139	534	2
139	668	2
139	852	-2
140	373	1
140	414	1
140	471	1
140	547	2
140	727	2
140	988	2
141	164	1
141	184	1
141	192	1
141	239	1
141	270	1
141	320	1
141	546	-2
141	634	2
141	973	2
142	148	1
142	229	1
142	364	1
142	403	1
142	435	1
142	738	2
142	823	2
142	1019	2
143	146	1
143	424	1
143	440	1
143	498	1
143	554	2
143	846	-2
143	881	2
144	203	1
144	204	1
144	222	1
144	290	1
144	322	1
144	458	1
144	742	2
144	855	2
144	947	-2
145	202	1
145	302	1
145	319	1
145	428	1
145	618	2
145	688	2
145	933	-2
146	183	1
146	325	1
146	468	1
146	498	1
146	796	2
146	856	2
146	881	2
147	210	1
147	256	1
147	258	1
147	440	1
147	479	1
147	530	2
147	888	2
147	991	-2
148	340	1
148	438	1
148	459	1
148	698	-2
148	776	-2
148	1019	2
149	287	1
149	325	1
149	338	1
149	383	1
149	645	-2
149	861	2
149	986	2
150	193	1
150	200	1
150	269	1
150	351	1
150	455	1
150	595	2
150	718	2
150	807	-2
151	212	1
151	213	1
151	296	1
151	555	-2
151	745	-2
151	853	-2
152	199	1
152	228	1
152	250	1
152	296	1
152	409	1
152	566	-2
152	896	-2
152	983	2
153	232	1
153	315	1
153	336	1
153	449	1
153	552	-2
153	612	2
153	642	2
154	182	1
154	200	1
154	253	1
154	408	1
154	435	1
154	663	2
154	863	-2
154	1017	-2
155	159	1
155	278	1
155	305	1
155	309	1
155	313	1
155	550	-2
155	657	-2
155	697	2
156	196	1
156	242	1
156	381	1
156	389	1
156	534	2
156	538	-2
156	626	2
157	159	1
157	181	1
157	305	1
157	311	1
157	336	1
157	363	1
157	524	-2
157	605	2
157	781	2
158	236	1
158	429	1
158	722	2
158	944	2
158	958	2
159	221	1
159	251	1
159	363	1
159	568	-2
159	605	2
159	657	-2
160	165	1
160	340	1
160	356	1
160	435	1
160	654	2
160	875	2
160	975	-2
161	263	1
161	295	1
161	361	1
161	635	-2
161	860	-2
161	1005	2
162	236	1
162	318	1
162	321	1
162	451	1
162	561	-2
162	647	2
162	883	2
163	175	1
163	349	1
163	384	1
163	457	1
163	512	1
163	594	2
163	916	2
163	926	2
164	184	1
164	243	1
164	491	1
164	515	-2
164	525	-2
164	634	2
165	309	1
165	319	1
165	410	1
165	975	-2
165	994	2
165	1013	-2
166	176	1
166	200	1
166	286	1
166	473	1
166	759	2
166	826	2
166	941	-2
167	209	1
167	281	1
167	303	1
167	367	1
167	460	1
167	477	1
167	711	2
167	800	-2
167	1024	-2
168	216	1
168	331	1
168	397	1
168	405	1
168	406	1
168	819	2
168	993	2
168	997	-2
169	186	1
169	201	1
169	276	1
169	432	1
169	535	-2
169	670	-2
169	828	-2
170	209	1
170	307	1
170	351	1
170	415	1
170	610	2
170	690	-2
170	772	-2
171	319	1
171	368	1
171	394	1
171	402	1
171	587	-2
171	629	2
171	763	-2
172	183	1
172	261	1
172	300	1
172	425	1
172	500	1
172	509	1
172	660	2
172	802	2
172	1000	2
173	303	1
173	323	1
173	407	1
173	472	1
173	491	1
173	527	2
173	671	2
173	831	2
174	207	1
174	212	1
174	463	1
174	542	2
174	588	-2
174	640	2
175	180	1
175	349	1
175	425	1
175	444	1
175	865	2
175	916	2
175	984	-2
176	177	1
176	286	1
176	289	1
176	499	1
176	617	-2
176	695	2
176	941	-2
177	189	1
177	395	1
177	522	-2
177	695	2
177	804	-2
178	215	1
178	244	1
178	363	1
178	484	1
178	503	1
178	644	-2
178	870	2
178	935	2
179	361	1
179	386	1
179	388	1
179	511	1
179	862	2
179	962	2
179	963	2
180	284	1
180	288	1
180	414	1
180	425	1
180	780	2
180	865	2
180	977	2
181	252	1
181	336	1
181	396	1
181	775	-2
181	781	2
181	1016	2
182	200	1
182	348	1
182	523	-2
182	793	2
182	863	-2
183	205	1
183	287	1
183	509	1
183	678	-2
183	802	2
183	856	2
184	225	1
184	231	1
184	241	1
184	478	1
184	543	-2
184	634	2
184	704	2
185	195	1
185	378	1
185	393	1
185	455	1
185	544	2
185	761	2
185	999	-2
186	201	1
186	443	1
186	790	-2
186	828	-2
186	1018	-2
187	194	1
187	274	1
187	307	1
187	808	2
187	899	-2
187	922	-2
188	228	1
188	271	1
188	277	1
188	400	1
188	416	1
188	735	2
188	821	2
188	912	-2
189	215	1
189	522	-2
189	541	-2
189	837	2
190	237	1
190	238	1
190	348	1
190	359	1
190	489	1
190	574	2
190	956	2
190	1008	2
191	255	1
191	303	1
191	341	1
191	394	1
191	607	-2
191	707	2
191	886	2
192	270	1
192	399	1
192	465	1
192	540	2
192	546	-2
192	596	2
193	249	1
193	269	1
193	279	1
193	505	1
193	517	2
193	595	2
193	785	-2
194	274	1
194	308	1
194	324	1
194	371	1
194	390	1
194	758	2
194	818	2
194	922	-2
195	265	1
195	275	1
195	317	1
195	353	1
195	544	2
195	692	2
195	732	2
196	265	1
196	463	1
196	534	2
196	852	-2
196	946	2
197	206	1
197	216	1
197	247	1
197	296	1
197	723	-2
197	728	-2
197	744	2
198	248	1
198	318	1
198	412	1
198	415	1
198	493	1
198	730	-2
198	743	-2
198	1001	-2
199	296	1
199	377	1
199	469	1
199	491	1
199	509	1
199	566	-2
199	847	-2
199	851	-2
200	455	1
200	807	-2
200	826	2
200	863	-2
201	510	1
201	828	-2
201	915	2
201	938	-2
202	353	1
202	387	1
202	428	1
202	632	-2
202	933	-2
202	942	-2
203	220	1
203	290	1
203	436	1
203	459	1
203	579	-2
203	907	2
203	947	-2
204	276	1
204	322	1
204	343	1
204	345	1
204	381	1
204	633	2
204	855	2
204	928	-2
205	287	1
205	401	1
205	410	1
205	486	1
205	584	2
205	641	-2
205	678	-2
206	247	1
206	280	1
206	297	1
206	694	-2
206	744	2
206	982	2
207	263	1
207	345	1
207	466	1
207	589	2
207	640	2
207	902	-2
208	274	1
208	291	1
208	352	1
208	413	1
208	483	1
208	699	-2
208	766	-2
208	822	-2
209	303	1
209	610	2
209	711	2
209	970	2
210	226	1
210	256	1
210	387	1
210	510	1
210	746	2
210	888	2
210	989	2
211	235	1
211	238	1
211	379	1
211	382	1
211	496	1
211	630	-2
211	717	2
211	927	-2
212	296	1
212	418	1
212	495	1
212	542	2
212	555	-2
212	885	-2
213	437	1
213	438	1
213	745	-2
213	765	-2
213	971	2
214	282	1
214	377	1
214	484	1
214	488	1
214	669	-2
214	842	-2
214	849	2
215	220	1
215	363	1
215	467	1
215	609	2
215	837	2
215	935	2
216	480	1
216	728	-2
216	934	2
216	997	-2
217	301	1
217	417	1
217	446	1
217	677	-2
217	801	-2
217	952	2
218	253	1
218	255	1
218	418	1
218	430	1
218	486	1
218	514	-2
218	602	-2
218	832	-2
219	245	1
219	395	1
219	398	1
219	411	1
219	586	2
219	783	2
219	813	2
220	436	1
220	467	1
220	496	1
220	609	2
220	750	-2
220	907	2
221	237	1
221	251	1
221	301	1
221	308	1
221	568	-2
221	825	-2
221	1020	-2
222	302	1
222	440	1
222	458	1
222	646	-2
222	742	2
222	895	2
223	335	1
223	340	1
223	402	1
223	446	1
223	592	-2
223	762	-2
223	1002	2
224	271	1
224	304	1
224	369	1
224	424	1
224	451	1
224	729	-2
224	874	2
224	996	-2
225	241	1
225	350	1
225	462	1
225	628	-2
225	704	2
225	809	-2
226	230	1
226	270	1
226	387	1
226	392	1
226	508	1
226	746	2
226	816	-2
226	954	-2
227	334	1
227	768	2
227	794	-2
227	995	2
228	409	1
228	416	1
228	439	1
228	821	2
228	824	-2
228	983	2
229	311	1
229	316	1
229	322	1
229	329	1
229	364	1
229	571	2
229	738	2
229	1022	2
230	277	1
230	367	1
230	420	1
230	507	1
230	508	1
230	773	-2
230	954	-2
230	955	-2
231	478	1
231	543	-2
231	788	2
231	929	2
232	283	1
232	297	1
232	449	1
232	490	1
232	642	2
232	903	-2
232	923	2
233	304	1
233	323	1
233	416	1
233	431	1
233	558	-2
233	682	-2
233	880	2
234	334	1
234	456	1
234	696	-2
234	910	-2
234	992	2
235	238	1
235	239	1
235	404	1
235	648	-2
235	717	2
235	777	-2
236	318	1
236	417	1
236	752	2
236	883	2
236	944	2
237	308	1
237	490	1
237	497	1
237	574	2
237	960	-2
237	1020	-2
238	348	1
238	494	1
238	717	2
238	760	2
238	1008	2
239	320	1
239	404	1
239	648	-2
239	973	2
239	1010	-2
240	365	1
240	370	1
240	507	1
240	539	2
240	949	2
240	1006	2
241	339	1
241	666	2
241	704	2
241	985	2
242	259	1
242	268	1
242	328	1
242	389	1
242	538	-2
242	590	2
242	681	2
243	293	1
243	420	1
243	426	1
243	525	-2
243	627	-2
243	658	-2
244	294	1
244	376	1
244	453	1
244	644	-2
244	891	-2
244	940	2
245	411	1
245	586	2
245	652	-2
245	953	-2
246	268	1
246	332	1
246	404	1
246	580	-2
246	613	2
246	651	-2
247	251	1
247	286	1
247	376	1
247	388	1
247	528	2
247	603	-2
247	744	2
248	307	1
248	318	1
248	341	1
248	448	1
248	497	1
248	559	2
248	655	-2
248	743	-2
249	312	1
249	358	1
249	380	1
249	429	1
249	505	1
249	517	2
249	637	-2
249	873	-2
250	344	1
250	383	1
250	461	1
250	474	1
250	705	2
250	896	-2
250	961	2
251	257	1
251	306	1
251	388	1
251	568	-2
251	603	-2
251	1012	2
252	396	1
252	419	1
252	659	2
252	770	-2
252	1016	2
253	471	1
253	486	1
253	514	-2
253	663	2
253	867	-2
254	279	1
254	283	1
254	318	1
254	502	1
254	668	2
254	686	-2
254	918	-2
255	290	1
255	341	1
255	499	1
255	602	-2
255	672	-2
255	707	2
256	364	1
256	437	1
256	553	-2
256	733	2
256	888	2
257	275	1
257	306	1
257	347	1
257	442	1
257	493	1
257	932	-2
257	1004	-2
257	1012	2
258	298	1
258	337	1
258	440	1
258	844	2
258	913	-2
258	991	-2
259	309	1
259	328	1
259	456	1
259	590	2
259	661	2
259	900	-2
260	288	1
260	333	1
260	347	1
260	454	1
260	545	-2
260	921	-2
260	937	-2
261	300	1
261	320	1
261	321	1
261	328	1
261	436	1
261	569	-2
261	1000	2
261	1023	2
262	298	1
262	427	1
262	457	1
262	606	2
262	662	-2
262	893	-2
263	345	1
263	377	1
263	833	-2
263	860	-2
263	902	-2
264	275	1
264	334	1
264	358	1
264	581	-2
264	624	-2
264	998	-2
265	275	1
265	290	1
265	463	1
265	692	2
265	797	-2
265	946	2
266	288	1
266	331	1
266	578	2
266	845	2
266	1015	2
267	281	1
267	346	1
267	405	1
267	483	1
267	563	2
267	710	-2
267	884	-2
268	506	1
268	613	2
268	681	2
268	700	2
269	432	1
269	556	-2
269	595	2
269	787	-2
270	291	1
270	357	1
270	392	1
270	546	-2
270	582	2
270	816	-2
271	451	1
271	497	1
271	714	-2
271	912	-2
271	996	-2
272	342	1
272	385	1
272	456	1
272	486	1
272	487	1
272	551	-2
272	616	-2
272	857	-2
273	274	1
273	352	1
273	409	1
273	577	-2
273	748	2
273	812	-2
274	483	1
274	766	-2
274	812	-2
274	922	-2
275	347	1
275	692	2
275	932	-2
275	998	-2
276	326	1
276	381	1
276	432	1
276	633	2
276	670	-2
276	930	-2
277	385	1
277	400	1
277	507	1
277	735	2
277	773	-2
277	943	2
278	309	1
278	311	1
278	362	1
278	399	1
278	485	1
278	656	2
278	697	2
278	948	-2
279	294	1
279	318	1
279	685	2
279	686	-2
279	785	-2
280	346	1
280	408	1
280	757	-2
280	974	-2
280	982	2
281	285	1
281	367	1
281	405	1
281	710	-2
281	965	-2
281	1024	-2
282	342	1
282	354	1
282	562	2
282	669	-2
282	754	2
283	297	1
283	397	1
283	434	1
283	502	1
283	890	-2
283	918	-2
283	923	2
284	356	1
284	414	1
284	426	1
284	439	1
284	557	2
284	708	-2
284	977	2
285	398	1
285	407	1
285	516	2
285	965	-2
285	972	-2
286	376	1
286	428	1
286	528	2
286	724	2
286	941	-2
287	338	1
287	398	1
287	645	-2
287	678	-2
287	734	2
288	347	1
288	578	2
288	780	2
288	937	-2
289	384	1
289	419	1
289	499	1
289	617	-2
289	789	-2
289	917	2
290	499	1
290	672	-2
290	797	-2
290	947	-2
291	357	1
291	413	1
291	447	1
291	582	2
291	822	-2
291	877	-2
292	329	1
292	365	1
292	374	1
292	464	1
292	492	1
292	751	-2
292	786	2
292	879	2
293	300	1
293	420	1
293	452	1
293	487	1
293	536	-2
293	560	2
293	658	-2
294	412	1
294	685	2
294	858	2
294	891	-2
295	337	1
295	361	1
295	420	1
295	422	1
295	444	1
295	635	-2
295	721	-2
295	967	2
296	555	-2
296	566	-2
296	723	-2
297	348	1
297	622	2
297	694	-2
297	923	2
298	314	1
298	606	2
298	674	-2
298	844	2
299	387	1
299	391	1
299	451	1
299	638	2
299	747	-2
299	889	2
300	476	1
300	479	1
300	536	-2
300	868	-2
300	1000	2
301	462	1
301	480	1
301	801	-2
301	825	-2
301	966	2
302	315	1
302	618	2
302	646	-2
302	925	2
303	607	-2
303	711	2
303	831	2
304	369	1
304	416	1
304	422	1
304	509	1
304	682	-2
304	729	-2
304	987	-2
305	311	1
305	313	1
305	488	1
305	524	-2
305	550	-2
305	631	-2
306	346	1
306	537	-2
306	741	-2
306	1012	2
307	351	1
307	497	1
307	655	-2
307	772	-2
307	899	-2
308	390	1
308	784	2
308	818	2
308	1020	-2
309	319	1
309	661	2
309	697	2
309	994	2
310	324	1
310	421	1
310	835	2
310	904	-2
310	920	2
311	322	1
311	485	1
311	524	-2
311	571	2
311	948	-2
312	380	1
312	400	1
312	499	1
312	739	2
312	864	2
312	873	-2
313	382	1
313	426	1
313	498	1
313	550	-2
313	673	2
313	676	-2
314	363	1
314	364	1
314	475	1
314	533	-2
314	567	-2
314	674	-2
315	470	1
315	612	2
315	924	-2
315	925	2
316	329	1
316	388	1
316	401	1
316	421	1
316	614	2
316	774	2
316	1022	2
317	353	1
317	397	1
317	431	1
317	684	-2
317	732	2
317	887	-2
318	686	-2
318	743	-2
318	883	2
319	587	-2
319	688	2
319	994	2
320	328	1
320	423	1
320	461	1
320	604	-2
320	973	2
320	1023	2
321	350	1
321	436	1
321	561	-2
321	569	-2
321	978	2
322	379	1
322	571	2
322	639	-2
322	855	2
323	491	1
323	527	2
323	558	-2
323	691	-2
324	349	1
324	371	1
324	758	2
324	920	2
324	1014	2
325	414	1
325	468	1
325	679	-2
325	796	2
325	986	2
326	333	1
326	726	2
326	930	-2
326	1003	2
327	339	1
327	449	1
327	469	1
327	475	1
327	502	1
327	643	-2
327	749	-2
327	959	-2
328	373	1
328	590	2
328	675	-2
328	1023	2
329	464	1
329	636	2
329	786	2
329	1022	2
330	416	1
330	481	1
330	493	1
330	531	-2
330	811	-2
330	834	2
331	344	1
331	406	1
331	479	1
331	598	-2
331	819	2
331	845	2
332	404	1
332	458	1
332	470	1
332	490	1
332	580	-2
332	731	2
332	911	2
333	384	1
333	454	1
333	726	2
333	798	-2
333	921	-2
334	624	-2
334	696	-2
334	768	2
335	390	1
335	439	1
335	466	1
335	565	2
335	592	-2
335	615	2
336	369	1
336	552	-2
336	781	2
336	957	-2
337	420	1
337	721	-2
337	841	2
337	913	-2
338	471	1
338	570	-2
338	645	-2
338	898	-2
339	475	1
339	495	1
339	666	2
339	872	-2
339	959	-2
340	438	1
340	446	1
340	654	2
340	698	-2
340	1002	2
341	411	1
341	448	1
341	559	2
341	707	2
341	779	2
342	385	1
342	445	1
342	447	1
342	616	-2
342	619	-2
342	754	2
343	345	1
343	441	1
343	468	1
343	487	1
343	526	-2
343	928	-2
343	1009	-2
344	474	1
344	479	1
344	598	-2
344	705	2
344	866	-2
345	464	1
345	719	2
345	902	-2
345	928	-2
346	537	-2
346	563	2
346	757	-2
347	372	1
347	473	1
347	625	-2
347	932	-2
347	937	-2
348	523	-2
348	622	2
348	1008	2
349	448	1
349	916	2
349	950	-2
349	1014	2
350	422	1
350	434	1
350	809	-2
350	827	-2
350	978	2
351	503	1
351	718	2
351	772	-2
351	806	-2
352	409	1
352	503	1
352	532	2
352	699	-2
352	748	2
353	478	1
353	732	2
353	942	-2
353	945	2
354	389	1
354	562	2
354	795	-2
354	908	-2
355	389	1
355	393	1
355	664	2
355	905	-2
355	931	-2
356	435	1
356	439	1
356	449	1
356	623	-2
356	708	-2
356	875	2
357	433	1
357	480	1
357	519	-2
357	582	2
357	979	2
358	429	1
358	450	1
358	581	-2
358	637	-2
358	778	2
359	370	1
359	470	1
359	489	1
359	689	2
359	914	2
359	956	2
360	410	1
360	413	1
360	421	1
360	441	1
360	508	1
360	599	2
360	650	-2
360	716	2
361	472	1
361	635	-2
361	755	-2
361	962	2
362	366	1
362	390	1
362	399	1
362	656	2
362	713	2
362	981	-2
363	533	-2
363	605	2
363	935	2
364	475	1
364	567	-2
364	733	2
364	738	2
365	370	1
365	496	1
365	500	1
365	539	2
365	620	2
365	879	2
366	375	1
366	406	1
366	441	1
366	461	1
366	753	-2
366	769	-2
366	981	-2
367	420	1
367	444	1
367	453	1
367	737	2
367	955	-2
367	1024	-2
368	394	1
368	442	1
368	466	1
368	481	1
368	703	-2
368	712	2
368	763	-2
369	396	1
369	425	1
369	729	-2
369	894	-2
369	957	-2
370	539	2
370	689	2
370	820	2
371	383	1
371	418	1
371	428	1
371	572	2
371	740	-2
371	758	2
372	391	1
372	473	1
372	625	-2
372	897	-2
372	1021	-2
373	403	1
373	414	1
373	547	2
373	675	-2
373	771	2
374	457	1
374	462	1
374	492	1
374	501	1
374	736	2
374	751	-2
374	792	2
375	385	1
375	427	1
375	461	1
375	472	1
375	693	-2
375	769	-2
375	869	2
376	413	1
376	453	1
376	528	2
376	782	2
376	940	2
377	488	1
377	491	1
377	833	-2
377	842	-2
377	851	-2
378	392	1
378	455	1
378	473	1
378	506	1
378	761	2
378	964	-2
378	990	-2
379	639	-2
379	836	2
379	927	-2
380	401	1
380	476	1
380	501	1
380	843	-2
380	859	2
380	873	-2
381	626	2
381	633	2
381	951	-2
382	409	1
382	496	1
382	498	1
382	630	-2
382	653	2
382	673	2
383	428	1
383	461	1
383	572	2
383	861	2
383	961	2
384	512	1
384	594	2
384	798	-2
384	917	2
385	472	1
385	616	-2
385	869	2
385	943	2
386	454	1
386	489	1
386	511	1
386	548	2
386	862	2
386	876	-2
387	632	-2
387	746	2
387	889	2
388	401	1
388	603	-2
388	614	2
388	963	2
389	393	1
389	538	-2
389	908	-2
389	931	-2
390	615	2
390	713	2
390	818	2
391	638	2
391	909	2
391	1021	-2
392	810	-2
392	816	-2
392	964	-2
393	450	1
393	901	2
393	931	-2
393	999	-2
394	443	1
394	702	-2
394	763	-2
394	886	2
395	398	1
395	783	2
395	804	-2
395	976	-2
396	425	1
396	474	1
396	665	2
396	894	-2
396	1016	2
397	405	1
397	434	1
397	684	-2
397	890	-2
397	993	2
398	734	2
398	783	2
398	972	-2
399	465	1
399	540	2
399	656	2
399	969	-2
400	499	1
400	735	2
400	864	2
400	968	2
401	486	1
401	501	1
401	584	2
401	614	2
401	859	2
402	415	1
402	629	2
402	762	-2
402	1007	-2
403	435	1
403	436	1
403	476	1
403	575	-2
403	771	2
403	823	2
404	452	1
404	504	1
404	513	2
404	580	-2
404	648	-2
405	446	1
405	483	1
405	518	2
405	710	-2
405	993	2
406	441	1
406	753	-2
406	819	2
406	839	-2
407	472	1
407	516	2
407	671	2
407	814	-2
408	435	1
408	510	1
408	601	-2
408	974	-2
408	1017	-2
409	653	2
409	748	2
409	983	2
410	413	1
410	641	-2
410	650	-2
410	1013	-2
411	492	1
411	586	2
411	709	-2
411	779	2
412	415	1
412	419	1
412	730	-2
412	858	2
412	906	-2
413	650	-2
413	782	2
413	822	-2
414	547	2
414	679	-2
414	977	2
415	690	-2
415	730	-2
415	1007	-2
416	531	-2
416	682	-2
416	821	2
417	446	1
417	468	1
417	478	1
417	677	-2
417	752	2
417	756	-2
418	430	1
418	495	1
418	740	-2
418	832	-2
418	885	-2
419	770	-2
419	789	-2
419	906	-2
420	658	-2
420	721	-2
420	955	-2
421	441	1
421	716	2
421	774	2
421	904	-2
422	434	1
422	444	1
422	509	1
422	827	-2
422	967	2
422	987	-2
423	461	1
423	474	1
423	591	-2
423	604	-2
423	840	2
424	464	1
424	846	-2
424	874	2
424	1011	2
425	500	1
425	660	2
425	865	2
425	894	-2
426	557	2
426	627	-2
426	676	-2
427	662	-2
427	693	-2
427	854	-2
428	572	2
428	724	2
428	933	-2
429	573	-2
429	637	-2
429	722	2
430	529	2
430	720	2
430	832	-2
431	701	2
431	880	2
431	887	-2
432	504	1
432	505	1
432	556	-2
432	649	-2
432	670	-2
433	437	1
433	576	-2
433	936	2
433	979	2
434	549	2
434	827	-2
434	890	-2
435	823	2
435	875	2
435	1017	-2
436	476	1
436	569	-2
436	575	-2
436	907	2
437	553	-2
437	765	-2
437	936	2
438	494	1
438	511	1
438	698	-2
438	805	-2
438	971	2
439	466	1
439	565	2
439	708	-2
439	824	-2
440	554	2
440	895	2
440	991	-2
441	468	1
441	526	-2
441	716	2
441	753	-2
442	466	1
442	493	1
442	504	1
442	611	2
442	703	-2
442	1004	-2
443	455	1
443	702	-2
443	790	-2
443	939	2
444	453	1
444	737	2
444	967	2
444	984	-2
445	447	1
445	465	1
445	511	1
445	593	2
445	619	-2
445	829	-2
446	483	1
446	518	2
446	677	-2
446	1002	2
447	564	2
447	619	-2
447	877	-2
448	559	2
448	687	2
448	950	-2
449	623	-2
449	642	2
449	749	-2
450	667	2
450	778	2
450	901	2
451	647	2
451	747	-2
451	996	-2
452	487	1
452	500	1
452	504	1
452	513	2
452	520	2
452	560	2
453	737	2
453	838	2
453	940	2
454	463	1
454	484	1
454	489	1
454	597	-2
454	876	-2
454	921	-2
455	761	2
455	807	-2
455	939	2
456	486	1
456	551	-2
456	900	-2
456	992	2
457	462	1
457	736	2
457	893	-2
457	926	2
458	512	1
458	742	2
458	817	2
458	911	2
459	460	1
459	579	-2
459	776	-2
459	815	2
460	477	1
460	485	1
460	799	-2
460	800	-2
460	815	2
461	604	-2
461	769	-2
461	961	2
462	480	1
462	628	-2
462	736	2
462	966	2
463	484	1
463	588	-2
463	597	-2
463	946	2
464	719	2
464	786	2
464	1011	2
465	498	1
465	540	2
465	767	-2
465	829	-2
466	565	2
466	589	2
466	703	-2
467	481	1
467	495	1
467	505	1
467	609	2
467	803	-2
467	850	2
468	478	1
468	526	-2
468	756	-2
468	796	2
469	502	1
469	509	1
469	643	-2
469	847	-2
469	980	-2
470	490	1
470	731	2
470	914	2
470	924	-2
471	570	-2
471	727	2
471	867	-2
472	671	2
472	755	-2
472	869	2
473	506	1
473	625	-2
473	759	2
473	990	-2
474	591	-2
474	665	2
474	705	2
475	567	-2
475	585	-2
475	959	-2
476	479	1
476	575	-2
476	843	-2
476	868	-2
477	600	-2
477	800	-2
477	892	-2
478	543	-2
478	756	-2
478	945	2
479	530	2
479	598	-2
479	868	-2
480	519	-2
480	934	2
480	966	2
481	505	1
481	712	2
481	803	-2
481	834	2
482	488	1
482	521	-2
482	608	2
482	621	2
483	518	2
483	766	-2
483	884	-2
484	503	1
484	597	-2
484	849	2
484	870	2
485	501	1
485	799	-2
485	919	-2
485	948	-2
486	514	-2
486	551	-2
486	584	2
487	560	2
487	857	-2
487	1009	-2
488	521	-2
488	631	-2
488	842	-2
489	683	2
489	876	-2
489	956	2
490	497	1
490	731	2
490	903	-2
490	960	-2
491	515	-2
491	527	2
491	851	-2
492	512	1
492	709	-2
492	751	-2
492	791	-2
493	811	-2
493	1001	-2
493	1004	-2
494	506	1
494	511	1
494	760	2
494	764	-2
494	805	-2
495	850	2
495	872	-2
495	885	-2
496	500	1
496	620	2
496	630	-2
496	750	-2
497	655	-2
497	714	-2
497	960	-2
498	673	2
498	767	-2
498	881	2
499	617	-2
499	672	-2
499	864	2
500	520	2
500	620	2
500	660	2
501	792	2
501	859	2
501	919	-2
502	643	-2
502	882	-2
502	918	-2
503	532	2
503	806	-2
503	870	2
504	505	1
504	513	2
504	611	2
504	649	-2
505	517	2
505	649	-2
505	803	-2
506	700	2
506	764	-2
506	990	-2
507	773	-2
507	878	-2
507	1006	2
508	599	2
508	871	2
508	954	-2
509	802	2
509	847	-2
509	987	-2
510	601	-2
510	915	2
510	989	2
511	593	2
511	805	-2
511	862	2
512	594	2
512	791	-2
512	817	2
