1	1	1
2	2	-3
3	3	-1
4	4	-1
5	5	-1
6	6	3
7	7	-1
8	8	-1
9	9	3
10	10	-1
11	11	1
12	12	3
13	13	3
14	14	3
15	15	-1
16	16	-1
17	17	-1
18	18	-1
19	19	-3
20	20	1
21	21	3
22	22	1
23	23	-1
24	24	1
25	25	1
26	26	1
27	27	3
28	28	-1
29	29	-1
30	30	-1
31	31	1
32	32	-1
33	33	1
34	34	1
35	35	1
36	36	1
37	37	1
38	38	1
39	39	1
40	40	-1
41	41	-1
42	42	-1
43	43	-1
44	44	1
45	45	1
46	46	-3
47	47	1
48	48	3
49	49	-1
50	50	-1
51	51	-1
52	52	-1
53	53	-1
54	54	-1
55	55	3
56	56	-1
57	57	-1
58	58	-1
59	59	1
60	60	3
61	61	-1
62	62	1
63	63	-1
64	64	-3
65	65	-1
66	66	1
67	67	-1
68	68	-1
69	69	-1
70	70	3
71	71	1
72	72	1
73	73	3
74	74	3
75	75	1
76	76	3
77	77	1
78	78	-1
79	79	1
80	80	1
81	81	-1
82	82	-3
83	83	-1
84	84	-3
85	85	1
86	86	1
87	87	-3
88	88	1
89	89	-1
90	90	-1
91	91	-1
92	92	-1
93	93	-1
94	94	1
95	95	-1
96	96	3
97	97	1
98	98	-3
99	99	1
100	100	1
101	101	1
102	102	1
103	103	1
104	104	-1
105	105	-1
106	106	-1
107	107	1
108	108	1
109	109	-3
110	110	1
111	111	3
112	112	-1
113	113	-1
114	114	3
115	115	-3
116	116	1
117	117	-1
118	118	3
119	119	1
120	120	3
121	121	3
122	122	1
123	123	-1
124	124	3
125	125	1
126	126	1
127	127	1
128	128	1
129	129	1
130	130	1
131	131	1
132	132	1
133	133	1
134	134	1
135	135	-3
136	136	-1
137	137	1
138	138	1
139	139	-1
140	140	1
141	141	-1
142	142	-3
143	143	-3
144	144	-1
145	145	1
146	146	1
147	147	-1
148	148	-1
149	149	-1
150	150	1
151	151	1
152	152	1
153	153	1
154	154	-3
155	155	1
156	156	-3
157	157	3
158	158	-1
159	159	-3
160	160	-3
161	161	-1
162	162	-1
163	163	-3
164	164	-1
165	165	-1
166	166	1
167	167	1
168	168	1
169	169	1
170	170	-1
171	171	-1
172	172	1
173	173	1
174	174	1
175	175	-1
176	176	1
177	177	-2
178	178	2
179	179	2
180	180	2
181	181	-2
182	182	-2
183	183	2
184	184	-2
185	185	-2
186	186	-2
187	187	-2
188	188	-2
189	189	-2
190	190	2
191	191	2
192	192	-2
193	193	-2
194	194	-2
195	195	-2
196	196	-2
197	197	-2
198	198	2
199	199	-2
200	200	-2
201	201	-2
202	202	-2
203	203	-2
204	204	2
205	205	-2
206	206	-2
207	207	2
208	208	2
209	209	2
210	210	2
211	211	2
212	212	-2
213	213	-2
214	214	2
215	215	-2
216	216	-2
217	217	2
218	218	-2
219	219	2
220	220	-2
221	221	-2
222	222	-2
223	223	-2
224	224	2
225	225	-2
226	226	-2
227	227	-2
228	228	-2
229	229	-2
230	230	-2
231	231	2
232	232	-2
233	233	-2
234	234	2
235	235	2
236	236	-2
237	237	2
238	238	-2
239	239	2
240	240	2
241	241	2
242	242	-2
243	243	2
244	244	-2
245	245	2
246	246	-2
247	247	2
248	248	2
249	249	-2
250	250	-2
251	251	2
252	252	-2
253	253	-2
254	254	2
255	255	2
256	256	2
257	257	2
258	258	2
259	259	2
260	260	-2
261	261	2
262	262	-2
263	263	2
264	264	2
265	265	2
266	266	-2
267	267	2
268	268	-2
269	269	-2
270	270	2
271	271	-2
272	272	-2
273	273	-2
274	274	-2
275	275	2
276	276	2
277	277	-2
278	278	2
279	279	-2
280	280	-2
281	281	-2
282	282	2
283	283	2
284	284	-2
285	285	2
286	286	-2
287	287	-2
288	288	-2
289	289	2
290	290	2
291	291	2
292	292	-2
293	293	-2
294	294	-2
295	295	-2
296	296	2
297	297	2
298	298	-2
299	299	2
300	300	2
301	301	2
302	302	-2
303	303	-2
304	304	2
305	305	-2
306	306	-2
307	307	-2
308	308	2
309	309	-2
310	310	2
311	311	-2
312	312	-2
313	313	2
314	314	2
315	315	-2
316	316	2
317	317	-2
318	318	2
319	319	-2
320	320	2
321	321	-2
322	322	-2
323	323	-2
324	324	-2
325	325	2
326	326	2
327	327	-2
328	328	2
329	329	-2
330	330	-2
331	331	-2
332	332	2
333	333	-2
334	334	-2
335	335	2
336	336	-2
337	337	2
338	338	2
339	339	-2
340	340	-2
341	341	-2
342	342	2
343	343	2
344	344	2
345	345	2
346	346	-2
347	347	-2
348	348	-2
349	349	2
350	350	-2
351	351	2
352	352	-2
1	33	1
1	49	2
1	74	1
1	98	1
1	162	1
1	185	2
1	186	-2
1	218	-2
2	7	1
2	34	1
2	46	1
2	104	1
2	152	1
2	154	1
2	239	-2
2	341	2
2	345	-2
3	66	1
3	67	1
3	98	1
3	133	1
3	151	2
3	261	2
3	277	2
3	342	-2
4	6	1
4	57	1
4	101	1
4	108	1
4	127	1
4	135	1
4	244	-2
4	263	-2
4	303	2
5	16	1
5	42	1
5	105	1
5	114	1
5	128	1
5	176	1
5	253	2
5	321	2
5	322	-2
6	57	1
6	60	1
6	125	1
6	127	1
6	130	1
6	193	-2
6	242	-2
6	244	-2
7	34	1
7	43	1
7	59	1
7	101	1
7	132	1
7	250	-2
7	320	-2
7	345	-2
8	68	1
8	71	1
8	78	1
8	147	1
8	149	1
8	163	1
8	219	-2
8	251	-2
8	294	-2
9	11	1
9	17	1
9	28	1
9	62	1
9	137	1
9	149	1
9	189	-2
9	235	2
9	314	2
10	22	1
10	56	1
10	57	1
10	70	1
10	160	1
10	162	1
10	197	2
10	212	-2
10	248	-2
11	25	1
11	28	1
11	80	1
11	98	1
11	168	1
11	314	2
11	319	2
11	350	-2
12	48	1
12	55	1
12	66	1
12	96	1
12	165	1
12	169	1
12	198	2
12	270	2
12	279	-2
13	14	1
13	31	1
13	55	1
13	61	1
13	67	1
13	164	1
13	217	2
13	225	-2
13	326	2
14	71	1
14	125	1
14	164	1
14	166	1
14	172	1
14	217	2
14	223	-2
14	240	2
15	17	1
15	40	1
15	41	1
15	118	1
15	129	1
15	169	1
15	188	-2
15	272	2
15	348	2
16	32	1
16	42	1
16	58	1
16	85	1
16	106	1
16	289	2
16	321	2
16	339	2
17	41	1
17	46	1
17	149	1
17	163	1
17	235	2
17	260	2
17	348	2
18	26	1
18	36	1
18	73	1
18	100	1
18	104	1
18	139	1
18	201	2
18	291	-2
18	312	-2
19	20	1
19	36	1
19	49	1
19	52	1
19	95	1
19	146	1
19	203	2
19	310	-2
19	327	2
20	36	1
20	74	1
20	121	1
20	157	1
20	169	1
20	290	2
20	309	-2
20	327	2
21	60	1
21	76	1
21	112	1
21	116	1
21	168	1
21	176	1
21	255	2
21	318	2
21	337	2
22	24	1
22	52	1
22	70	1
22	71	1
22	106	1
22	212	-2
22	256	-2
22	304	2
23	26	1
23	29	1
23	54	1
23	148	1
23	149	1
23	150	1
23	297	-2
23	306	2
23	325	2
24	45	1
24	52	1
24	94	1
24	139	1
24	160	1
24	285	-2
24	299	2
24	304	2
25	47	1
25	80	1
25	83	1
25	108	1
25	161	1
25	202	-2
25	338	-2
25	350	-2
26	62	1
26	124	1
26	139	1
26	148	1
26	226	-2
26	291	-2
26	325	2
27	34	1
27	70	1
27	85	1
27	88	1
27	107	1
27	170	1
27	206	-2
27	230	-2
27	281	-2
28	80	1
28	82	1
28	134	1
28	141	1
28	282	-2
28	314	2
28	324	2
29	41	1
29	88	1
29	138	1
29	149	1
29	156	1
29	207	2
29	297	-2
29	330	2
30	59	1
30	63	1
30	76	1
30	105	1
30	115	1
30	126	1
30	184	2
30	296	-2
30	333	-2
31	39	1
31	61	1
31	67	1
31	108	1
31	143	1
31	268	-2
31	326	2
31	329	2
32	44	1
32	46	1
32	58	1
32	97	1
32	102	1
32	204	2
32	339	2
32	349	-2
33	45	1
33	68	1
33	74	1
33	100	1
33	109	1
33	218	-2
33	278	-2
33	347	-2
34	103	1
34	107	1
34	124	1
34	206	-2
34	308	2
34	345	-2
35	37	1
35	44	1
35	94	1
35	137	1
35	164	1
35	166	1
35	229	-2
35	241	2
35	245	-2
36	42	1
36	73	1
36	91	1
36	209	2
36	312	-2
36	327	2
37	44	1
37	72	1
37	87	1
37	106	1
37	111	1
37	208	-2
37	241	2
37	264	2
38	94	1
38	107	1
38	111	1
38	134	1
38	139	1
38	146	1
38	187	-2
38	224	2
38	351	-2
39	47	1
39	108	1
39	130	1
39	166	1
39	176	1
39	205	2
39	268	-2
39	346	-2
40	79	1
40	82	1
40	91	1
40	118	1
40	148	1
40	188	-2
40	214	-2
40	311	2
41	72	1
41	110	1
41	156	1
41	254	2
41	330	2
41	348	2
42	91	2
42	136	1
42	209	2
42	243	-2
42	321	2
43	53	1
43	120	1
43	132	1
43	147	1
43	158	1
43	234	2
43	284	2
43	320	-2
44	46	1
44	99	1
44	116	1
44	195	-2
44	241	2
44	349	-2
45	50	1
45	87	1
45	94	1
45	100	1
45	271	2
45	299	2
45	347	-2
46	154	1
46	163	1
46	239	-2
46	260	2
46	349	-2
47	108	1
47	113	1
47	140	1
47	176	1
47	181	2
47	202	-2
47	346	-2
48	55	1
48	78	1
48	129	1
48	144	1
48	146	1
48	182	-2
48	190	2
48	270	2
49	52	1
49	98	1
49	162	1
49	185	2
49	186	-2
49	310	-2
50	83	1
50	86	1
50	87	1
50	153	1
50	170	1
50	271	2
50	275	2
50	295	2
51	68	1
51	84	1
51	122	1
51	127	1
51	132	1
51	141	1
51	180	2
51	216	2
51	283	-2
52	64	1
52	162	1
52	191	-2
52	304	2
52	310	-2
53	59	1
53	69	1
53	110	1
53	158	1
53	171	1
53	284	2
53	317	2
53	352	-2
54	69	1
54	90	1
54	132	1
54	142	1
54	150	1
54	178	-2
54	236	-2
54	306	2
55	67	1
55	138	1
55	168	1
55	225	-2
55	269	-2
55	270	2
56	57	1
56	58	1
56	81	1
56	131	2
56	197	2
56	220	-2
56	231	-2
57	89	1
57	109	1
57	197	2
57	244	-2
57	302	2
58	93	1
58	131	1
58	172	1
58	213	2
58	220	-2
58	339	2
59	101	1
59	110	1
59	115	1
59	184	2
59	250	-2
59	352	-2
60	89	1
60	122	1
60	130	1
60	168	1
60	242	-2
60	255	2
60	265	2
61	161	1
61	163	1
61	165	1
61	174	1
61	258	-2
61	315	2
61	326	2
62	85	1
62	124	1
62	137	1
62	143	1
62	189	-2
62	226	-2
62	298	2
63	65	1
63	76	1
63	125	1
63	153	1
63	154	1
63	237	-2
63	333	-2
63	334	2
64	78	1
64	89	1
64	112	1
64	155	1
64	162	1
64	191	-2
64	221	2
64	222	2
65	99	1
65	122	1
65	145	1
65	154	1
65	170	1
65	227	-2
65	249	2
65	334	2
66	67	1
66	133	1
66	153	1
66	169	1
66	198	2
66	210	2
66	342	-2
67	143	1
67	225	-2
67	329	2
67	342	-2
68	71	1
68	109	1
68	122	1
68	278	-2
68	283	-2
68	294	-2
69	120	1
69	130	1
69	142	1
69	171	1
69	178	-2
69	259	2
69	317	2
70	81	1
70	88	1
70	119	1
70	212	-2
70	230	-2
70	287	-2
71	106	1
71	125	1
71	240	2
71	256	-2
71	294	-2
72	92	1
72	109	1
72	110	1
72	111	1
72	254	2
72	264	2
72	328	-2
73	75	1
73	83	1
73	128	1
73	131	1
73	196	-2
73	233	-2
73	312	-2
74	99	1
74	157	1
74	158	1
74	218	-2
74	267	2
74	309	-2
75	86	1
75	102	1
75	111	1
75	128	1
75	136	1
75	196	-2
75	252	2
75	257	2
76	112	1
76	114	1
76	171	1
76	293	-2
76	333	-2
76	337	2
77	113	1
77	114	1
77	119	1
77	135	1
77	152	1
77	175	1
77	194	-2
77	286	2
77	343	2
78	112	1
78	129	1
78	163	1
78	182	-2
78	221	2
78	251	-2
79	82	1
79	92	1
79	104	1
79	136	1
79	174	1
79	214	-2
79	228	-2
79	247	2
80	82	1
80	97	1
80	167	1
80	266	-2
80	324	2
80	350	-2
81	119	1
81	131	1
81	133	1
81	148	1
81	231	-2
81	287	-2
81	332	-2
82	97	1
82	110	1
82	177	2
82	214	-2
82	324	2
83	131	1
83	161	1
83	170	1
83	233	-2
83	295	2
83	338	-2
84	93	1
84	141	1
84	143	1
84	171	1
84	173	1
84	216	2
84	273	2
84	340	2
85	106	1
85	143	1
85	170	1
85	281	-2
85	289	2
85	298	2
86	95	1
86	117	1
86	136	1
86	153	1
86	215	-2
86	252	2
86	275	2
87	92	1
87	106	1
87	159	1
87	208	-2
87	271	2
87	280	2
88	115	1
88	138	1
88	144	1
88	207	2
88	230	-2
88	316	-2
89	109	1
89	122	1
89	155	1
89	222	2
89	265	2
89	302	2
90	102	1
90	105	1
90	112	1
90	132	1
90	167	1
90	211	-2
90	236	-2
90	238	2
91	136	1
91	148	1
91	209	2
91	243	-2
91	311	2
92	109	1
92	136	1
92	159	1
92	228	-2
92	280	2
92	328	-2
93	141	1
93	151	1
93	172	1
93	173	1
93	213	2
93	331	-2
93	340	2
94	107	1
94	166	1
94	229	-2
94	299	2
94	351	-2
95	116	1
95	117	1
95	145	1
95	146	1
95	203	2
95	215	-2
95	246	2
96	121	1
96	126	1
96	137	1
96	165	1
96	174	1
96	279	-2
96	313	2
96	344	2
97	102	1
97	110	1
97	167	1
97	177	2
97	204	2
97	266	-2
98	151	1
98	168	1
98	185	2
98	277	2
98	319	2
99	116	1
99	158	1
99	170	1
99	195	-2
99	249	2
99	267	2
100	103	1
100	104	1
100	128	1
100	201	2
100	232	-2
100	347	-2
101	118	1
101	126	1
101	135	1
101	200	-2
101	250	-2
101	263	-2
102	105	1
102	111	1
102	204	2
102	238	2
102	257	2
103	124	1
103	128	1
103	156	1
103	164	1
103	232	-2
103	292	2
103	308	2
104	152	1
104	174	1
104	201	2
104	247	2
104	341	2
105	114	1
105	126	1
105	238	2
105	296	-2
105	322	-2
106	208	-2
106	256	-2
106	289	2
107	123	1
107	152	1
107	206	-2
107	323	-2
107	351	-2
108	127	1
108	202	-2
108	268	-2
108	303	2
109	278	-2
109	302	2
109	328	-2
110	177	2
110	254	2
110	352	-2
111	139	1
111	224	2
111	257	2
111	264	2
112	167	1
112	211	-2
112	221	2
112	337	2
113	124	1
113	135	1
113	140	1
113	172	1
113	181	2
113	286	2
113	307	-2
114	152	1
114	171	1
114	194	-2
114	293	-2
114	322	-2
115	117	1
115	138	1
115	144	1
115	184	2
115	316	-2
115	335	-2
116	145	1
116	176	1
116	195	-2
116	246	2
116	318	2
117	138	1
117	160	1
117	175	1
117	215	-2
117	262	2
117	335	-2
118	126	1
118	140	1
118	173	1
118	188	-2
118	192	-2
118	200	-2
119	147	1
119	154	1
119	175	1
119	276	-2
119	287	-2
119	343	2
120	130	1
120	134	1
120	147	1
120	155	1
120	199	-2
120	234	2
120	259	2
121	129	1
121	137	1
121	169	1
121	173	1
121	288	-2
121	290	2
121	344	2
122	145	1
122	227	-2
122	265	2
122	283	-2
123	142	2
123	152	1
123	159	1
123	175	1
123	274	2
123	301	-2
123	323	-2
124	172	1
124	226	-2
124	307	-2
124	308	2
125	127	1
125	153	1
125	193	-2
125	237	-2
125	240	2
126	174	1
126	200	-2
126	296	-2
126	313	2
127	132	1
127	180	2
127	193	-2
127	303	2
128	176	1
128	196	-2
128	232	-2
128	253	2
129	169	1
129	173	1
129	182	-2
129	272	2
129	288	-2
130	166	1
130	205	2
130	242	-2
130	259	2
131	220	-2
131	231	-2
131	233	-2
132	180	2
132	236	-2
132	320	-2
133	148	1
133	151	1
133	153	1
133	210	2
133	261	2
133	332	-2
134	141	1
134	146	1
134	155	1
134	187	-2
134	199	-2
134	282	-2
135	156	1
135	165	1
135	183	-2
135	263	-2
135	286	2
136	228	-2
136	243	-2
136	252	2
137	164	1
137	189	-2
137	245	-2
137	344	2
138	168	1
138	207	2
138	269	-2
138	335	-2
139	160	1
139	224	2
139	285	-2
139	291	-2
140	150	1
140	157	1
140	173	1
140	181	2
140	192	-2
140	300	2
141	151	1
141	216	2
141	282	-2
141	331	-2
142	159	1
142	175	1
142	178	-2
142	274	2
142	301	-2
143	171	1
143	273	2
143	298	2
143	329	2
144	146	1
144	158	1
144	159	1
144	190	2
144	316	-2
144	336	2
145	150	1
145	161	1
145	227	-2
145	246	2
145	305	-2
146	187	-2
146	190	2
146	203	2
147	149	1
147	154	1
147	219	-2
147	234	2
147	276	-2
148	311	2
148	325	2
148	332	-2
149	219	-2
149	235	2
149	297	-2
150	157	1
150	161	1
150	300	2
150	305	-2
150	306	2
151	261	2
151	277	2
151	331	-2
152	194	-2
152	323	-2
152	341	2
153	210	2
153	237	-2
153	275	2
154	239	-2
154	276	-2
154	334	2
155	157	1
155	167	1
155	179	2
155	199	-2
155	222	2
156	164	1
156	165	1
156	183	-2
156	292	2
156	330	2
157	167	1
157	179	2
157	300	2
157	309	-2
158	159	1
158	267	2
158	284	2
158	336	2
159	274	2
159	280	2
159	336	2
160	162	1
160	175	1
160	248	-2
160	262	2
160	285	-2
161	174	1
161	258	-2
161	305	-2
161	338	-2
162	186	-2
162	191	-2
162	248	-2
163	165	1
163	251	-2
163	260	2
163	315	2
164	217	2
164	245	-2
164	292	2
165	183	-2
165	279	-2
165	315	2
166	172	1
166	205	2
166	223	-2
166	229	-2
167	179	2
167	211	-2
167	266	-2
168	255	2
168	269	-2
168	319	2
169	198	2
169	272	2
169	290	2
170	249	2
170	281	-2
170	295	2
171	273	2
171	293	-2
171	317	2
172	213	2
172	223	-2
172	307	-2
173	192	-2
173	288	-2
173	340	2
174	247	2
174	258	-2
174	313	2
175	262	2
175	301	-2
175	343	2
176	253	2
176	318	2
176	346	-2
