1	1	1
2	2	3
3	3	1
4	4	-1
5	5	-3
6	6	1
7	7	-1
8	8	-1
9	9	-1
10	10	3
11	11	3
12	12	-1
13	13	-1
14	14	-1
15	15	1
16	16	-3
17	17	-1
18	18	1
19	19	-1
20	20	1
21	21	-1
22	22	1
23	23	-1
24	24	3
25	25	1
26	26	-1
27	27	-1
28	28	1
29	29	-1
30	30	1
31	31	1
32	32	-1
33	33	1
34	34	1
35	35	3
36	36	-3
37	37	-3
38	38	-3
39	39	1
40	40	-1
41	41	-1
42	42	1
43	43	3
44	44	1
45	45	-1
46	46	-1
47	47	1
48	48	1
49	49	-1
50	50	-1
51	51	-1
52	52	-3
53	53	-1
54	54	-3
55	55	-3
56	56	1
57	57	-3
58	58	-3
59	59	1
60	60	-3
61	61	-1
62	62	1
63	63	1
64	64	-3
65	65	-3
66	66	-1
67	67	1
68	68	-1
69	69	1
70	70	-1
71	71	1
72	72	1
73	73	1
74	74	-1
75	75	-1
76	76	3
77	77	-1
78	78	-1
79	79	1
80	80	3
81	81	1
82	82	-1
83	83	1
84	84	-3
85	85	1
86	86	1
87	87	-3
88	88	-3
89	89	-1
90	90	1
91	91	-1
92	92	1
93	93	-1
94	94	1
95	95	1
96	96	1
97	97	-1
98	98	3
99	99	1
100	100	3
101	101	-1
102	102	-1
103	103	1
104	104	-1
105	105	-1
106	106	-1
107	107	-3
108	108	1
109	109	-1
110	110	1
111	111	-1
112	112	-1
113	113	1
114	114	3
115	115	1
116	116	-3
117	117	-1
118	118	1
119	119	1
120	120	-1
121	121	-3
122	122	1
123	123	1
124	124	-3
125	125	-3
126	126	-1
127	127	-1
128	128	-1
129	129	-1
130	130	-3
131	131	-1
132	132	-1
133	133	-1
134	134	-1
135	135	-3
136	136	-3
137	137	1
138	138	-3
139	139	-3
140	140	1
141	141	-3
142	142	-1
143	143	1
144	144	1
145	145	-1
146	146	-3
147	147	1
148	148	-3
149	149	1
150	150	-1
151	151	1
152	152	1
153	153	-1
154	154	1
155	155	-1
156	156	1
157	157	-1
158	158	-1
159	159	1
160	160	-1
161	161	1
162	162	1
163	163	-3
164	164	-1
165	165	-3
166	166	1
167	167	3
168	168	-1
169	169	-2
170	170	2
171	171	-2
172	172	2
173	173	2
174	174	2
175	175	2
176	176	-2
177	177	2
178	178	2
179	179	2
180	180	-2
181	181	2
182	182	-2
183	183	2
184	184	2
185	185	-2
186	186	-2
187	187	-2
188	188	-2
189	189	2
190	190	2
191	191	2
192	192	-2
193	193	2
194	194	2
195	195	-2
196	196	-2
197	197	2
198	198	2
199	199	2
200	200	-2
201	201	-2
202	202	-2
203	203	2
204	204	2
205	205	-2
206	206	2
207	207	-2
208	208	2
209	209	2
210	210	2
211	211	2
212	212	-2
213	213	-2
214	214	2
215	215	-2
216	216	2
217	217	2
218	218	2
219	219	-2
220	220	2
221	221	2
222	222	2
223	223	-2
224	224	-2
225	225	-2
226	226	2
227	227	-2
228	228	-2
229	229	-2
230	230	-2
231	231	2
232	232	-2
233	233	2
234	234	2
235	235	2
236	236	2
237	237	-2
238	238	2
239	239	2
240	240	2
241	241	-2
242	242	-2
243	243	2
244	244	2
245	245	-2
246	246	2
247	247	-2
248	248	-2
249	249	2
250	250	2
251	251	-2
252	252	2
253	253	2
254	254	-2
255	255	-2
256	256	2
257	257	-2
258	258	2
259	259	-2
260	260	-2
261	261	-2
262	262	-2
263	263	2
264	264	2
265	265	2
266	266	-2
267	267	2
268	268	2
269	269	2
270	270	2
271	271	2
272	272	-2
273	273	2
274	274	2
275	275	2
276	276	2
277	277	-2
278	278	2
279	279	2
280	280	-2
281	281	2
282	282	-2
283	283	-2
284	284	-2
285	285	-2
286	286	-2
287	287	-2
288	288	2
289	289	-2
290	290	2
291	291	2
292	292	2
293	293	-2
294	294	-2
295	295	-2
296	296	2
297	297	2
298	298	2
299	299	-2
300	300	-2
301	301	-2
302	302	2
303	303	2
304	304	-2
305	305	2
306	306	-2
307	307	-2
308	308	-2
309	309	-2
310	310	2
311	311	2
312	312	2
313	313	-2
314	314	-2
315	315	2
316	316	2
317	317	2
318	318	2
319	319	-2
320	320	-2
321	321	2
322	322	-2
323	323	-2
324	324	2
325	325	2
326	326	-2
327	327	2
328	328	-2
329	329	-2
330	330	2
331	331	-2
332	332	2
333	333	2
334	334	2
335	335	-2
336	336	2
1	32	1
1	72	1
1	74	1
1	101	1
1	134	1
1	157	1
1	248	-2
1	310	-2
1	335	-2
2	31	1
2	42	1
2	62	1
2	100	1
2	114	1
2	147	1
2	176	-2
2	317	2
2	321	2
3	6	1
3	58	1
3	100	1
3	128	1
3	133	1
3	145	1
3	175	2
3	273	-2
3	331	-2
4	48	1
4	56	1
4	87	1
4	123	1
4	148	1
4	160	1
4	284	2
4	296	2
4	323	2
5	39	1
5	55	1
5	63	1
5	132	1
5	138	1
5	152	1
5	213	2
5	227	2
5	238	-2
6	57	1
6	69	1
6	98	1
6	128	1
6	156	1
6	175	2
6	200	-2
6	293	2
7	22	1
7	51	1
7	93	1
7	120	1
7	157	1
7	161	1
7	231	-2
7	261	2
7	333	2
8	34	1
8	53	1
8	62	1
8	63	1
8	118	1
8	142	1
8	253	2
8	275	-2
8	303	-2
9	12	1
9	54	1
9	59	1
9	104	1
9	140	1
9	141	1
9	182	2
9	209	-2
9	311	2
10	11	1
10	34	1
10	43	1
10	103	1
10	129	1
10	159	1
10	228	-2
10	247	-2
10	305	2
11	33	1
11	42	1
11	43	1
11	71	1
11	82	1
11	189	2
11	197	2
11	228	-2
12	54	1
12	77	1
12	85	1
12	120	1
12	128	1
12	209	-2
12	240	-2
12	313	-2
13	19	1
13	38	1
13	43	1
13	58	1
13	59	1
13	67	1
13	180	2
13	302	2
13	314	2
14	22	1
14	36	1
14	40	1
14	47	1
14	163	1
14	167	1
14	184	-2
14	267	2
14	290	-2
15	26	1
15	49	1
15	88	1
15	97	1
15	109	1
15	125	1
15	289	-2
15	297	2
15	325	-2
16	52	2
16	61	1
16	109	1
16	128	1
16	166	1
16	171	2
16	217	-2
16	287	2
17	21	1
17	43	1
17	83	1
17	130	1
17	142	1
17	154	1
17	218	-2
17	225	2
17	232	-2
18	19	1
18	20	1
18	30	1
18	37	1
18	159	1
18	161	1
18	172	-2
18	185	-2
18	211	2
19	29	1
19	30	1
19	36	1
19	67	1
19	185	-2
19	314	2
19	327	-2
20	25	1
20	87	1
20	147	1
20	158	1
20	161	1
20	177	2
20	195	2
20	211	2
21	25	1
21	35	1
21	84	1
21	116	1
21	142	1
21	208	-2
21	225	2
21	251	-2
22	109	1
22	127	1
22	161	1
22	167	1
22	267	2
22	277	2
22	333	2
23	65	1
23	82	1
23	117	1
23	129	1
23	151	1
23	166	1
23	194	-2
23	233	2
23	307	2
24	33	1
24	61	1
24	110	1
24	113	1
24	152	1
24	156	1
24	262	-2
24	282	-2
24	298	2
25	29	1
25	35	1
25	87	1
25	155	1
25	195	2
25	236	2
25	251	-2
26	46	1
26	83	1
26	109	1
26	124	1
26	143	1
26	210	-2
26	289	-2
26	301	2
27	51	1
27	71	1
27	90	1
27	92	1
27	161	1
27	162	1
27	191	-2
27	222	-2
27	322	-2
28	30	1
28	68	1
28	80	1
28	97	1
28	101	1
28	122	1
28	169	-2
28	196	-2
28	268	-2
29	36	1
29	41	1
29	55	1
29	155	1
29	178	-2
29	236	2
29	327	-2
30	72	1
30	122	1
30	168	1
30	169	-2
30	185	-2
30	315	-2
31	42	1
31	108	1
31	115	1
31	126	1
31	143	1
31	237	-2
31	258	-2
31	317	2
32	55	1
32	57	1
32	65	1
32	134	1
32	158	1
32	244	-2
32	318	-2
32	335	-2
33	71	1
33	84	1
33	152	1
33	158	1
33	197	2
33	219	2
33	262	-2
34	53	1
34	92	1
34	102	1
34	103	1
34	275	-2
34	305	2
34	308	-2
35	91	1
35	108	1
35	123	1
35	167	1
35	251	-2
35	295	-2
35	326	-2
36	44	1
36	124	1
36	163	1
36	223	2
36	290	-2
36	327	-2
37	64	1
37	105	1
37	155	1
37	159	1
37	163	1
37	172	-2
37	235	-2
37	281	-2
38	54	2
38	58	1
38	136	1
38	140	1
38	180	2
38	254	2
38	288	-2
39	63	1
39	83	1
39	86	1
39	105	1
39	144	1
39	173	2
39	181	2
39	238	-2
40	47	1
40	114	1
40	121	1
40	132	1
40	141	1
40	184	-2
40	224	-2
40	260	2
41	55	1
41	66	1
41	126	1
41	146	1
41	151	1
41	178	-2
41	193	2
41	274	-2
42	75	1
42	82	1
42	139	1
42	174	-2
42	189	2
42	317	2
43	59	1
43	83	1
43	228	-2
43	232	-2
43	302	2
44	46	1
44	98	1
44	117	1
44	124	1
44	150	1
44	223	2
44	266	-2
44	304	-2
45	60	1
45	89	1
45	107	1
45	111	1
45	112	1
45	131	1
45	202	-2
45	276	-2
45	309	2
46	58	1
46	83	1
46	147	1
46	150	1
46	215	2
46	266	-2
46	301	2
47	76	1
47	79	1
47	106	1
47	154	1
47	184	-2
47	256	2
47	330	2
48	72	1
48	81	1
48	87	1
48	89	1
48	110	1
48	250	2
48	284	2
48	332	2
49	50	1
49	78	1
49	97	1
49	117	1
49	136	1
49	279	-2
49	285	2
49	297	2
50	115	1
50	117	1
50	124	1
50	134	1
50	144	1
50	245	2
50	259	-2
50	285	2
51	139	1
51	157	1
51	162	1
51	168	1
51	203	-2
51	261	2
51	322	-2
52	61	1
52	88	1
52	109	1
52	146	1
52	171	2
52	204	-2
52	217	-2
53	60	1
53	70	1
53	86	1
53	126	1
53	220	2
53	257	2
53	275	-2
54	136	1
54	140	1
54	209	-2
54	254	2
54	288	-2
55	57	1
55	138	1
55	178	-2
55	227	2
55	244	-2
56	74	2
56	85	1
56	97	1
56	123	1
56	201	-2
56	239	-2
56	296	2
57	106	1
57	137	1
57	156	1
57	244	-2
57	293	2
57	306	2
58	145	1
58	147	1
58	180	2
58	215	2
58	273	-2
59	86	1
59	95	1
59	140	1
59	302	2
59	311	2
59	316	-2
60	111	1
60	126	1
60	150	1
60	164	1
60	257	2
60	269	-2
60	276	-2
61	113	1
61	121	1
61	153	1
61	171	2
61	282	-2
61	286	2
62	73	1
62	94	1
62	114	1
62	142	1
62	241	-2
62	303	-2
62	321	2
63	81	1
63	118	1
63	160	1
63	238	-2
63	253	2
63	324	2
64	96	1
64	113	1
64	135	1
64	155	1
64	163	1
64	278	-2
64	281	-2
64	328	2
65	117	1
65	118	1
65	130	1
65	158	1
65	291	-2
65	307	2
65	318	-2
66	79	1
66	125	1
66	127	1
66	134	1
66	151	1
66	193	2
66	271	-2
66	283	2
67	77	1
67	78	1
67	96	1
67	137	1
67	198	2
67	199	2
67	314	2
68	69	1
68	97	1
68	122	1
68	151	1
68	167	1
68	252	2
68	263	-2
68	268	-2
69	98	1
69	103	1
69	151	1
69	156	1
69	200	-2
69	263	-2
69	294	-2
70	86	1
70	110	1
70	116	1
70	131	1
70	148	1
70	206	-2
70	220	2
70	264	-2
71	90	1
71	95	1
71	153	1
71	197	2
71	222	-2
71	280	-2
72	89	1
72	157	1
72	168	1
72	248	-2
72	315	-2
72	332	2
73	77	1
73	94	1
73	99	1
73	121	1
73	164	1
73	229	-2
73	241	-2
73	255	2
74	85	1
74	97	1
74	101	1
74	201	-2
74	239	-2
74	310	-2
75	80	1
75	93	1
75	104	1
75	139	1
75	146	1
75	174	-2
75	183	-2
75	243	2
76	80	1
76	106	1
76	118	1
76	119	1
76	145	1
76	212	-2
76	256	2
76	334	2
77	78	1
77	121	1
77	128	1
77	198	2
77	240	-2
77	255	2
78	89	1
78	136	1
78	149	1
78	198	2
78	234	-2
78	279	-2
79	108	1
79	125	1
79	154	2
79	249	2
79	271	-2
79	330	2
80	101	1
80	104	1
80	118	1
80	196	-2
80	212	-2
80	243	2
81	110	1
81	135	1
81	139	1
81	160	1
81	207	2
81	250	2
81	324	2
82	88	1
82	129	1
82	135	1
82	189	2
82	194	-2
82	299	2
83	86	1
83	173	2
83	232	-2
83	301	2
84	87	1
84	116	1
84	158	1
84	162	1
84	208	-2
84	219	2
84	319	2
85	91	1
85	120	1
85	138	1
85	201	-2
85	313	-2
85	336	-2
86	95	1
86	173	2
86	220	2
86	316	-2
87	162	1
87	195	2
87	284	2
87	319	2
88	125	1
88	135	1
88	146	1
88	204	-2
88	299	2
88	325	-2
89	107	1
89	149	1
89	234	-2
89	309	2
89	332	2
90	95	1
90	99	1
90	100	1
90	149	1
90	190	2
90	222	-2
90	246	2
91	102	1
91	104	1
91	123	1
91	138	1
91	312	-2
91	326	-2
91	336	-2
92	102	1
92	111	1
92	161	1
92	168	1
92	170	2
92	191	-2
92	308	-2
93	119	1
93	120	1
93	127	1
93	146	1
93	183	-2
93	231	-2
93	265	2
94	142	1
94	162	1
94	163	1
94	165	1
94	186	-2
94	205	2
94	241	-2
95	99	1
95	153	1
95	190	2
95	280	-2
95	316	-2
96	114	1
96	137	1
96	155	1
96	166	1
96	199	2
96	272	-2
96	278	-2
97	239	-2
97	268	-2
97	297	2
98	117	1
98	137	1
98	149	1
98	200	-2
98	242	-2
98	304	-2
99	112	1
99	116	1
99	164	1
99	187	2
99	190	2
99	229	-2
100	133	1
100	147	1
100	149	1
100	176	-2
100	246	2
100	331	-2
101	111	1
101	123	1
101	188	2
101	196	-2
101	310	-2
102	104	1
102	112	1
102	132	1
102	308	-2
102	312	-2
102	329	2
103	119	1
103	125	1
103	156	1
103	294	-2
103	305	2
103	320	2
104	141	1
104	182	2
104	243	2
104	312	-2
105	131	1
105	133	1
105	144	1
105	155	1
105	181	2
105	216	-2
105	235	-2
106	122	1
106	137	1
106	160	1
106	192	2
106	256	2
106	306	2
107	130	1
107	153	1
107	157	1
107	165	1
107	179	-2
107	226	-2
107	309	2
108	115	1
108	154	1
108	167	1
108	249	2
108	258	-2
108	295	-2
109	127	1
109	217	-2
109	277	2
109	289	-2
110	116	1
110	156	1
110	206	-2
110	250	2
110	298	2
111	123	1
111	168	1
111	170	2
111	188	2
111	276	-2
112	116	1
112	131	1
112	132	1
112	187	2
112	202	-2
112	329	2
113	115	1
113	135	1
113	159	1
113	221	2
113	282	-2
113	328	2
114	132	1
114	166	1
114	224	-2
114	272	-2
114	321	2
115	144	1
115	159	1
115	221	2
115	258	-2
115	259	-2
116	187	2
116	206	-2
116	208	-2
117	285	2
117	304	-2
117	307	2
118	130	1
118	212	-2
118	253	2
118	291	-2
119	125	1
119	127	1
119	145	1
119	265	2
119	320	2
119	334	2
120	144	1
120	148	1
120	214	-2
120	231	-2
120	313	-2
121	141	1
121	153	1
121	255	2
121	260	2
121	286	2
122	160	1
122	167	1
122	169	-2
122	192	2
122	252	2
123	188	2
123	296	2
123	326	-2
124	134	1
124	143	1
124	210	-2
124	223	2
124	245	2
125	271	-2
125	320	2
125	325	-2
126	143	1
126	146	1
126	237	-2
126	257	2
126	274	-2
127	134	1
127	265	2
127	277	2
127	283	2
128	166	1
128	175	2
128	240	-2
128	287	2
129	145	1
129	150	1
129	159	1
129	194	-2
129	247	-2
129	292	-2
130	154	1
130	157	1
130	218	-2
130	226	-2
130	291	-2
131	133	1
131	148	1
131	202	-2
131	216	-2
131	264	-2
132	152	1
132	213	2
132	224	-2
132	329	2
133	138	1
133	141	1
133	216	-2
133	270	-2
133	331	-2
134	245	2
134	283	2
134	335	-2
135	139	1
135	207	2
135	299	2
135	328	2
136	164	1
136	165	1
136	230	2
136	279	-2
136	288	-2
137	149	1
137	199	2
137	242	-2
137	306	2
138	141	1
138	227	2
138	270	-2
138	336	-2
139	168	1
139	174	-2
139	203	-2
139	207	2
140	143	1
140	152	1
140	254	2
140	300	-2
140	311	2
141	182	2
141	260	2
141	270	-2
142	162	1
142	186	-2
142	225	2
142	303	-2
143	152	1
143	210	-2
143	237	-2
143	300	-2
144	148	1
144	181	2
144	214	-2
144	259	-2
145	150	1
145	273	-2
145	292	-2
145	334	2
146	183	-2
146	204	-2
146	274	-2
147	158	1
147	176	-2
147	177	2
147	215	2
148	160	1
148	214	-2
148	264	-2
148	323	2
149	234	-2
149	242	-2
149	246	2
150	164	1
150	266	-2
150	269	-2
150	292	-2
151	166	1
151	193	2
151	233	2
151	263	-2
152	213	2
152	262	-2
152	300	-2
153	165	1
153	179	-2
153	280	-2
153	286	2
154	218	-2
154	249	2
154	330	2
155	235	-2
155	236	2
155	278	-2
156	293	2
156	294	-2
156	298	2
157	226	-2
157	248	-2
157	261	2
158	177	2
158	219	2
158	318	-2
159	172	-2
159	221	2
159	247	-2
160	192	2
160	323	2
160	324	2
161	191	-2
161	211	2
161	333	2
162	186	-2
162	319	2
162	322	-2
163	165	1
163	205	2
163	281	-2
163	290	-2
164	165	1
164	229	-2
164	230	2
164	269	-2
165	179	-2
165	205	2
165	230	2
166	233	2
166	272	-2
166	287	2
167	252	2
167	267	2
167	295	-2
168	170	2
168	203	-2
168	315	-2
