1	1	1
2	2	-3
3	3	1
4	4	1
5	5	1
6	6	1
7	7	-3
8	8	1
9	9	-1
10	10	-1
11	11	1
12	12	-3
13	13	1
14	14	-1
15	15	1
16	16	-1
17	17	1
18	18	-3
19	19	1
20	20	3
21	21	1
22	22	-1
23	23	3
24	24	-3
25	25	-1
26	26	-3
27	27	1
28	28	-1
29	29	3
30	30	1
31	31	1
32	32	-3
33	33	-1
34	34	1
35	35	1
36	36	1
37	37	3
38	38	1
39	39	3
40	40	3
41	41	-1
42	42	-3
43	43	-1
44	44	3
45	45	1
46	46	3
47	47	-1
48	48	-1
49	49	3
50	50	1
51	51	1
52	52	1
53	53	3
54	54	-1
55	55	3
56	56	1
57	57	-1
58	58	-3
59	59	-1
60	60	1
61	61	-1
62	62	1
63	63	1
64	64	1
65	65	-3
66	66	-1
67	67	-1
68	68	-1
69	69	-1
70	70	3
71	71	3
72	72	-1
73	73	-1
74	74	-3
75	75	-3
76	76	-1
77	77	1
78	78	3
79	79	-1
80	80	3
81	81	3
82	82	1
83	83	1
84	84	1
85	85	1
86	86	-3
87	87	-1
88	88	-1
89	89	-1
90	90	-1
91	91	-1
92	92	-1
93	93	3
94	94	3
95	95	1
96	96	-1
97	97	1
98	98	3
99	99	-1
100	100	1
101	101	3
102	102	3
103	103	1
104	104	1
105	105	-1
106	106	-1
107	107	-3
108	108	-1
109	109	1
110	110	-1
111	111	-1
112	112	1
113	113	-1
114	114	-3
115	115	1
116	116	-1
117	117	1
118	118	-3
119	119	-1
120	120	-1
121	121	1
122	122	-1
123	123	-1
124	124	-3
125	125	-1
126	126	-3
127	127	1
128	128	1
129	129	1
130	130	1
131	131	1
132	132	-1
133	133	1
134	134	1
135	135	-1
136	136	1
137	137	1
138	138	3
139	139	-1
140	140	-1
141	141	1
142	142	-1
143	143	-3
144	144	1
145	145	-1
146	146	-1
147	147	1
148	148	1
149	149	-1
150	150	-1
151	151	1
152	152	3
153	153	1
154	154	1
155	155	-3
156	156	-1
157	157	3
158	158	-3
159	159	3
160	160	3
161	161	1
162	162	1
163	163	3
164	164	1
165	165	-1
166	166	1
167	167	1
168	168	-1
169	169	1
170	170	1
171	171	1
172	172	1
173	173	1
174	174	-3
175	175	1
176	176	3
177	177	3
178	178	1
179	179	-1
180	180	-1
181	181	1
182	182	3
183	183	1
184	184	1
185	185	-1
186	186	-3
187	187	1
188	188	-3
189	189	1
190	190	-1
191	191	1
192	192	1
193	193	1
194	194	-1
195	195	1
196	196	1
197	197	1
198	198	-3
199	199	-3
200	200	1
201	201	1
202	202	1
203	203	1
204	204	-1
205	205	1
206	206	3
207	207	1
208	208	3
209	209	1
210	210	1
211	211	-3
212	212	1
213	213	-1
214	214	1
215	215	1
216	216	-3
217	217	-2
218	218	-2
219	219	2
220	220	-2
221	221	2
222	222	2
223	223	2
224	224	-2
225	225	2
226	226	2
227	227	2
228	228	2
229	229	-2
230	230	2
231	231	-2
232	232	2
233	233	2
234	234	2
235	235	2
236	236	2
237	237	2
238	238	-2
239	239	2
240	240	-2
241	241	2
242	242	-2
243	243	-2
244	244	2
245	245	2
246	246	2
247	247	2
248	248	2
249	249	2
250	250	-2
251	251	-2
252	252	-2
253	253	-2
254	254	2
255	255	2
256	256	-2
257	257	-2
258	258	2
259	259	-2
260	260	2
261	261	2
262	262	2
263	263	2
264	264	-2
265	265	2
266	266	-2
267	267	2
268	268	2
269	269	-2
270	270	2
271	271	-2
272	272	-2
273	273	2
274	274	2
275	275	2
276	276	-2
277	277	-2
278	278	-2
279	279	2
280	280	2
281	281	2
282	282	2
283	283	2
284	284	2
285	285	2
286	286	2
287	287	2
288	288	2
289	289	2
290	290	-2
291	291	-2
292	292	-2
293	293	-2
294	294	-2
295	295	2
296	296	-2
297	297	-2
298	298	2
299	299	-2
300	300	-2
301	301	2
302	302	2
303	303	2
304	304	2
305	305	-2
306	306	2
307	307	-2
308	308	2
309	309	-2
310	310	2
311	311	2
312	312	-2
313	313	2
314	314	-2
315	315	-2
316	316	-2
317	317	-2
318	318	2
319	319	-2
320	320	2
321	321	-2
322	322	2
323	323	-2
324	324	2
325	325	2
326	326	2
327	327	-2
328	328	-2
329	329	-2
330	330	-2
331	331	2
332	332	2
333	333	2
334	334	2
335	335	-2
336	336	-2
337	337	-2
338	338	2
339	339	-2
340	340	2
341	341	-2
342	342	2
343	343	-2
344	344	-2
345	345	-2
346	346	2
347	347	-2
348	348	2
349	349	-2
350	350	2
351	351	-2
352	352	2
353	353	2
354	354	-2
355	355	-2
356	356	2
357	357	2
358	358	2
359	359	2
360	360	-2
361	361	-2
362	362	2
363	363	-2
364	364	2
365	365	-2
366	366	-2
367	367	2
368	368	2
369	369	-2
370	370	2
371	371	-2
372	372	-2
373	373	2
374	374	2
375	375	2
376	376	-2
377	377	-2
378	378	-2
379	379	2
380	380	-2
381	381	-2
382	382	2
383	383	-2
384	384	-2
385	385	-2
386	386	-2
387	387	-2
388	388	2
389	389	2
390	390	-2
391	391	-2
392	392	2
393	393	-2
394	394	-2
395	395	2
396	396	2
397	397	2
398	398	2
399	399	-2
400	400	2
401	401	-2
402	402	-2
403	403	2
404	404	2
405	405	2
406	406	-2
407	407	2
408	408	2
409	409	-2
410	410	-2
411	411	-2
412	412	-2
413	413	2
414	414	-2
415	415	2
416	416	2
417	417	-2
418	418	-2
419	419	2
420	420	2
421	421	2
422	422	-2
423	423	2
424	424	2
425	425	-2
426	426	2
427	427	2
428	428	2
429	429	2
430	430	2
431	431	-2
432	432	2
1	21	1
1	27	1
1	41	1
1	71	1
1	91	1
1	145	1
1	305	-2
1	327	-2
1	418	2
2	65	1
2	83	1
2	107	1
2	121	1
2	191	1
2	198	1
2	284	-2
2	303	-2
2	364	-2
3	102	1
3	136	1
3	155	1
3	157	1
3	199	1
3	208	1
3	247	2
3	300	2
3	301	2
4	9	2
4	10	1
4	39	1
4	113	1
4	169	1
4	249	2
4	401	2
4	414	-2
5	55	1
5	79	1
5	85	1
5	138	1
5	157	1
5	158	1
5	278	2
5	368	2
5	380	-2
6	11	1
6	52	1
6	84	1
6	179	1
6	181	1
6	198	1
6	235	2
6	427	2
6	428	-2
7	12	1
7	28	1
7	60	1
7	99	1
7	114	1
7	199	1
7	321	2
7	361	2
7	379	-2
8	18	1
8	29	1
8	55	1
8	81	1
8	165	1
8	180	1
8	248	-2
8	345	-2
8	424	2
9	10	1
9	35	1
9	169	1
9	194	1
9	401	2
9	404	-2
9	414	-2
10	54	1
10	57	1
10	125	1
10	212	1
10	288	-2
10	401	2
10	423	2
11	26	1
11	33	1
11	102	1
11	179	1
11	206	1
11	223	2
11	235	2
11	260	-2
12	60	1
12	72	1
12	88	1
12	118	1
12	210	1
12	361	2
12	382	-2
12	387	2
13	45	1
13	89	1
13	130	1
13	148	1
13	157	1
13	214	1
13	307	-2
13	316	-2
13	319	2
14	74	1
14	79	1
14	85	1
14	95	1
14	146	1
14	174	1
14	227	-2
14	269	2
14	352	2
15	101	1
15	141	1
15	152	1
15	158	1
15	166	1
15	179	1
15	315	2
15	346	2
15	360	-2
16	18	1
16	25	1
16	53	1
16	129	1
16	188	1
16	205	1
16	272	-2
16	333	-2
16	395	-2
17	25	1
17	49	1
17	79	1
17	89	1
17	119	1
17	175	1
17	232	2
17	292	2
17	337	-2
18	51	1
18	165	2
18	188	1
18	248	-2
18	333	-2
18	390	2
19	30	1
19	38	1
19	57	1
19	71	1
19	90	1
19	162	1
19	283	2
19	343	-2
19	396	-2
20	34	1
20	104	1
20	133	1
20	138	1
20	169	1
20	176	1
20	329	-2
20	372	-2
20	432	2
21	26	1
21	41	1
21	44	1
21	108	1
21	159	1
21	289	2
21	305	-2
21	354	2
22	42	1
22	60	1
22	142	1
22	143	1
22	211	1
22	213	1
22	326	-2
22	338	2
22	359	-2
23	72	1
23	89	1
23	97	1
23	128	1
23	165	1
23	215	1
23	266	-2
23	322	2
23	342	2
24	57	1
24	73	1
24	96	1
24	128	1
24	170	1
24	187	1
24	217	2
24	293	2
24	339	2
25	124	1
25	129	1
25	132	1
25	175	1
25	277	2
25	337	-2
25	395	-2
26	33	1
26	59	1
26	69	1
26	108	1
26	242	2
26	260	-2
26	354	2
27	91	1
27	98	1
27	103	1
27	117	1
27	152	1
27	256	-2
27	325	2
27	418	2
28	37	1
28	67	1
28	99	1
28	108	1
28	188	1
28	265	2
28	321	2
28	397	-2
29	50	1
29	51	1
29	55	1
29	121	1
29	195	1
29	348	2
29	424	2
29	431	-2
30	37	1
30	71	1
30	100	1
30	185	1
30	211	1
30	275	2
30	283	2
30	285	-2
31	41	1
31	97	1
31	124	1
31	163	1
31	168	1
31	213	1
31	306	-2
31	309	-2
31	363	-2
32	147	1
32	150	1
32	164	1
32	186	1
32	194	1
32	204	1
32	295	-2
32	296	2
32	406	2
33	115	1
33	141	1
33	149	1
33	161	1
33	234	2
33	260	-2
33	264	2
34	54	1
34	111	1
34	159	1
34	176	1
34	206	1
34	238	-2
34	374	-2
34	432	2
35	45	1
35	80	1
35	103	1
35	187	1
35	194	1
35	251	-2
35	271	-2
35	404	-2
36	73	1
36	125	1
36	126	1
36	129	1
36	188	1
36	203	1
36	245	-2
36	282	2
36	400	2
37	40	1
37	53	1
37	67	1
37	100	1
37	265	2
37	275	2
37	385	-2
38	57	1
38	63	1
38	68	1
38	85	1
38	167	1
38	299	-2
38	343	-2
38	430	-2
39	93	1
39	101	1
39	113	1
39	116	1
39	170	1
39	249	2
39	276	-2
39	349	-2
40	53	1
40	69	1
40	95	1
40	115	1
40	164	1
40	270	2
40	318	2
40	385	-2
41	124	1
41	140	1
41	213	1
41	305	-2
41	306	-2
41	334	-2
42	69	1
42	91	1
42	106	1
42	169	1
42	211	1
42	241	-2
42	255	-2
42	359	-2
43	126	1
43	156	1
43	179	1
43	184	1
43	186	1
43	194	1
43	366	2
43	367	-2
43	409	-2
44	71	1
44	111	1
44	153	1
44	159	1
44	172	1
44	289	2
44	312	-2
44	376	-2
45	80	1
45	86	1
45	183	1
45	214	1
45	271	-2
45	274	-2
45	316	-2
46	88	1
46	98	1
46	131	1
46	135	1
46	141	1
46	151	1
46	219	2
46	358	2
46	381	-2
47	56	1
47	58	1
47	120	1
47	122	1
47	163	1
47	212	1
47	243	-2
47	335	2
47	411	2
48	56	1
48	61	1
48	122	1
48	160	1
48	189	2
48	286	-2
48	328	2
48	369	-2
49	55	1
49	79	1
49	133	1
49	195	1
49	208	1
49	224	-2
49	232	2
49	261	2
50	62	1
50	100	1
50	121	1
50	130	1
50	197	1
50	240	2
50	416	2
50	431	-2
51	108	1
51	134	1
51	165	1
51	195	1
51	302	2
51	348	2
51	390	2
52	84	2
52	87	1
52	127	1
52	134	1
52	347	-2
52	362	-2
52	427	2
53	181	1
53	205	1
53	208	1
53	272	-2
53	385	-2
53	415	2
54	58	1
54	96	1
54	111	1
54	212	1
54	374	-2
54	412	2
54	423	2
55	138	1
55	195	1
55	261	2
55	380	-2
55	424	2
56	61	1
56	163	1
56	201	1
56	209	1
56	243	-2
56	262	2
56	286	-2
57	96	1
57	125	1
57	217	2
57	288	-2
57	343	-2
58	73	1
58	96	1
58	118	1
58	212	1
58	335	2
58	393	2
58	412	2
59	63	1
59	69	1
59	114	1
59	150	1
59	192	1
59	242	2
59	392	-2
59	429	2
60	83	1
60	93	1
60	142	1
60	253	-2
60	338	2
60	361	2
61	86	1
61	129	1
61	153	1
61	210	1
61	233	-2
61	286	-2
61	355	-2
62	66	1
62	130	1
62	154	1
62	178	1
62	192	1
62	240	2
62	281	2
62	421	2
63	167	1
63	180	1
63	192	1
63	203	1
63	226	-2
63	299	-2
63	429	2
64	90	1
64	92	1
64	117	1
64	162	1
64	166	1
64	212	1
64	324	2
64	375	2
64	388	-2
65	66	1
65	83	1
65	142	1
65	174	1
65	199	1
65	221	-2
65	303	-2
65	407	-2
66	76	1
66	82	1
66	174	1
66	192	1
66	246	-2
66	281	2
66	407	-2
67	87	1
67	109	1
67	123	1
67	135	1
67	230	-2
67	265	2
67	273	-2
68	77	1
68	85	1
68	139	1
68	146	1
68	193	1
68	252	2
68	263	2
68	430	-2
69	115	1
69	169	1
69	241	-2
69	242	2
69	318	2
70	137	1
70	148	1
70	152	1
70	156	1
70	201	1
70	202	1
70	267	2
70	350	2
70	394	-2
71	111	1
71	145	1
71	283	2
71	312	-2
71	327	-2
72	88	1
72	89	1
72	171	1
72	216	1
72	266	-2
72	311	-2
72	387	2
73	118	1
73	125	1
73	128	1
73	282	2
73	293	2
73	393	2
74	97	1
74	174	2
74	204	1
74	205	1
74	227	-2
74	279	-2
74	340	-2
75	107	1
75	110	1
75	116	1
75	118	1
75	149	1
75	154	1
75	310	-2
75	353	-2
75	356	-2
76	82	1
76	150	1
76	156	1
76	167	1
76	181	1
76	246	-2
76	259	-2
76	304	-2
77	82	1
77	93	1
77	119	1
77	193	1
77	201	1
77	225	-2
77	263	2
77	336	-2
78	92	1
78	94	1
78	119	1
78	140	1
78	144	1
78	196	1
78	258	2
78	383	-2
78	384	-2
79	146	1
79	158	1
79	232	2
79	269	2
79	278	2
80	81	1
80	177	1
80	191	1
80	207	1
80	250	-2
80	271	-2
80	308	2
81	130	1
81	180	1
81	191	1
81	203	1
81	308	2
81	313	2
81	345	-2
82	93	1
82	162	1
82	204	1
82	236	2
82	246	-2
82	336	-2
83	93	1
83	176	1
83	207	1
83	253	-2
83	303	-2
83	389	2
84	100	1
84	127	1
84	145	1
84	344	2
84	347	-2
84	427	2
85	95	1
85	157	1
85	352	2
85	368	2
85	430	-2
86	153	1
86	161	1
86	183	1
86	215	1
86	233	-2
86	244	-2
86	274	-2
87	123	1
87	134	1
87	177	1
87	206	1
87	230	-2
87	257	-2
87	362	-2
88	113	1
88	131	1
88	158	1
88	358	2
88	387	2
88	402	2
89	119	1
89	148	1
89	266	-2
89	292	2
89	319	2
90	99	1
90	162	1
90	184	1
90	212	1
90	324	2
90	341	2
90	396	-2
91	98	1
91	106	1
91	175	1
91	255	-2
91	323	-2
91	418	2
92	144	1
92	166	1
92	168	1
92	172	1
92	237	-2
92	258	2
92	388	-2
93	101	1
93	253	-2
93	336	-2
93	349	-2
94	119	1
94	166	1
94	176	1
94	182	1
94	190	1
94	384	-2
94	417	-2
94	426	2
95	155	1
95	164	1
95	207	1
95	254	-2
95	270	2
95	352	2
96	104	1
96	128	1
96	217	2
96	412	2
96	420	2
97	168	1
97	174	1
97	215	1
97	279	-2
97	309	-2
97	322	2
98	117	1
98	151	1
98	175	1
98	219	2
98	323	-2
98	325	2
99	183	1
99	184	1
99	185	1
99	321	2
99	341	2
99	357	2
100	145	1
100	197	1
100	275	2
100	344	2
100	416	2
101	132	1
101	152	1
101	193	1
101	290	-2
101	349	-2
101	360	-2
102	112	1
102	197	1
102	206	1
102	208	1
102	223	2
102	247	2
102	373	2
103	107	1
103	152	1
103	187	1
103	211	1
103	251	-2
103	256	-2
103	314	2
104	128	1
104	133	1
104	190	1
104	198	1
104	320	-2
104	372	-2
104	420	2
105	106	1
105	109	1
105	116	1
105	142	1
105	145	1
105	205	1
105	291	-2
105	298	-2
105	378	2
106	134	1
106	139	1
106	145	1
106	229	-2
106	255	-2
106	298	-2
107	118	1
107	121	1
107	211	1
107	314	2
107	356	-2
107	364	-2
108	134	1
108	188	1
108	302	2
108	354	2
108	397	-2
109	110	1
109	135	1
109	147	1
109	205	1
109	273	-2
109	291	-2
109	370	2
110	111	1
110	116	1
110	143	1
110	147	1
110	310	-2
110	370	2
110	413	-2
111	143	1
111	312	-2
111	374	-2
111	413	-2
112	178	1
112	192	1
112	197	1
112	200	1
112	215	1
112	280	-2
112	373	2
112	391	-2
113	143	1
113	158	1
113	197	1
113	228	-2
113	249	2
113	402	2
114	126	1
114	150	1
114	186	1
114	199	1
114	379	-2
114	392	-2
114	399	2
115	161	1
115	185	1
115	190	1
115	234	2
115	318	2
115	408	-2
116	142	1
116	170	1
116	276	-2
116	310	-2
116	378	2
117	120	1
117	162	1
117	173	1
117	325	2
117	375	2
117	377	2
118	210	1
118	356	-2
118	382	-2
118	393	2
119	201	1
119	225	-2
119	292	2
119	384	-2
120	122	1
120	173	2
120	209	1
120	365	-2
120	377	2
120	411	2
121	160	1
121	177	1
121	268	2
121	364	-2
121	431	-2
122	182	1
122	189	2
122	317	-2
122	328	2
122	411	2
123	151	1
123	155	1
123	202	1
123	216	1
123	230	-2
123	294	2
123	332	2
124	132	1
124	144	1
124	214	1
124	239	-2
124	277	2
124	306	-2
125	136	1
125	196	1
125	231	2
125	282	2
125	288	-2
126	156	1
126	186	1
126	188	1
126	245	-2
126	366	2
126	399	2
127	171	1
127	191	1
127	195	1
127	216	1
127	297	-2
127	330	2
127	347	-2
128	165	1
128	293	2
128	342	2
128	420	2
129	203	1
129	210	1
129	355	-2
129	395	-2
129	400	2
130	157	1
130	203	1
130	240	2
130	307	-2
130	313	2
131	148	1
131	151	1
131	178	1
131	200	1
131	222	2
131	358	2
131	386	2
132	139	1
132	175	1
132	193	1
132	277	2
132	290	-2
132	419	-2
133	135	1
133	180	1
133	208	1
133	224	-2
133	287	-2
133	372	-2
134	139	1
134	229	-2
134	302	2
134	362	-2
135	141	1
135	180	1
135	273	-2
135	287	-2
135	381	-2
136	157	1
136	161	1
136	184	1
136	196	1
136	231	2
136	301	2
136	331	2
137	156	1
137	172	1
137	202	1
137	209	1
137	210	1
137	267	2
137	371	2
137	425	-2
138	146	1
138	169	1
138	182	1
138	329	-2
138	380	-2
138	398	2
139	146	1
139	175	1
139	229	-2
139	252	2
139	419	-2
140	168	1
140	193	1
140	196	1
140	213	1
140	334	-2
140	383	-2
140	422	2
141	149	1
141	166	1
141	264	2
141	346	2
141	381	-2
142	199	1
142	221	-2
142	338	2
142	378	2
143	197	1
143	213	1
143	228	-2
143	326	-2
143	413	-2
144	154	1
144	200	1
144	214	1
144	218	-2
144	239	-2
144	258	2
145	298	-2
145	327	-2
145	344	2
146	182	1
146	252	2
146	269	2
146	398	2
147	150	1
147	160	1
147	171	1
147	295	-2
147	370	2
147	405	2
148	200	1
148	202	1
148	222	2
148	319	2
148	350	2
149	154	1
149	164	1
149	170	1
149	264	2
149	353	-2
149	403	2
150	181	1
150	259	-2
150	295	-2
150	392	-2
151	178	1
151	202	1
151	219	2
151	332	2
151	386	2
152	201	1
152	256	-2
152	360	-2
152	394	-2
153	163	1
153	172	1
153	187	1
153	233	-2
153	351	-2
153	376	-2
154	178	1
154	200	1
154	218	-2
154	353	-2
154	421	2
155	199	1
155	207	1
155	216	1
155	254	-2
155	294	2
155	300	2
156	167	1
156	267	2
156	304	-2
156	366	2
157	301	2
157	307	-2
157	368	2
158	179	1
158	278	2
158	315	2
158	402	2
159	173	1
159	206	1
159	214	1
159	238	-2
159	289	2
159	410	-2
160	171	1
160	177	1
160	189	1
160	268	2
160	369	-2
160	405	2
161	184	1
161	215	1
161	234	2
161	244	-2
161	331	2
162	204	1
162	236	2
162	375	2
162	396	-2
163	187	1
163	213	1
163	243	-2
163	351	-2
163	363	-2
164	170	1
164	204	1
164	270	2
164	403	2
164	406	2
165	248	-2
165	342	2
165	390	2
166	176	1
166	346	2
166	388	-2
166	417	-2
167	183	1
167	196	1
167	220	-2
167	299	-2
167	304	-2
168	172	1
168	193	1
168	237	-2
168	309	-2
168	422	2
169	241	-2
169	329	-2
169	414	-2
170	187	1
170	276	-2
170	339	2
170	403	2
171	191	1
171	216	1
171	297	-2
171	311	-2
171	405	2
172	210	1
172	237	-2
172	376	-2
172	425	-2
173	209	1
173	214	1
173	365	-2
173	377	2
173	410	-2
174	227	-2
174	279	-2
174	407	-2
175	323	-2
175	337	-2
175	419	-2
176	207	1
176	389	2
176	417	-2
176	432	2
177	206	1
177	207	1
177	250	-2
177	257	-2
177	268	2
178	215	1
178	386	2
178	391	-2
178	421	2
179	186	1
179	235	2
179	315	2
179	367	-2
180	203	1
180	226	-2
180	287	-2
180	345	-2
181	198	1
181	208	1
181	259	-2
181	415	2
181	428	-2
182	189	1
182	190	1
182	317	-2
182	398	2
182	426	2
183	185	1
183	196	1
183	220	-2
183	274	-2
183	357	2
184	194	1
184	331	2
184	341	2
184	409	-2
185	190	1
185	211	1
185	285	-2
185	357	2
185	408	-2
186	194	1
186	296	2
186	367	-2
186	399	2
187	251	-2
187	339	2
187	351	-2
188	245	-2
188	333	-2
188	397	-2
189	317	-2
189	328	2
189	369	-2
190	198	1
190	320	-2
190	408	-2
190	426	2
191	198	1
191	284	-2
191	297	-2
191	308	2
192	200	1
192	280	-2
192	281	2
192	429	2
193	263	2
193	290	-2
193	422	2
194	296	2
194	404	-2
194	409	-2
195	216	1
195	261	2
195	330	2
195	348	2
196	220	-2
196	231	2
196	383	-2
197	228	-2
197	373	2
197	416	2
198	284	-2
198	320	-2
198	428	-2
199	221	-2
199	300	2
199	379	-2
200	218	-2
200	222	2
200	280	-2
201	209	1
201	225	-2
201	262	2
201	394	-2
202	209	1
202	332	2
202	350	2
202	371	2
203	226	-2
203	313	2
203	400	2
204	205	1
204	236	2
204	340	-2
204	406	2
205	272	-2
205	291	-2
205	340	-2
206	223	2
206	238	-2
206	257	-2
207	250	-2
207	254	-2
207	389	2
208	224	-2
208	247	2
208	415	2
209	262	2
209	365	-2
209	371	2
210	355	-2
210	382	-2
210	425	-2
211	285	-2
211	314	2
211	359	-2
212	324	2
212	335	2
212	423	2
213	326	-2
213	334	-2
213	363	-2
214	239	-2
214	316	-2
214	410	-2
215	244	-2
215	322	2
215	391	-2
216	294	2
216	311	-2
216	330	2
