1	1	3
2	2	3
3	3	1
4	4	1
5	5	1
6	6	1
7	7	1
8	8	1
9	9	1
10	10	-1
11	11	3
12	12	1
13	13	-1
14	14	-1
15	15	-1
16	16	3
17	17	1
18	18	1
19	19	1
20	20	1
21	21	3
22	22	-1
23	23	-1
24	24	1
25	25	1
26	26	-3
27	27	1
28	28	3
29	29	-1
30	30	-3
31	31	-3
32	32	-1
33	33	-1
34	34	1
35	35	3
36	36	-1
37	37	1
38	38	1
39	39	1
40	40	-1
41	41	1
42	42	1
43	43	3
44	44	1
45	45	-1
46	46	1
47	47	-1
48	48	-1
49	49	-1
50	50	1
51	51	3
52	52	-1
53	53	1
54	54	1
55	55	-1
56	56	-3
57	57	1
58	58	-3
59	59	1
60	60	-1
61	61	1
62	62	3
63	63	-3
64	64	1
65	65	1
66	66	-1
67	67	-3
68	68	1
69	69	-1
70	70	1
71	71	-3
72	72	-3
73	73	1
74	74	3
75	75	1
76	76	-1
77	77	1
78	78	-1
79	79	1
80	80	1
81	81	-3
82	82	1
83	83	-1
84	84	-3
85	85	1
86	86	-1
87	87	1
88	88	1
89	89	3
90	90	1
91	91	-1
92	92	-1
93	93	-1
94	94	-1
95	95	1
96	96	-1
97	97	-1
98	98	-1
99	99	3
100	100	1
101	101	-1
102	102	1
103	103	-1
104	104	1
105	105	3
106	106	1
107	107	1
108	108	-3
109	109	1
110	110	-3
111	111	-1
112	112	1
113	113	3
114	114	-1
115	115	1
116	116	-1
117	117	1
118	118	-3
119	119	-1
120	120	-1
121	121	1
122	122	1
123	123	1
124	124	3
125	125	-3
126	126	-1
127	127	1
128	128	1
129	129	1
130	130	1
131	131	1
132	132	-3
133	133	-1
134	134	-1
135	135	-1
136	136	-3
137	137	-1
138	138	-1
139	139	-1
140	140	1
141	141	1
142	142	-1
143	143	-1
144	144	1
145	145	-1
146	146	-1
147	147	-3
148	148	-3
149	149	1
150	150	-1
151	151	1
152	152	-3
153	153	-1
154	154	1
155	155	1
156	156	1
157	157	-1
158	158	1
159	159	-1
160	160	-3
161	161	1
162	162	-1
163	163	1
164	164	1
165	165	-1
166	166	1
167	167	-1
168	168	1
169	169	-1
170	170	3
171	171	-1
172	172	-1
173	173	-1
174	174	1
175	175	1
176	176	3
177	177	1
178	178	1
179	179	1
180	180	-1
181	181	1
182	182	1
183	183	-3
184	184	1
185	185	3
186	186	-3
187	187	-1
188	188	1
189	189	-1
190	190	-3
191	191	-1
192	192	-1
193	193	3
194	194	-1
195	195	-3
196	196	-1
197	197	3
198	198	1
199	199	-3
200	200	-1
201	201	-1
202	202	1
203	203	1
204	204	3
205	205	-3
206	206	-1
207	207	1
208	208	1
209	209	-1
210	210	1
211	211	1
212	212	1
213	213	-1
214	214	1
215	215	1
216	216	1
217	217	-1
218	218	-1
219	219	3
220	220	1
221	221	-1
222	222	1
223	223	-3
224	224	1
225	225	-1
226	226	-1
227	227	-3
228	228	1
229	229	3
230	230	-1
231	231	3
232	232	-3
233	233	1
234	234	1
235	235	-1
236	236	1
237	237	-1
238	238	-1
239	239	-1
240	240	3
241	241	-1
242	242	1
243	243	-1
244	244	1
245	245	1
246	246	1
247	247	-1
248	248	3
249	249	3
250	250	-1
251	251	-3
252	252	1
253	253	1
254	254	1
255	255	1
256	256	1
257	257	1
258	258	-3
259	259	1
260	260	-1
261	261	1
262	262	-1
263	263	-1
264	264	1
265	265	3
266	266	-1
267	267	-1
268	268	-1
269	269	-1
270	270	-1
271	271	-1
272	272	-1
273	273	1
274	274	-3
275	275	3
276	276	1
277	277	-3
278	278	3
279	279	1
280	280	-1
281	281	-1
282	282	1
283	283	-1
284	284	3
285	285	-1
286	286	-1
287	287	1
288	288	-3
289	289	-1
290	290	-1
291	291	3
292	292	-3
293	293	1
294	294	-1
295	295	1
296	296	-1
297	297	1
298	298	-3
299	299	-1
300	300	1
301	301	-3
302	302	1
303	303	1
304	304	1
305	305	-1
306	306	1
307	307	1
308	308	1
309	309	-1
310	310	-1
311	311	1
312	312	-1
313	313	1
314	314	-1
315	315	-1
316	316	-1
317	317	1
318	318	-1
319	319	1
320	320	1
321	321	1
322	322	1
323	323	1
324	324	-3
325	325	1
326	326	1
327	327	3
328	328	-1
329	329	-1
330	330	-1
331	331	3
332	332	1
333	333	-1
334	334	-1
335	335	-1
336	336	3
337	337	-1
338	338	-1
339	339	1
340	340	1
341	341	-1
342	342	-1
343	343	-1
344	344	-1
345	345	1
346	346	-1
347	347	1
348	348	1
349	349	1
350	350	-3
351	351	1
352	352	-1
353	353	1
354	354	1
355	355	-1
356	356	1
357	357	-1
358	358	1
359	359	3
360	360	-3
361	361	-3
362	362	1
363	363	1
364	364	1
365	365	-1
366	366	-1
367	367	1
368	368	3
369	369	-3
370	370	3
371	371	1
372	372	-3
373	373	3
374	374	-3
375	375	1
376	376	1
377	377	1
378	378	3
379	379	-1
380	380	1
381	381	-1
382	382	3
383	383	1
384	384	1
385	385	-1
386	386	1
387	387	1
388	388	1
389	389	-1
390	390	-1
391	391	-3
392	392	1
393	393	3
394	394	-1
395	395	1
396	396	1
397	397	1
398	398	-3
399	399	1
400	400	-1
401	401	1
402	402	-1
403	403	-1
404	404	-1
405	405	-1
406	406	1
407	407	1
408	408	-1
409	409	1
410	410	-1
411	411	-1
412	412	-1
413	413	1
414	414	-1
415	415	-1
416	416	1
417	417	1
418	418	1
419	419	-1
420	420	-1
421	421	1
422	422	1
423	423	-1
424	424	1
425	425	-3
426	426	3
427	427	1
428	428	-1
429	429	-1
430	430	1
431	431	1
432	432	-1
433	433	1
434	434	3
435	435	3
436	436	-1
437	437	-1
438	438	-3
439	439	-3
440	440	1
441	441	3
442	442	-3
443	443	1
444	444	1
445	445	1
446	446	1
447	447	-1
448	448	1
449	449	-3
450	450	3
451	451	1
452	452	-1
453	453	-1
454	454	1
455	455	-1
456	456	-3
457	457	-1
458	458	3
459	459	-1
460	460	-1
461	461	1
462	462	-1
463	463	-1
464	464	-3
465	465	-1
466	466	-3
467	467	-1
468	468	-1
469	469	3
470	470	1
471	471	-1
472	472	-1
473	473	-3
474	474	1
475	475	-1
476	476	-1
477	477	3
478	478	1
479	479	-1
480	480	-1
481	481	1
482	482	1
483	483	-1
484	484	1
485	485	-1
486	486	1
487	487	1
488	488	-1
489	489	-1
490	490	-1
491	491	-3
492	492	3
493	493	-3
494	494	1
495	495	3
496	496	1
497	497	1
498	498	3
499	499	1
500	500	1
501	501	1
502	502	-1
503	503	-1
504	504	1
505	505	-3
506	506	-1
507	507	1
508	508	-1
509	509	-1
510	510	-1
511	511	1
512	512	3
513	513	-3
514	514	1
515	515	-1
516	516	1
517	517	-3
518	518	3
519	519	-1
520	520	3
521	521	-1
522	522	1
523	523	-1
524	524	-3
525	525	-3
526	526	3
527	527	-1
528	528	-1
529	529	1
530	530	-1
531	531	1
532	532	1
533	533	3
534	534	1
535	535	-1
536	536	-3
537	537	1
538	538	1
539	539	-1
540	540	1
541	541	1
542	542	-1
543	543	-3
544	544	-1
545	545	-1
546	546	3
547	547	3
548	548	-3
549	549	-1
550	550	3
551	551	-1
552	552	1
553	553	1
554	554	1
555	555	-1
556	556	1
557	557	-1
558	558	-1
559	559	1
560	560	-1
561	561	1
562	562	-1
563	563	1
564	564	-1
565	565	1
566	566	-1
567	567	1
568	568	-1
569	569	1
570	570	-1
571	571	-3
572	572	1
573	573	3
574	574	1
575	575	-1
576	576	1
577	577	1
578	578	1
579	579	-1
580	580	3
581	581	3
582	582	-1
583	583	3
584	584	1
585	585	-1
586	586	-1
587	587	3
588	588	1
589	589	1
590	590	1
591	591	-1
592	592	1
593	593	1
594	594	1
595	595	3
596	596	-1
597	597	-1
598	598	1
599	599	-3
600	600	-3
601	601	-1
602	602	3
603	603	-1
604	604	3
605	605	1
606	606	-1
607	607	1
608	608	1
609	609	-1
610	610	-1
611	611	3
612	612	1
613	613	-1
614	614	-1
615	615	-1
616	616	3
617	617	-1
618	618	3
619	619	3
620	620	-1
621	621	-3
622	622	-1
623	623	-1
624	624	1
625	625	-3
626	626	-1
627	627	-1
628	628	-1
629	629	-1
630	630	1
631	631	1
632	632	-1
633	633	-1
634	634	1
635	635	-3
636	636	1
637	637	1
638	638	1
639	639	1
640	640	-1
641	641	-3
642	642	1
643	643	-1
644	644	1
645	645	1
646	646	-1
647	647	-1
648	648	-3
649	649	3
650	650	-1
651	651	-1
652	652	1
653	653	-3
654	654	1
655	655	1
656	656	1
657	657	-1
658	658	-1
659	659	-3
660	660	1
661	661	1
662	662	1
663	663	-1
664	664	-1
665	665	-3
666	666	1
667	667	1
668	668	1
669	669	-1
670	670	1
671	671	-1
672	672	1
673	673	-1
674	674	1
675	675	-1
676	676	-1
677	677	1
678	678	-3
679	679	-1
680	680	1
681	681	-3
682	682	1
683	683	-1
684	684	-3
685	685	1
686	686	1
687	687	-1
688	688	3
689	689	-3
690	690	-1
691	691	-1
692	692	1
693	693	1
694	694	3
695	695	3
696	696	-1
697	697	-1
698	698	1
699	699	-1
700	700	1
701	701	-1
702	702	3
703	703	-1
704	704	-1
705	705	3
706	706	1
707	707	1
708	708	1
709	709	-1
710	710	1
711	711	-3
712	712	3
713	713	3
714	714	-3
715	715	1
716	716	-1
717	717	-1
718	718	3
719	719	-1
720	720	-1
721	721	1
722	722	-1
723	723	-1
724	724	1
725	725	1
726	726	-3
727	727	-1
728	728	1
729	729	-1
730	730	1
731	731	1
732	732	1
733	733	-3
734	734	3
735	735	1
736	736	3
737	737	-1
738	738	1
739	739	-1
740	740	-1
741	741	1
742	742	1
743	743	-1
744	744	1
745	745	-3
746	746	-3
747	747	3
748	748	3
749	749	3
750	750	1
751	751	1
752	752	1
753	753	1
754	754	1
755	755	1
756	756	1
757	757	1
758	758	-1
759	759	-3
760	760	-3
761	761	-1
762	762	-1
763	763	-3
764	764	1
765	765	1
766	766	-1
767	767	1
768	768	-1
769	769	1
770	770	1
771	771	-1
772	772	1
773	773	1
774	774	-1
775	775	-1
776	776	-1
777	777	-1
778	778	1
779	779	1
780	780	-3
781	781	-1
782	782	-1
783	783	-1
784	784	-1
785	785	1
786	786	-1
787	787	-1
788	788	1
789	789	-1
790	790	1
791	791	3
792	792	-1
793	793	-3
794	794	1
795	795	-1
796	796	1
797	797	1
798	798	-1
799	799	3
800	800	1
801	801	1
802	802	1
803	803	-1
804	804	1
805	805	-3
806	806	-1
807	807	-1
808	808	-1
809	809	3
810	810	-1
811	811	-1
812	812	1
813	813	-3
814	814	3
815	815	1
816	816	1
817	817	-1
818	818	1
819	819	3
820	820	3
821	821	-1
822	822	-1
823	823	1
824	824	1
825	825	-1
826	826	-3
827	827	-1
828	828	3
829	829	-1
830	830	1
831	831	1
832	832	-1
833	833	1
834	834	-1
835	835	1
836	836	-1
837	837	1
838	838	-3
839	839	-3
840	840	-1
841	841	3
842	842	-1
843	843	-1
844	844	1
845	845	1
846	846	1
847	847	1
848	848	-3
849	849	-1
850	850	-1
851	851	-3
852	852	-1
853	853	1
854	854	3
855	855	-1
856	856	-1
857	857	1
858	858	1
859	859	3
860	860	1
861	861	3
862	862	-1
863	863	-1
864	864	-3
865	865	1
866	866	-1
867	867	-1
868	868	-3
869	869	-1
870	870	1
871	871	3
872	872	-1
873	873	1
874	874	1
875	875	1
876	876	1
877	877	-1
878	878	-1
879	879	1
880	880	1
881	881	1
882	882	-1
883	883	-1
884	884	1
885	885	3
886	886	1
887	887	3
888	888	1
889	889	1
890	890	-3
891	891	1
892	892	1
893	893	-1
894	894	3
895	895	1
896	896	3
897	897	-1
898	898	3
899	899	-1
900	900	-1
901	901	-1
902	902	1
903	903	1
904	904	-1
905	905	-1
906	906	1
907	907	-1
908	908	3
909	909	-1
910	910	3
911	911	-1
912	912	-1
913	913	-1
914	914	1
915	915	1
916	916	1
917	917	3
918	918	-1
919	919	-1
920	920	-3
921	921	1
922	922	1
923	923	-1
924	924	1
925	925	3
926	926	1
927	927	-1
928	928	-1
929	929	3
930	930	1
931	931	1
932	932	-1
933	933	-1
934	934	1
935	935	-1
936	936	1
937	937	-1
938	938	1
939	939	-1
940	940	-1
941	941	3
942	942	1
943	943	3
944	944	-1
945	945	-3
946	946	-3
947	947	-3
948	948	-1
949	949	1
950	950	1
951	951	-1
952	952	1
953	953	-1
954	954	-3
955	955	-1
956	956	-1
957	957	-1
958	958	-1
959	959	1
960	960	-1
961	961	3
962	962	1
963	963	1
964	964	-3
965	965	-3
966	966	-1
967	967	-1
968	968	1
969	969	1
970	970	1
971	971	-1
972	972	1
973	973	-3
974	974	-3
975	975	1
976	976	3
977	977	3
978	978	1
979	979	-1
980	980	1
981	981	-1
982	982	1
983	983	-1
984	984	-1
985	985	-1
986	986	1
987	987	1
988	988	1
989	989	1
990	990	1
991	991	1
992	992	1
993	993	-1
994	994	-1
995	995	3
996	996	-1
997	997	1
998	998	1
999	999	3
1000	1000	-1
1001	1001	1
1002	1002	3
1003	1003	3
1004	1004	1
1005	1005	1
1006	1006	3
1007	1007	-1
1008	1008	-1
1009	1009	1
1010	1010	1
1011	1011	-1
1012	1012	-1
1013	1013	-1
1014	1014	1
1015	1015	-3
1016	1016	1
1017	1017	-3
1018	1018	-1
1019	1019	-1
1020	1020	1
1021	1021	-1
1022	1022	3
1023	1023	-1
1024	1024	1
1025	1025	2
1026	1026	2
1027	1027	-2
1028	1028	-2
1029	1029	-2
1030	1030	2
1031	1031	2
1032	1032	-2
1033	1033	-2
1034	1034	2
1035	1035	-2
1036	1036	2
1037	1037	2
1038	1038	2
1039	1039	-2
1040	1040	-2
1041	1041	-2
1042	1042	-2
1043	1043	-2
1044	1044	2
1045	1045	-2
1046	1046	-2
1047	1047	2
1048	1048	-2
1049	1049	2
1050	1050	-2
1051	1051	-2
1052	1052	-2
1053	1053	-2
1054	1054	2
1055	1055	-2
1056	1056	2
1057	1057	2
1058	1058	2
1059	1059	2
1060	1060	-2
1061	1061	2
1062	1062	2
1063	1063	-2
1064	1064	2
1065	1065	-2
1066	1066	2
1067	1067	-2
1068	1068	2
1069	1069	-2
1070	1070	2
1071	1071	-2
1072	1072	-2
1073	1073	-2
1074	1074	-2
1075	1075	-2
1076	1076	2
1077	1077	-2
1078	1078	2
1079	1079	-2
1080	1080	-2
1081	1081	2
1082	1082	2
1083	1083	-2
1084	1084	-2
1085	1085	-2
1086	1086	2
1087	1087	-2
1088	1088	-2
1089	1089	2
1090	1090	-2
1091	1091	2
1092	1092	2
1093	1093	-2
1094	1094	-2
1095	1095	2
1096	1096	-2
1097	1097	2
1098	1098	2
1099	1099	2
1100	1100	-2
1101	1101	2
1102	1102	2
1103	1103	-2
1104	1104	2
1105	1105	-2
1106	1106	2
1107	1107	2
1108	1108	-2
1109	1109	-2
1110	1110	2
1111	1111	-2
1112	1112	2
1113	1113	2
1114	1114	2
1115	1115	-2
1116	1116	-2
1117	1117	2
1118	1118	-2
1119	1119	-2
1120	1120	-2
1121	1121	-2
1122	1122	-2
1123	1123	2
1124	1124	-2
1125	1125	-2
1126	1126	2
1127	1127	2
1128	1128	2
1129	1129	2
1130	1130	2
1131	1131	2
1132	1132	2
1133	1133	-2
1134	1134	-2
1135	1135	-2
1136	1136	-2
1137	1137	-2
1138	1138	-2
1139	1139	2
1140	1140	2
1141	1141	-2
1142	1142	2
1143	1143	2
1144	1144	2
1145	1145	2
1146	1146	-2
1147	1147	2
1148	1148	-2
1149	1149	-2
1150	1150	2
1151	1151	-2
1152	1152	-2
1153	1153	-2
1154	1154	-2
1155	1155	-2
1156	1156	-2
1157	1157	-2
1158	1158	2
1159	1159	-2
1160	1160	2
1161	1161	2
1162	1162	-2
1163	1163	2
1164	1164	-2
1165	1165	-2
1166	1166	2
1167	1167	-2
1168	1168	2
1169	1169	2
1170	1170	-2
1171	1171	-2
1172	1172	2
1173	1173	2
1174	1174	2
1175	1175	-2
1176	1176	2
1177	1177	2
1178	1178	-2
1179	1179	2
1180	1180	-2
1181	1181	2
1182	1182	-2
1183	1183	-2
1184	1184	2
1185	1185	-2
1186	1186	2
1187	1187	2
1188	1188	-2
1189	1189	-2
1190	1190	2
1191	1191	2
1192	1192	-2
1193	1193	2
1194	1194	2
1195	1195	2
1196	1196	-2
1197	1197	-2
1198	1198	2
1199	1199	2
1200	1200	-2
1201	1201	2
1202	1202	-2
1203	1203	-2
1204	1204	-2
1205	1205	-2
1206	1206	2
1207	1207	-2
1208	1208	-2
1209	1209	2
1210	1210	-2
1211	1211	2
1212	1212	-2
1213	1213	2
1214	1214	2
1215	1215	-2
1216	1216	-2
1217	1217	-2
1218	1218	2
1219	1219	-2
1220	1220	2
1221	1221	-2
1222	1222	2
1223	1223	-2
1224	1224	2
1225	1225	-2
1226	1226	-2
1227	1227	-2
1228	1228	-2
1229	1229	-2
1230	1230	2
1231	1231	2
1232	1232	2
1233	1233	2
1234	1234	2
1235	1235	-2
1236	1236	-2
1237	1237	2
1238	1238	2
1239	1239	-2
1240	1240	-2
1241	1241	2
1242	1242	2
1243	1243	2
1244	1244	2
1245	1245	-2
1246	1246	-2
1247	1247	-2
1248	1248	-2
1249	1249	2
1250	1250	2
1251	1251	2
1252	1252	2
1253	1253	-2
1254	1254	-2
1255	1255	-2
1256	1256	-2
1257	1257	-2
1258	1258	-2
1259	1259	2
1260	1260	2
1261	1261	-2
1262	1262	2
1263	1263	2
1264	1264	-2
1265	1265	-2
1266	1266	-2
1267	1267	-2
1268	1268	-2
1269	1269	-2
1270	1270	2
1271	1271	-2
1272	1272	2
1273	1273	2
1274	1274	2
1275	1275	2
1276	1276	2
1277	1277	2
1278	1278	-2
1279	1279	2
1280	1280	2
1281	1281	-2
1282	1282	-2
1283	1283	2
1284	1284	2
1285	1285	2
1286	1286	-2
1287	1287	2
1288	1288	2
1289	1289	2
1290	1290	2
1291	1291	-2
1292	1292	2
1293	1293	-2
1294	1294	-2
1295	1295	2
1296	1296	2
1297	1297	-2
1298	1298	2
1299	1299	2
1300	1300	2
1301	1301	-2
1302	1302	2
1303	1303	-2
1304	1304	2
1305	1305	2
1306	1306	-2
1307	1307	-2
1308	1308	2
1309	1309	-2
1310	1310	-2
1311	1311	-2
1312	1312	-2
1313	1313	-2
1314	1314	2
1315	1315	2
1316	1316	-2
1317	1317	-2
1318	1318	2
1319	1319	2
1320	1320	2
1321	1321	2
1322	1322	-2
1323	1323	2
1324	1324	2
1325	1325	-2
1326	1326	-2
1327	1327	2
1328	1328	2
1329	1329	-2
1330	1330	2
1331	1331	-2
1332	1332	-2
1333	1333	2
1334	1334	-2
1335	1335	-2
1336	1336	2
1337	1337	-2
1338	1338	-2
1339	1339	2
1340	1340	-2
1341	1341	-2
1342	1342	2
1343	1343	-2
1344	1344	-2
1345	1345	-2
1346	1346	2
1347	1347	2
1348	1348	2
1349	1349	-2
1350	1350	-2
1351	1351	2
1352	1352	-2
1353	1353	2
1354	1354	-2
1355	1355	2
1356	1356	-2
1357	1357	2
1358	1358	2
1359	1359	2
1360	1360	-2
1361	1361	-2
1362	1362	-2
1363	1363	-2
1364	1364	2
1365	1365	2
1366	1366	2
1367	1367	-2
1368	1368	2
1369	1369	-2
1370	1370	-2
1371	1371	2
1372	1372	2
1373	1373	-2
1374	1374	2
1375	1375	2
1376	1376	2
1377	1377	2
1378	1378	2
1379	1379	-2
1380	1380	-2
1381	1381	2
1382	1382	-2
1383	1383	2
1384	1384	-2
1385	1385	-2
1386	1386	2
1387	1387	2
1388	1388	2
1389	1389	2
1390	1390	2
1391	1391	2
1392	1392	2
1393	1393	2
1394	1394	-2
1395	1395	-2
1396	1396	2
1397	1397	-2
1398	1398	-2
1399	1399	2
1400	1400	2
1401	1401	-2
1402	1402	2
1403	1403	-2
1404	1404	-2
1405	1405	-2
1406	1406	2
1407	1407	-2
1408	1408	-2
1409	1409	-2
1410	1410	-2
1411	1411	-2
1412	1412	2
1413	1413	-2
1414	1414	2
1415	1415	-2
1416	1416	2
1417	1417	2
1418	1418	2
1419	1419	2
1420	1420	-2
1421	1421	-2
1422	1422	2
1423	1423	2
1424	1424	2
1425	1425	-2
1426	1426	-2
1427	1427	-2
1428	1428	-2
1429	1429	-2
1430	1430	2
1431	1431	-2
1432	1432	2
1433	1433	2
1434	1434	-2
1435	1435	2
1436	1436	-2
1437	1437	-2
1438	1438	2
1439	1439	2
1440	1440	-2
1441	1441	-2
1442	1442	-2
1443	1443	2
1444	1444	-2
1445	1445	-2
1446	1446	-2
1447	1447	2
1448	1448	-2
1449	1449	-2
1450	1450	2
1451	1451	2
1452	1452	-2
1453	1453	-2
1454	1454	-2
1455	1455	2
1456	1456	-2
1457	1457	2
1458	1458	2
1459	1459	-2
1460	1460	-2
1461	1461	2
1462	1462	2
1463	1463	2
1464	1464	-2
1465	1465	-2
1466	1466	2
1467	1467	2
1468	1468	-2
1469	1469	2
1470	1470	-2
1471	1471	-2
1472	1472	2
1473	1473	-2
1474	1474	2
1475	1475	2
1476	1476	-2
1477	1477	2
1478	1478	2
1479	1479	2
1480	1480	-2
1481	1481	2
1482	1482	-2
1483	1483	-2
1484	1484	2
1485	1485	-2
1486	1486	-2
1487	1487	2
1488	1488	2
1489	1489	2
1490	1490	-2
1491	1491	2
1492	1492	-2
1493	1493	-2
1494	1494	-2
1495	1495	2
1496	1496	-2
1497	1497	2
1498	1498	2
1499	1499	2
1500	1500	2
1501	1501	-2
1502	1502	2
1503	1503	2
1504	1504	-2
1505	1505	2
1506	1506	-2
1507	1507	-2
1508	1508	-2
1509	1509	-2
1510	1510	-2
1511	1511	-2
1512	1512	-2
1513	1513	2
1514	1514	-2
1515	1515	-2
1516	1516	-2
1517	1517	2
1518	1518	-2
1519	1519	2
1520	1520	-2
1521	1521	-2
1522	1522	2
1523	1523	2
1524	1524	2
1525	1525	2
1526	1526	2
1527	1527	2
1528	1528	-2
1529	1529	2
1530	1530	-2
1531	1531	-2
1532	1532	2
1533	1533	-2
1534	1534	2
1535	1535	2
1536	1536	2
1537	1537	2
1538	1538	-2
1539	1539	-2
1540	1540	-2
1541	1541	2
1542	1542	2
1543	1543	-2
1544	1544	-2
1545	1545	-2
1546	1546	-2
1547	1547	2
1548	1548	-2
1549	1549	2
1550	1550	-2
1551	1551	2
1552	1552	-2
1553	1553	2
1554	1554	2
1555	1555	-2
1556	1556	-2
1557	1557	-2
1558	1558	2
1559	1559	-2
1560	1560	-2
1561	1561	-2
1562	1562	2
1563	1563	-2
1564	1564	-2
1565	1565	2
1566	1566	2
1567	1567	-2
1568	1568	-2
1569	1569	-2
1570	1570	2
1571	1571	-2
1572	1572	2
1573	1573	-2
1574	1574	2
1575	1575	-2
1576	1576	2
1577	1577	2
1578	1578	2
1579	1579	-2
1580	1580	-2
1581	1581	-2
1582	1582	2
1583	1583	-2
1584	1584	2
1585	1585	2
1586	1586	2
1587	1587	-2
1588	1588	-2
1589	1589	-2
1590	1590	-2
1591	1591	-2
1592	1592	2
1593	1593	2
1594	1594	2
1595	1595	-2
1596	1596	2
1597	1597	2
1598	1598	2
1599	1599	-2
1600	1600	-2
1601	1601	2
1602	1602	-2
1603	1603	-2
1604	1604	-2
1605	1605	2
1606	1606	2
1607	1607	-2
1608	1608	-2
1609	1609	-2
1610	1610	2
1611	1611	-2
1612	1612	2
1613	1613	2
1614	1614	2
1615	1615	-2
1616	1616	-2
1617	1617	-2
1618	1618	2
1619	1619	-2
1620	1620	-2
1621	1621	2
1622	1622	2
1623	1623	2
1624	1624	-2
1625	1625	-2
1626	1626	-2
1627	1627	2
1628	1628	2
1629	1629	-2
1630	1630	-2
1631	1631	-2
1632	1632	-2
1633	1633	2
1634	1634	-2
1635	1635	-2
1636	1636	2
1637	1637	2
1638	1638	-2
1639	1639	2
1640	1640	-2
1641	1641	-2
1642	1642	-2
1643	1643	-2
1644	1644	-2
1645	1645	-2
1646	1646	2
1647	1647	2
1648	1648	2
1649	1649	-2
1650	1650	-2
1651	1651	2
1652	1652	-2
1653	1653	2
1654	1654	2
1655	1655	2
1656	1656	-2
1657	1657	2
1658	1658	2
1659	1659	2
1660	1660	2
1661	1661	-2
1662	1662	-2
1663	1663	-2
1664	1664	-2
1665	1665	2
1666	1666	2
1667	1667	-2
1668	1668	-2
1669	1669	2
1670	1670	-2
1671	1671	-2
1672	1672	-2
1673	1673	2
1674	1674	2
1675	1675	2
1676	1676	-2
1677	1677	2
1678	1678	2
1679	1679	-2
1680	1680	2
1681	1681	-2
1682	1682	-2
1683	1683	2
1684	1684	-2
1685	1685	-2
1686	1686	-2
1687	1687	-2
1688	1688	2
1689	1689	-2
1690	1690	2
1691	1691	2
1692	1692	2
1693	1693	-2
1694	1694	2
1695	1695	2
1696	1696	-2
1697	1697	2
1698	1698	2
1699	1699	-2
1700	1700	2
1701	1701	-2
1702	1702	2
1703	1703	-2
1704	1704	-2
1705	1705	-2
1706	1706	-2
1707	1707	2
1708	1708	-2
1709	1709	2
1710	1710	2
1711	1711	-2
1712	1712	-2
1713	1713	2
1714	1714	2
1715	1715	-2
1716	1716	2
1717	1717	2
1718	1718	2
1719	1719	-2
1720	1720	-2
1721	1721	2
1722	1722	2
1723	1723	-2
1724	1724	-2
1725	1725	2
1726	1726	2
1727	1727	-2
1728	1728	-2
1729	1729	2
1730	1730	2
1731	1731	2
1732	1732	-2
1733	1733	2
1734	1734	2
1735	1735	-2
1736	1736	2
1737	1737	-2
1738	1738	-2
1739	1739	2
1740	1740	-2
1741	1741	2
1742	1742	-2
1743	1743	2
1744	1744	2
1745	1745	-2
1746	1746	2
1747	1747	-2
1748	1748	-2
1749	1749	-2
1750	1750	2
1751	1751	2
1752	1752	2
1753	1753	2
1754	1754	2
1755	1755	-2
1756	1756	2
1757	1757	2
1758	1758	2
1759	1759	2
1760	1760	2
1761	1761	2
1762	1762	-2
1763	1763	2
1764	1764	-2
1765	1765	-2
1766	1766	2
1767	1767	-2
1768	1768	2
1769	1769	-2
1770	1770	2
1771	1771	2
1772	1772	-2
1773	1773	2
1774	1774	2
1775	1775	-2
1776	1776	2
1777	1777	2
1778	1778	2
1779	1779	-2
1780	1780	-2
1781	1781	-2
1782	1782	2
1783	1783	2
1784	1784	-2
1785	1785	-2
1786	1786	-2
1787	1787	2
1788	1788	-2
1789	1789	-2
1790	1790	-2
1791	1791	-2
1792	1792	2
1793	1793	-2
1794	1794	-2
1795	1795	-2
1796	1796	2
1797	1797	2
1798	1798	-2
1799	1799	-2
1800	1800	2
1801	1801	-2
1802	1802	2
1803	1803	2
1804	1804	2
1805	1805	2
1806	1806	2
1807	1807	2
1808	1808	2
1809	1809	-2
1810	1810	2
1811	1811	-2
1812	1812	-2
1813	1813	-2
1814	1814	-2
1815	1815	-2
1816	1816	2
1817	1817	-2
1818	1818	-2
1819	1819	-2
1820	1820	-2
1821	1821	2
1822	1822	-2
1823	1823	2
1824	1824	2
1825	1825	-2
1826	1826	2
1827	1827	-2
1828	1828	-2
1829	1829	2
1830	1830	-2
1831	1831	-2
1832	1832	-2
1833	1833	-2
1834	1834	-2
1835	1835	-2
1836	1836	2
1837	1837	-2
1838	1838	2
1839	1839	2
1840	1840	-2
1841	1841	-2
1842	1842	-2
1843	1843	2
1844	1844	-2
1845	1845	-2
1846	1846	-2
1847	1847	-2
1848	1848	-2
1849	1849	-2
1850	1850	-2
1851	1851	2
1852	1852	-2
1853	1853	2
1854	1854	2
1855	1855	-2
1856	1856	-2
1857	1857	2
1858	1858	-2
1859	1859	2
1860	1860	2
1861	1861	-2
1862	1862	-2
1863	1863	-2
1864	1864	2
1865	1865	-2
1866	1866	-2
1867	1867	2
1868	1868	2
1869	1869	2
1870	1870	2
1871	1871	2
1872	1872	2
1873	1873	2
1874	1874	2
1875	1875	-2
1876	1876	-2
1877	1877	-2
1878	1878	2
1879	1879	-2
1880	1880	-2
1881	1881	2
1882	1882	2
1883	1883	2
1884	1884	-2
1885	1885	2
1886	1886	2
1887	1887	-2
1888	1888	2
1889	1889	-2
1890	1890	-2
1891	1891	-2
1892	1892	-2
1893	1893	2
1894	1894	-2
1895	1895	-2
1896	1896	-2
1897	1897	-2
1898	1898	-2
1899	1899	2
1900	1900	2
1901	1901	-2
1902	1902	-2
1903	1903	-2
1904	1904	2
1905	1905	-2
1906	1906	-2
1907	1907	2
1908	1908	-2
1909	1909	-2
1910	1910	-2
1911	1911	2
1912	1912	-2
1913	1913	-2
1914	1914	2
1915	1915	2
1916	1916	2
1917	1917	-2
1918	1918	2
1919	1919	2
1920	1920	2
1921	1921	2
1922	1922	-2
1923	1923	2
1924	1924	2
1925	1925	-2
1926	1926	2
1927	1927	2
1928	1928	-2
1929	1929	2
1930	1930	2
1931	1931	-2
1932	1932	2
1933	1933	2
1934	1934	-2
1935	1935	-2
1936	1936	-2
1937	1937	-2
1938	1938	-2
1939	1939	2
1940	1940	-2
1941	1941	2
1942	1942	2
1943	1943	2
1944	1944	-2
1945	1945	-2
1946	1946	2
1947	1947	2
1948	1948	-2
1949	1949	2
1950	1950	2
1951	1951	-2
1952	1952	2
1953	1953	-2
1954	1954	2
1955	1955	2
1956	1956	-2
1957	1957	2
1958	1958	2
1959	1959	2
1960	1960	2
1961	1961	-2
1962	1962	2
1963	1963	-2
1964	1964	2
1965	1965	-2
1966	1966	2
1967	1967	-2
1968	1968	2
1969	1969	2
1970	1970	2
1971	1971	-2
1972	1972	2
1973	1973	2
1974	1974	-2
1975	1975	-2
1976	1976	2
1977	1977	-2
1978	1978	2
1979	1979	-2
1980	1980	-2
1981	1981	2
1982	1982	2
1983	1983	-2
1984	1984	2
1985	1985	2
1986	1986	-2
1987	1987	2
1988	1988	2
1989	1989	-2
1990	1990	2
1991	1991	-2
1992	1992	-2
1993	1993	2
1994	1994	2
1995	1995	2
1996	1996	2
1997	1997	-2
1998	1998	2
1999	1999	-2
2000	2000	-2
2001	2001	-2
2002	2002	2
2003	2003	-2
2004	2004	-2
2005	2005	-2
2006	2006	2
2007	2007	2
2008	2008	2
2009	2009	-2
2010	2010	-2
2011	2011	-2
2012	2012	2
2013	2013	2
2014	2014	-2
2015	2015	2
2016	2016	-2
2017	2017	2
2018	2018	2
2019	2019	-2
2020	2020	-2
2021	2021	-2
2022	2022	2
2023	2023	2
2024	2024	-2
2025	2025	-2
2026	2026	-2
2027	2027	2
2028	2028	2
2029	2029	-2
2030	2030	2
2031	2031	2
2032	2032	-2
2033	2033	2
2034	2034	-2
2035	2035	2
2036	2036	-2
2037	2037	2
2038	2038	-2
2039	2039	2
2040	2040	2
2041	2041	2
2042	2042	-2
2043	2043	2
2044	2044	2
2045	2045	-2
2046	2046	2
2047	2047	2
2048	2048	2
1	74	1
1	111	1
1	235	1
1	589	1
1	624	1
1	661	1
1	1541	2
1	1648	2
1	2024	-2
2	154	1
2	188	1
2	257	1
2	435	1
2	601	1
2	969	1
2	1245	-2
2	1305	2
2	1968	2
3	8	1
3	351	1
3	433	1
3	578	1
3	709	1
3	856	1
3	1572	-2
3	1768	2
3	1991	-2
4	129	1
4	166	1
4	276	1
4	403	1
4	575	1
4	861	1
4	1428	-2
4	1431	2
4	1945	-2
5	454	1
5	492	1
5	652	1
5	769	1
5	810	1
5	907	1
5	1268	-2
5	1912	2
5	1951	-2
6	119	1
6	178	1
6	655	1
6	712	1
6	866	1
6	883	1
6	1156	2
6	1453	-2
6	1855	-2
7	144	1
7	602	1
7	701	1
7	749	1
7	757	1
7	856	1
7	1797	-2
7	1863	-2
7	1864	2
8	134	1
8	229	1
8	433	1
8	661	1
8	900	1
8	1122	-2
8	1128	-2
8	1991	-2
9	292	1
9	404	1
9	486	1
9	509	1
9	859	1
9	929	1
9	1241	2
9	1322	-2
9	1911	-2
10	76	1
10	243	1
10	699	1
10	742	1
10	771	1
10	956	1
10	1400	-2
10	1566	2
10	1694	-2
11	353	1
11	411	1
11	429	1
11	435	1
11	629	1
11	908	1
11	1202	-2
11	1454	-2
11	1850	-2
12	320	1
12	354	1
12	391	1
12	395	1
12	730	1
12	984	1
12	1518	-2
12	1603	-2
12	1665	-2
13	465	1
13	494	1
13	582	1
13	733	1
13	796	1
13	839	1
13	1580	2
13	1645	-2
13	1664	2
14	29	1
14	166	1
14	307	1
14	400	1
14	442	1
14	553	1
14	1157	2
14	1729	-2
14	1739	2
15	113	1
15	514	1
15	561	1
15	659	1
15	931	1
15	1011	1
15	1385	2
15	1590	-2
15	1759	-2
16	310	1
16	494	1
16	507	1
16	573	1
16	899	1
16	1024	1
16	1083	-2
16	1903	-2
16	1959	2
17	34	1
17	105	1
17	372	1
17	570	1
17	736	1
17	846	1
17	1115	2
17	1287	2
17	1942	2
18	148	1
18	311	1
18	395	1
18	599	1
18	874	1
18	915	1
18	1427	-2
18	1836	-2
18	2006	2
19	101	1
19	129	1
19	673	1
19	866	1
19	875	1
19	879	1
19	1563	-2
19	1615	-2
19	1964	-2
20	219	1
20	279	1
20	449	1
20	580	1
20	596	1
20	686	1
20	1118	2
20	1163	2
20	1225	-2
21	76	1
21	380	1
21	563	1
21	676	1
21	843	1
21	1020	1
21	1152	-2
21	1347	2
21	2028	2
22	183	1
22	338	1
22	529	1
22	642	1
22	806	1
22	824	1
22	1283	-2
22	1504	2
22	1829	2
23	82	1
23	101	1
23	157	1
23	613	1
23	626	1
23	912	1
23	1088	2
23	1154	-2
23	1901	2
24	430	1
24	530	1
24	589	1
24	917	1
24	932	1
24	955	1
24	1308	-2
24	1391	2
24	1696	-2
25	115	1
25	471	1
25	576	1
25	698	1
25	983	1
25	990	1
25	1732	-2
25	1824	2
25	2007	-2
26	239	1
26	362	1
26	585	1
26	681	1
26	822	1
26	838	1
26	1240	2
26	1538	2
26	1775	2
27	410	1
27	545	1
27	632	1
27	749	1
27	888	1
27	1004	1
27	1146	-2
27	1326	2
27	1792	2
28	185	1
28	219	1
28	656	1
28	735	1
28	797	1
28	844	1
28	1388	2
28	1761	2
28	1817	-2
29	127	1
29	166	1
29	501	1
29	689	1
29	739	1
29	1474	-2
29	1739	2
29	1986	2
30	110	1
30	274	1
30	432	1
30	536	1
30	773	1
30	780	1
30	1048	2
30	1061	-2
30	1395	2
31	145	1
31	466	1
31	643	1
31	742	1
31	803	1
31	891	1
31	1484	-2
31	1703	2
31	1904	-2
32	252	1
32	341	1
32	495	1
32	636	1
32	964	1
32	1023	1
32	1295	2
32	1795	2
32	1826	-2
33	92	1
33	241	1
33	267	1
33	570	1
33	855	1
33	989	1
33	1117	-2
33	1682	-2
33	1741	-2
34	72	1
34	105	1
34	168	1
34	389	1
34	532	1
34	1899	-2
34	1942	2
34	2002	2
35	52	1
35	202	1
35	662	1
35	687	1
35	818	1
35	953	1
35	1127	2
35	1187	2
35	1935	-2
36	75	1
36	232	1
36	377	1
36	485	1
36	559	1
36	744	1
36	1129	-2
36	1587	2
36	1915	2
37	233	1
37	493	1
37	554	1
37	577	1
37	798	1
37	948	1
37	1232	2
37	1324	-2
37	1842	-2
38	441	1
38	462	1
38	592	1
38	603	1
38	938	1
38	948	1
38	1199	-2
38	1497	2
38	2037	2
39	65	1
39	384	1
39	476	1
39	531	1
39	614	1
39	678	1
39	1078	-2
39	1277	2
39	1946	2
40	296	1
40	355	1
40	467	1
40	734	1
40	786	1
40	827	1
40	1211	-2
40	1574	2
40	1990	-2
41	56	1
41	65	1
41	149	1
41	809	1
41	833	1
41	981	1
41	1313	-2
41	1353	-2
41	2033	2
42	253	1
42	256	1
42	308	1
42	444	1
42	615	1
42	708	1
42	1205	-2
42	1512	-2
42	1531	2
43	204	1
43	249	1
43	285	1
43	373	1
43	486	1
43	916	1
43	1095	2
43	1345	-2
43	1913	-2
44	64	1
44	334	1
44	339	1
44	533	1
44	794	1
44	882	1
44	1354	-2
44	1501	-2
44	1999	2
45	84	1
45	258	1
45	378	1
45	640	1
45	647	1
45	667	1
45	1080	2
45	1630	2
45	2026	-2
46	312	1
46	430	1
46	444	1
46	531	1
46	550	1
46	963	1
46	1112	2
46	1526	2
46	1906	2
47	285	1
47	502	1
47	510	1
47	768	1
47	923	1
47	931	1
47	1434	-2
47	1597	-2
47	1902	2
48	103	1
48	115	1
48	226	1
48	565	1
48	726	1
48	947	1
48	1111	2
48	1402	-2
48	1528	-2
49	95	1
49	544	1
49	556	1
49	576	1
49	647	1
49	693	1
49	1102	-2
49	1340	2
49	1751	2
50	370	1
50	440	1
50	535	1
50	675	1
50	895	1
50	951	1
50	1184	-2
50	1312	-2
50	1631	-2
51	112	1
51	215	1
51	382	1
51	516	1
51	735	1
51	1003	1
51	1162	-2
51	1654	2
51	1878	2
52	390	1
52	696	1
52	818	1
52	873	1
52	920	1
52	1127	2
52	1600	2
52	1876	2
53	249	1
53	398	1
53	498	1
53	581	1
53	961	1
53	985	1
53	1043	2
53	1143	2
53	1611	-2
54	108	1
54	358	1
54	611	1
54	768	1
54	897	1
54	989	1
54	1238	2
54	1375	-2
54	1926	2
55	120	1
55	203	1
55	583	1
55	709	1
55	933	1
55	1001	1
55	1051	2
55	1366	-2
55	1992	-2
56	149	1
56	330	1
56	728	1
56	756	1
56	818	1
56	1353	-2
56	1757	-2
56	1777	-2
57	208	1
57	600	1
57	612	1
57	697	1
57	705	1
57	844	1
57	1302	2
57	1722	-2
57	1900	2
58	64	1
58	250	1
58	310	1
58	571	1
58	953	1
58	1017	1
58	1035	2
58	1808	-2
58	1833	2
59	231	1
59	406	1
59	680	1
59	781	1
59	832	1
59	1000	1
59	1441	-2
59	1747	2
59	1750	2
60	299	1
60	422	1
60	607	1
60	633	1
60	767	1
60	994	1
60	1480	-2
60	1506	2
60	1613	-2
61	139	1
61	191	1
61	222	1
61	229	1
61	611	1
61	721	1
61	1359	-2
61	1622	2
61	1867	2
62	171	1
62	699	1
62	830	1
62	859	1
62	941	1
62	1012	1
62	1384	-2
62	1647	2
62	1979	-2
63	493	1
63	666	1
63	730	1
63	775	1
63	870	1
63	1013	1
63	1170	2
63	1562	-2
63	2047	-2
64	121	1
64	310	1
64	533	1
64	661	1
64	1354	-2
64	1711	-2
64	1833	2
65	209	1
65	507	1
65	614	1
65	833	1
65	1365	-2
65	1946	2
65	2033	2
66	361	1
66	434	1
66	640	1
66	928	1
66	988	1
66	1022	1
66	1379	-2
66	1386	-2
66	1993	-2
67	121	1
67	152	1
67	665	1
67	914	1
67	924	1
67	1015	1
67	1331	2
67	1692	-2
67	1918	-2
68	81	1
68	275	1
68	685	1
68	713	1
68	731	1
68	879	1
68	1410	2
68	1514	-2
68	1730	2
69	208	1
69	493	1
69	515	1
69	587	1
69	741	1
69	745	1
69	1033	-2
69	1304	-2
69	1928	2
70	278	1
70	412	1
70	776	1
70	796	1
70	914	1
70	1000	1
70	1317	2
70	1641	-2
70	1669	2
71	98	1
71	340	1
71	369	1
71	463	1
71	600	1
71	752	1
71	1025	-2
71	1282	2
71	1300	-2
72	389	1
72	425	1
72	481	1
72	513	1
72	811	1
72	1393	-2
72	1814	2
72	1899	-2
73	131	1
73	607	1
73	693	1
73	916	1
73	959	1
73	1022	1
73	1267	-2
73	1519	2
73	1983	2
74	362	1
74	402	1
74	496	1
74	624	1
74	772	1
74	1166	2
74	1675	2
74	2024	-2
75	480	1
75	534	1
75	744	1
75	759	1
75	809	1
75	1440	-2
75	1915	2
75	2025	2
76	243	1
76	676	1
76	737	1
76	826	1
76	1347	2
76	1694	-2
76	1886	-2
77	338	1
77	441	1
77	489	1
77	517	1
77	856	1
77	989	1
77	1032	-2
77	1284	-2
77	1536	2
78	124	1
78	144	1
78	238	1
78	787	1
78	935	1
78	974	1
78	1220	2
78	1231	-2
78	1335	2
79	168	1
79	645	1
79	652	1
79	653	1
79	977	1
79	988	1
79	1578	2
79	1721	-2
79	1919	2
80	143	1
80	212	1
80	395	1
80	438	1
80	600	1
80	823	1
80	1141	-2
80	1361	-2
80	1445	2
81	187	1
81	283	1
81	650	1
81	731	1
81	769	1
81	1410	2
81	1422	-2
81	1780	2
82	140	1
82	157	1
82	645	1
82	646	1
82	700	1
82	1154	-2
82	1279	-2
82	1318	2
83	138	1
83	288	1
83	405	1
83	809	1
83	928	1
83	973	1
83	1243	2
83	1280	-2
83	1586	-2
84	486	1
84	537	1
84	647	1
84	680	1
84	973	1
84	1547	-2
84	1630	2
84	1854	-2
85	184	1
85	232	1
85	262	1
85	369	1
85	559	1
85	777	1
85	1084	-2
85	1209	2
85	1542	-2
86	167	1
86	448	1
86	482	1
86	508	1
86	669	1
86	877	1
86	1123	-2
86	1159	-2
86	1859	-2
87	233	1
87	375	1
87	554	1
87	691	1
87	821	1
87	854	1
87	1196	-2
87	1448	2
87	1839	2
88	223	1
88	304	1
88	556	1
88	747	1
88	858	1
88	940	1
88	1289	2
88	1297	-2
88	1961	2
89	177	1
89	300	1
89	592	1
89	696	1
89	757	1
89	962	1
89	1176	2
89	1189	-2
89	1206	2
90	158	1
90	406	1
90	646	1
90	847	1
90	915	1
90	1009	1
90	1200	-2
90	1350	2
90	1914	2
91	142	1
91	315	1
91	415	1
91	464	1
91	466	1
91	609	1
91	1090	2
91	1171	2
91	1882	2
92	497	1
92	677	1
92	783	1
92	918	1
92	989	1
92	1065	2
92	1183	2
92	1682	-2
93	153	1
93	263	1
93	490	1
93	504	1
93	862	1
93	964	1
93	1676	-2
93	1718	-2
93	1796	-2
94	288	1
94	616	1
94	633	1
94	778	1
94	860	1
94	911	1
94	1132	-2
94	1316	2
94	1510	-2
95	359	1
95	504	1
95	540	1
95	669	1
95	693	1
95	1340	2
95	1515	-2
95	1584	2
96	246	1
96	327	1
96	446	1
96	453	1
96	551	1
96	907	1
96	1104	-2
96	1180	-2
96	1481	-2
97	109	1
97	210	1
97	244	1
97	365	1
97	482	1
97	981	1
97	1266	2
97	1889	2
97	1966	2
98	263	1
98	317	1
98	369	1
98	687	1
98	816	1
98	1282	2
98	1598	-2
98	1851	2
99	124	1
99	224	1
99	393	1
99	492	1
99	591	1
99	922	1
99	1369	-2
99	1414	2
99	1720	-2
100	264	1
100	284	1
100	311	1
100	321	1
100	560	1
100	848	1
100	1805	-2
100	1809	-2
100	2042	-2
101	120	1
101	260	1
101	875	1
101	912	1
101	1472	-2
101	1615	-2
101	1901	2
102	134	1
102	587	1
102	617	1
102	694	1
102	803	1
102	945	1
102	1278	2
102	1334	-2
102	1627	2
103	169	1
103	651	1
103	672	1
103	726	1
103	871	1
103	1236	2
103	1402	-2
103	1576	2
104	358	1
104	598	1
104	672	1
104	764	1
104	841	1
104	904	1
104	1503	2
104	1681	2
104	1822	-2
105	516	1
105	583	1
105	815	1
105	885	1
105	1074	-2
105	1293	-2
105	1942	2
106	237	1
106	322	1
106	375	1
106	451	1
106	923	1
106	1014	1
106	1556	-2
106	1633	2
106	1888	-2
107	206	1
107	287	1
107	448	1
107	659	1
107	741	1
107	826	1
107	1101	2
107	1339	-2
107	2018	2
108	172	1
108	199	1
108	586	1
108	877	1
108	989	1
108	1368	-2
108	1375	-2
108	1997	2
109	161	1
109	482	1
109	555	1
109	865	1
109	875	1
109	1290	2
109	1905	2
109	1966	2
110	247	1
110	410	1
110	460	1
110	562	1
110	780	1
110	1377	-2
110	1395	2
110	1699	2
111	262	1
111	337	1
111	661	1
111	758	1
111	844	1
111	1541	2
111	1646	-2
111	1844	2
112	249	1
112	427	1
112	689	1
112	934	1
112	1003	1
112	1120	2
112	1346	2
112	1878	2
113	123	1
113	499	1
113	751	1
113	852	1
113	931	1
113	1590	-2
113	1689	-2
113	2012	2
114	244	1
114	256	1
114	347	1
114	417	1
114	543	1
114	675	1
114	1228	-2
114	1856	2
114	2013	-2
115	496	1
115	558	1
115	565	1
115	698	1
115	1344	2
115	1528	-2
115	1824	2
116	123	1
116	473	1
116	804	1
116	829	1
116	901	1
116	917	1
116	1753	-2
116	1765	-2
116	1907	-2
117	240	1
117	283	1
117	495	1
117	573	1
117	603	1
117	692	1
117	1920	2
117	1943	2
117	1973	-2
118	286	1
118	304	1
118	613	1
118	690	1
118	830	1
118	927	1
118	1523	-2
118	1830	2
118	2022	-2
119	147	1
119	314	1
119	442	1
119	445	1
119	712	1
119	1262	-2
119	1508	2
119	1855	-2
120	260	1
120	282	1
120	709	1
120	941	1
120	1051	2
120	1472	-2
120	1949	2
121	193	1
121	503	1
121	661	1
121	914	1
121	1570	2
121	1692	-2
121	1711	-2
122	126	1
122	351	1
122	369	1
122	427	1
122	762	1
122	930	1
122	1465	-2
122	1478	-2
122	1583	-2
123	209	1
123	852	1
123	917	1
123	932	1
123	1588	2
123	1765	-2
123	2012	2
124	238	1
124	266	1
124	591	1
124	619	1
124	1114	2
124	1220	2
124	1414	2
125	330	1
125	388	1
125	648	1
125	849	1
125	903	1
125	967	1
125	1160	-2
125	1502	-2
125	1784	2
126	369	1
126	522	1
126	610	1
126	810	1
126	967	1
126	1429	2
126	1478	-2
126	1491	2
127	185	1
127	254	1
127	270	1
127	501	1
127	723	1
127	1121	-2
127	1618	2
127	1986	2
128	494	1
128	547	1
128	606	1
128	745	1
128	806	1
128	835	1
128	1153	-2
128	1415	-2
128	1492	2
129	379	1
129	402	1
129	861	1
129	879	1
129	1428	-2
129	1563	-2
129	1636	-2
130	173	1
130	286	1
130	409	1
130	539	1
130	682	1
130	848	1
130	1193	2
130	1680	-2
130	1941	2
131	179	1
131	386	1
131	537	1
131	837	1
131	1022	1
131	1496	-2
131	1519	2
131	1831	2
132	137	1
132	166	1
132	324	1
132	404	1
132	447	1
132	597	1
132	1860	-2
132	1891	2
132	1895	2
133	155	1
133	157	1
133	180	1
133	352	1
133	540	1
133	843	1
133	1055	2
133	1139	2
133	1174	-2
134	139	1
134	296	1
134	661	1
134	803	1
134	1128	-2
134	1546	2
134	1627	2
135	462	1
135	599	1
135	697	1
135	908	1
135	937	1
135	998	1
135	1294	-2
135	1404	2
135	1975	2
136	147	1
136	159	1
136	343	1
136	419	1
136	704	1
136	899	1
136	1371	-2
136	1884	2
136	1938	2
137	254	1
137	525	1
137	597	1
137	656	1
137	801	1
137	1186	-2
137	1740	-2
137	1860	-2
138	187	1
138	405	1
138	526	1
138	618	1
138	911	1
138	1131	-2
138	1203	-2
138	1280	-2
139	191	1
139	284	1
139	296	1
139	824	1
139	1359	-2
139	1546	2
139	1695	2
140	359	1
140	365	1
140	700	1
140	820	1
140	1010	1
140	1079	-2
140	1279	-2
140	1323	2
141	386	1
141	584	1
141	673	1
141	831	1
141	926	1
141	982	1
141	1106	2
141	1249	-2
141	1462	2
142	281	1
142	296	1
142	415	1
142	488	1
142	610	1
142	1171	2
142	1500	2
142	1632	2
143	245	1
143	395	1
143	592	1
143	933	1
143	960	1
143	1361	-2
143	1456	2
143	1652	2
144	351	1
144	602	1
144	883	1
144	974	1
144	1335	2
144	1781	-2
144	1863	-2
145	163	1
145	168	1
145	568	1
145	787	1
145	891	1
145	1399	-2
145	1788	-2
145	1904	-2
146	218	1
146	337	1
146	519	1
146	599	1
146	648	1
146	975	1
146	1286	2
146	1685	-2
146	1877	2
147	159	1
147	442	1
147	522	1
147	944	1
147	1262	-2
147	1884	2
147	1995	-2
148	286	1
148	324	1
148	538	1
148	599	1
148	770	1
148	1522	-2
148	1713	-2
148	1836	-2
149	172	1
149	401	1
149	615	1
149	814	1
149	1201	2
149	1353	-2
149	1873	2
150	152	1
150	236	1
150	574	1
150	621	1
150	639	1
150	746	1
150	1534	2
150	1612	-2
150	1758	-2
151	426	1
151	437	1
151	458	1
151	627	1
151	900	1
151	922	1
151	1036	-2
151	1749	-2
151	1838	2
152	696	1
152	746	1
152	924	1
152	991	1
152	1169	-2
152	1331	2
152	1612	-2
153	206	1
153	227	1
153	590	1
153	889	1
153	964	1
153	1489	2
153	1557	2
153	1718	-2
154	193	1
154	257	1
154	360	1
154	423	1
154	783	1
154	1305	2
154	1548	2
154	1950	2
155	162	1
155	231	1
155	517	1
155	540	1
155	776	1
155	1139	2
155	1956	2
155	1978	2
156	161	1
156	605	1
156	692	1
156	716	1
156	832	1
156	927	1
156	1222	-2
156	1554	2
156	2003	-2
157	644	1
157	726	1
157	843	1
157	1040	2
157	1055	2
157	1154	-2
158	171	1
158	306	1
158	755	1
158	847	1
158	887	1
158	1306	-2
158	1549	-2
158	1914	2
159	230	1
159	902	1
159	944	1
159	972	1
159	1173	2
159	1485	2
159	1884	2
160	479	1
160	565	1
160	679	1
160	786	1
160	963	1
160	1010	1
160	1094	2
160	1821	-2
160	1823	-2
161	255	1
161	371	1
161	555	1
161	716	1
161	1493	-2
161	1905	2
161	2003	-2
162	218	1
162	231	1
162	439	1
162	918	1
162	1005	1
162	1027	2
162	1270	-2
162	1978	2
163	191	1
163	568	1
163	581	1
163	812	1
163	1006	1
163	1233	-2
163	1788	-2
163	1816	2
164	405	1
164	538	1
164	562	1
164	767	1
164	950	1
164	1024	1
164	1602	-2
164	1661	-2
164	1998	-2
165	238	1
165	300	1
165	391	1
165	466	1
165	638	1
165	978	1
165	1085	-2
165	1754	-2
165	2009	2
166	276	1
166	324	1
166	1739	2
166	1895	2
166	1945	-2
167	439	1
167	457	1
167	877	1
167	913	1
167	996	1
167	1109	2
167	1159	-2
167	1524	-2
168	532	1
168	787	1
168	988	1
168	1399	-2
168	1578	2
168	2002	2
169	651	1
169	674	1
169	753	1
169	760	1
169	774	1
169	1030	-2
169	1236	2
169	1715	-2
170	422	1
170	481	1
170	607	1
170	718	1
170	860	1
170	927	1
170	1208	-2
170	1560	-2
170	1790	-2
171	684	1
171	699	1
171	755	1
171	772	1
171	1298	-2
171	1384	-2
171	1549	-2
172	181	1
172	578	1
172	814	1
172	877	1
172	1201	2
172	1763	-2
172	1997	2
173	177	1
173	205	1
173	654	1
173	848	1
173	1014	1
173	1621	2
173	1680	-2
173	1835	2
174	586	1
174	625	1
174	667	1
174	688	1
174	923	1
174	983	1
174	1271	-2
174	1307	2
174	1872	2
175	367	1
175	502	1
175	585	1
175	649	1
175	761	1
175	814	1
175	1794	2
175	1853	2
175	2011	-2
176	202	1
176	291	1
176	388	1
176	474	1
176	734	1
176	951	1
176	1446	-2
176	1666	2
176	1743	2
177	216	1
177	262	1
177	962	1
177	1014	1
177	1189	-2
177	1264	2
177	1621	2
178	191	1
178	485	1
178	660	1
178	743	1
178	883	1
178	1067	-2
178	1147	2
178	1156	2
179	326	1
179	386	1
179	393	1
179	484	1
179	840	1
179	1219	-2
179	1726	2
179	1831	2
180	352	1
180	561	1
180	593	1
180	969	1
180	1001	1
180	1174	-2
180	1789	2
180	1953	-2
181	229	1
181	327	1
181	565	1
181	567	1
181	578	1
181	1137	-2
181	1527	2
181	1763	-2
182	219	1
182	437	1
182	694	1
182	759	1
182	779	1
182	937	1
182	1158	2
182	1352	-2
182	1656	2
183	506	1
183	806	1
183	954	1
183	985	1
183	993	1
183	1028	2
183	1075	2
183	1504	2
184	204	1
184	262	1
184	446	1
184	944	1
184	987	1
184	1209	2
184	1407	-2
184	1498	-2
185	270	1
185	574	1
185	797	1
185	949	1
185	1121	-2
185	1761	2
185	1803	2
186	269	1
186	300	1
186	334	1
186	591	1
186	874	1
186	973	1
186	1177	-2
186	1827	2
186	1862	2
187	283	1
187	487	1
187	799	1
187	911	1
187	1131	-2
187	1422	-2
187	1688	2
188	480	1
188	522	1
188	701	1
188	969	1
188	990	1
188	1108	2
188	1260	2
188	1968	2
189	310	1
189	384	1
189	454	1
189	484	1
189	801	1
189	963	1
189	1421	2
189	1616	2
189	1896	-2
190	298	1
190	321	1
190	563	1
190	614	1
190	890	1
190	967	1
190	1376	-2
190	1581	2
190	1996	-2
191	485	1
191	812	1
191	1067	-2
191	1233	-2
191	1359	-2
192	235	1
192	350	1
192	372	1
192	680	1
192	807	1
192	861	1
192	1555	-2
192	1668	2
192	1723	2
193	383	1
193	423	1
193	503	1
193	863	1
193	1373	-2
193	1570	2
193	1950	2
194	365	1
194	518	1
194	722	1
194	845	1
194	958	1
194	1017	1
194	1071	-2
194	1435	-2
194	1910	2
195	271	1
195	396	1
195	451	1
195	459	1
195	476	1
195	663	1
195	1214	-2
195	1672	2
195	1871	-2
196	214	1
196	362	1
196	435	1
196	545	1
196	800	1
196	892	1
196	1098	-2
196	1667	2
196	1793	-2
197	248	1
197	334	1
197	534	1
197	547	1
197	590	1
197	747	1
197	1207	-2
197	1425	-2
197	2005	-2
198	363	1
198	378	1
198	689	1
198	836	1
198	839	1
198	1003	1
198	1044	2
198	1356	2
198	2034	-2
199	413	1
199	586	1
199	851	1
199	902	1
199	965	1
199	1140	-2
199	1368	-2
199	1604	2
200	301	1
200	390	1
200	449	1
200	616	1
200	847	1
200	956	1
200	1471	2
200	1582	2
200	1954	-2
201	256	1
201	608	1
201	719	1
201	779	1
201	871	1
201	942	1
201	1100	2
201	1204	-2
201	1389	-2
202	277	1
202	420	1
202	734	1
202	953	1
202	1507	2
202	1743	2
202	1935	-2
203	346	1
203	583	1
203	623	1
203	717	1
203	968	1
203	1848	-2
203	1898	2
203	1992	-2
204	236	1
204	249	1
204	265	1
204	446	1
204	1345	-2
204	1407	-2
204	2004	-2
205	363	1
205	622	1
205	654	1
205	738	1
205	1007	1
205	1119	2
205	1835	2
205	2021	2
206	227	1
206	332	1
206	357	1
206	448	1
206	1557	2
206	1717	-2
206	2018	2
207	227	1
207	455	1
207	490	1
207	841	1
207	850	1
207	1006	1
207	1466	2
207	1673	2
207	1843	-2
208	367	1
208	587	1
208	639	1
208	705	1
208	1033	-2
208	1302	2
208	1801	2
209	379	1
209	507	1
209	749	1
209	932	1
209	1365	-2
209	1588	2
209	1710	2
210	244	1
210	447	1
210	656	1
210	705	1
210	952	1
210	1167	-2
210	1748	-2
210	1889	2
211	459	1
211	499	1
211	732	1
211	777	1
211	905	1
211	938	1
211	1068	-2
211	1144	2
211	1161	2
212	450	1
212	632	1
212	753	1
212	823	1
212	961	1
212	1141	-2
212	1188	-2
212	1540	2
213	243	1
213	290	1
213	383	1
213	544	1
213	854	1
213	1009	1
213	1046	-2
213	1976	-2
213	2014	2
214	382	1
214	450	1
214	800	1
214	906	1
214	976	1
214	1601	2
214	1659	2
214	1667	2
215	324	1
215	516	1
215	670	1
215	703	1
215	979	1
215	1382	2
215	1654	2
215	1927	2
216	262	1
216	302	1
216	347	1
216	474	1
216	970	1
216	1264	2
216	1962	2
216	1982	2
217	253	1
217	303	1
217	425	1
217	433	1
217	686	1
217	943	1
217	1212	2
217	1461	2
217	1934	2
218	348	1
218	519	1
218	918	1
218	957	1
218	1270	-2
218	1685	-2
218	1697	-2
219	686	1
219	694	1
219	844	1
219	1158	2
219	1225	-2
219	1817	-2
220	274	1
220	468	1
220	640	1
220	685	1
220	822	1
220	878	1
220	1149	-2
220	1181	-2
220	1712	-2
221	326	1
221	398	1
221	529	1
221	840	1
221	867	1
221	1012	1
221	1053	-2
221	1825	2
221	1939	-2
222	472	1
222	500	1
222	611	1
222	711	1
222	721	1
222	1031	2
222	1852	2
222	1867	2
223	411	1
223	720	1
223	743	1
223	890	1
223	940	1
223	1197	2
223	1565	-2
223	1961	2
224	739	1
224	822	1
224	922	1
224	954	1
224	980	1
224	1544	-2
224	1720	-2
224	2032	2
225	319	1
225	333	1
225	673	1
225	715	1
225	720	1
225	746	1
225	1029	-2
225	1364	-2
225	1972	-2
226	333	1
226	343	1
226	873	1
226	947	1
226	981	1
226	1111	2
226	1198	2
226	1513	-2
227	490	1
227	625	1
227	794	1
227	1285	-2
227	1557	2
227	1843	-2
228	309	1
228	376	1
228	468	1
228	885	1
228	916	1
228	987	1
228	1438	2
228	1687	-2
228	1772	2
229	567	1
229	721	1
229	900	1
229	1122	-2
229	1527	2
229	1622	2
230	523	1
230	541	1
230	760	1
230	894	1
230	972	1
230	1485	2
230	1671	-2
230	2029	2
231	427	1
231	731	1
231	781	1
231	1239	-2
231	1441	-2
231	1978	2
232	344	1
232	369	1
232	485	1
232	557	1
232	1178	2
232	1542	-2
232	1587	2
233	676	1
233	838	1
233	854	1
233	948	1
233	1196	-2
233	1232	2
233	1651	-2
234	260	1
234	432	1
234	527	1
234	597	1
234	975	1
234	988	1
234	1372	2
234	1520	-2
234	1577	-2
235	350	1
235	463	1
235	589	1
235	662	1
235	1648	2
235	1702	-2
235	1723	2
236	265	1
236	487	1
236	621	1
236	926	1
236	1663	-2
236	1758	-2
236	2004	-2
237	411	1
237	721	1
237	727	1
237	767	1
237	923	1
237	1103	-2
237	1773	-2
237	1888	-2
238	391	1
238	489	1
238	650	1
238	1220	2
238	1649	2
238	2009	2
239	328	1
239	397	1
239	760	1
239	838	1
239	930	1
239	1360	-2
239	1737	2
239	1775	2
240	515	1
240	573	1
240	706	1
240	819	1
240	940	1
240	1846	-2
240	1920	2
240	2023	2
241	267	1
241	313	1
241	543	1
241	657	1
241	704	1
241	1315	2
241	1741	-2
241	1989	2
242	255	1
242	257	1
242	295	1
242	448	1
242	630	1
242	800	1
242	1625	-2
242	1707	2
242	1752	-2
243	544	1
243	770	1
243	898	1
243	1227	-2
243	1694	-2
243	2014	2
244	256	1
244	702	1
244	891	1
244	1099	2
244	1228	-2
244	1889	2
245	307	1
245	400	1
245	695	1
245	960	1
245	980	1
245	1130	2
245	1456	2
245	1807	2
246	273	1
246	484	1
246	593	1
246	907	1
246	976	1
246	1104	-2
246	1984	2
246	2020	-2
247	350	1
247	562	1
247	646	1
247	675	1
247	700	1
247	1349	2
247	1650	-2
247	1699	2
248	747	1
248	750	1
248	753	1
248	874	1
248	987	1
248	1041	-2
248	1988	2
248	2005	-2
249	934	1
249	961	1
249	1143	2
249	1345	-2
249	1346	2
250	420	1
250	449	1
250	702	1
250	795	1
250	1017	1
250	1035	2
250	1301	-2
250	1980	2
251	297	1
251	343	1
251	394	1
251	399	1
251	653	1
251	884	1
251	1237	-2
251	1348	-2
251	2016	2
252	495	1
252	561	1
252	568	1
252	606	1
252	924	1
252	1295	2
252	1551	2
252	1766	-2
253	276	1
253	425	1
253	708	1
253	1011	1
253	1205	-2
253	1879	-2
253	1934	2
254	698	1
254	723	1
254	801	1
254	878	1
254	1511	2
254	1618	2
254	1740	-2
255	371	1
255	630	1
255	695	1
255	881	1
255	1417	2
255	1493	-2
255	1752	-2
256	308	1
256	719	1
256	1228	-2
256	1389	-2
256	1512	-2
257	282	1
257	800	1
257	954	1
257	1305	2
257	1470	2
257	1707	2
258	500	1
258	582	1
258	640	1
258	690	1
258	803	1
258	1049	-2
258	1080	2
258	1936	2
259	392	1
259	438	1
259	488	1
259	526	1
259	772	1
259	1024	1
259	1135	2
259	1432	2
259	1894	-2
260	617	1
260	733	1
260	975	1
260	1372	2
260	1472	-2
260	1806	-2
261	265	1
261	341	1
261	456	1
261	496	1
261	555	1
261	945	1
261	1077	-2
261	1337	2
261	1486	-2
262	337	1
262	1209	2
262	1264	2
262	1646	-2
263	340	1
263	378	1
263	687	1
263	862	1
263	1248	-2
263	1598	-2
263	1796	-2
264	311	1
264	519	1
264	652	1
264	829	1
264	841	1
264	1635	-2
264	1809	-2
264	1909	2
265	341	1
265	546	1
265	896	1
265	1138	-2
265	1486	-2
265	2004	-2
266	371	1
266	539	1
266	619	1
266	635	1
266	808	1
266	1114	2
266	1449	2
266	1567	2
267	491	1
267	546	1
267	551	1
267	695	1
267	1412	-2
267	1575	-2
267	1741	-2
268	393	1
268	437	1
268	712	1
268	774	1
268	792	1
268	936	1
268	1251	-2
268	1320	2
268	1341	2
269	300	1
269	408	1
269	428	1
269	543	1
269	631	1
269	1269	-2
269	1827	2
269	2045	2
270	391	1
270	439	1
270	687	1
270	980	1
270	1121	-2
270	1619	2
270	2039	-2
271	407	1
271	533	1
271	663	1
271	683	1
271	886	1
271	1045	2
271	1214	-2
271	1865	-2
272	316	1
272	549	1
272	622	1
272	648	1
272	682	1
272	834	1
272	1383	-2
272	1637	2
272	1678	-2
273	357	1
273	525	1
273	912	1
273	976	1
273	1017	1
273	1521	2
273	1530	-2
273	2020	-2
274	295	1
274	773	1
274	851	1
274	878	1
274	1061	-2
274	1181	-2
274	1594	-2
275	297	1
275	533	1
275	812	1
275	879	1
275	911	1
275	1054	2
275	1705	-2
275	1730	2
276	588	1
276	751	1
276	1011	1
276	1879	-2
276	1917	2
276	1945	-2
277	299	1
277	329	1
277	420	1
277	505	1
277	521	1
277	1057	-2
277	1507	2
277	1738	2
278	426	1
278	608	1
278	802	1
278	968	1
278	1000	1
278	1314	2
278	1423	2
278	1669	2
279	480	1
279	497	1
279	580	1
279	868	1
279	920	1
279	1163	2
279	1802	2
279	1893	-2
280	287	1
280	328	1
280	352	1
280	566	1
280	601	1
280	997	1
280	1479	-2
280	1892	2
280	2041	2
281	368	1
281	460	1
281	605	1
281	610	1
281	623	1
281	1263	-2
281	1632	2
281	1819	-2
282	454	1
282	786	1
282	941	1
282	954	1
282	1327	2
282	1470	2
282	1949	2
283	664	1
283	692	1
283	1010	1
283	1422	-2
283	1755	-2
283	1973	-2
284	321	1
284	328	1
284	824	1
284	891	1
284	1695	2
284	1887	-2
284	2042	-2
285	641	1
285	768	1
285	823	1
285	916	1
285	1116	2
285	1597	-2
285	1913	-2
286	324	1
286	682	1
286	927	1
286	1193	2
286	1522	-2
286	1830	2
287	470	1
287	601	1
287	741	1
287	791	1
287	1101	2
287	1479	-2
287	1728	-2
288	309	1
288	782	1
288	911	1
288	973	1
288	1132	-2
288	1390	-2
288	1586	-2
289	590	1
289	738	1
289	758	1
289	763	1
289	853	1
289	1008	1
289	1272	2
289	1332	2
289	1762	2
290	383	1
290	567	1
290	584	1
290	717	1
290	930	1
290	1037	2
290	1443	-2
290	1976	-2
291	431	1
291	461	1
291	478	1
291	748	1
291	951	1
291	1309	-2
291	1446	-2
291	1812	-2
292	358	1
292	418	1
292	455	1
292	509	1
292	816	1
292	1473	2
292	1725	-2
292	1911	-2
293	370	1
293	410	1
293	837	1
293	913	1
293	915	1
293	920	1
293	1060	2
293	1459	-2
293	1468	-2
294	443	1
294	513	1
294	807	1
294	827	1
294	919	1
294	921	1
294	1442	2
294	1683	-2
294	1686	-2
295	448	1
295	633	1
295	811	1
295	851	1
295	1594	-2
295	1625	-2
295	1869	2
296	355	1
296	488	1
296	1211	-2
296	1500	2
296	1546	2
297	364	1
297	812	1
297	884	1
297	1020	1
297	1348	-2
297	1705	-2
297	1813	-2
298	542	1
298	706	1
298	807	1
298	866	1
298	890	1
298	1629	2
298	1804	-2
298	1996	-2
299	505	1
299	607	1
299	789	1
299	828	1
299	1613	-2
299	1738	2
299	2040	2
300	592	1
300	638	1
300	1085	-2
300	1206	2
300	1827	2
301	361	1
301	449	1
301	503	1
301	789	1
301	879	1
301	1062	-2
301	1292	-2
301	1471	2
302	347	1
302	541	1
302	717	1
302	852	1
302	949	1
302	1056	2
302	1338	2
302	1982	2
303	414	1
303	506	1
303	649	1
303	727	1
303	943	1
303	1461	2
303	1487	-2
303	1525	2
304	430	1
304	556	1
304	690	1
304	995	1
304	1255	-2
304	1289	2
304	1523	-2
305	377	1
305	524	1
305	655	1
305	737	1
305	1016	1
305	1021	1
305	1408	2
305	1488	-2
305	1691	2
306	339	1
306	382	1
306	505	1
306	701	1
306	887	1
306	1306	-2
306	1333	-2
306	1362	-2
307	316	1
307	442	1
307	975	1
307	980	1
307	1157	2
307	1552	-2
307	1807	2
308	459	1
308	626	1
308	628	1
308	666	1
308	1512	-2
308	1593	-2
308	2019	-2
309	468	1
309	730	1
309	736	1
309	782	1
309	1069	-2
309	1390	-2
309	1772	2
310	384	1
310	494	1
310	1421	2
310	1833	2
310	1903	-2
311	395	1
311	541	1
311	849	1
311	1809	-2
311	2006	2
311	2048	-2
312	374	1
312	784	1
312	797	1
312	893	1
312	963	1
312	1217	2
312	1517	-2
312	1526	2
313	366	1
313	416	1
313	559	1
313	704	1
313	937	1
313	1315	2
313	1343	-2
313	1971	2
314	445	1
314	460	1
314	512	1
314	556	1
314	763	1
314	1508	2
314	1742	-2
314	2001	2
315	316	1
315	517	1
315	609	1
315	763	1
315	993	1
315	1398	2
315	1782	-2
315	1882	2
316	648	1
316	975	1
316	993	1
316	1398	2
316	1552	-2
316	1678	-2
317	415	1
317	441	1
317	634	1
317	647	1
317	816	1
317	1038	2
317	1235	2
317	1851	2
318	345	1
318	366	1
318	429	1
318	521	1
318	523	1
318	925	1
318	1086	2
318	1585	-2
318	1849	2
319	574	1
319	720	1
319	817	1
319	885	1
319	992	1
319	1029	-2
319	1963	2
319	2035	2
320	354	1
320	363	1
320	882	1
320	940	1
320	946	1
320	1409	-2
320	1518	-2
320	2008	-2
321	563	1
321	724	1
321	797	1
321	1110	2
321	1376	-2
321	2042	-2
322	528	1
322	789	1
322	996	1
322	1014	1
322	1022	1
322	1556	-2
322	1662	2
322	1933	2
323	475	1
323	622	1
323	626	1
323	852	1
323	887	1
323	958	1
323	1072	2
323	1256	-2
323	1985	2
324	703	1
324	1382	2
324	1522	-2
324	1895	2
325	342	1
325	612	1
325	665	1
325	765	1
325	804	1
325	895	1
325	1155	-2
325	1568	2
325	1799	-2
326	484	1
326	682	1
326	892	1
326	1012	1
326	1288	2
326	1726	2
326	1939	-2
327	453	1
327	565	1
327	799	1
327	1002	1
327	1137	-2
327	1180	-2
327	2031	2
328	760	1
328	891	1
328	997	1
328	1737	2
328	1887	-2
328	1892	2
329	336	1
329	433	1
329	488	1
329	521	1
329	671	1
329	1057	-2
329	1311	2
329	1643	-2
330	553	1
330	756	1
330	903	1
330	950	1
330	1416	2
330	1757	-2
330	1784	2
331	476	1
331	608	1
331	663	1
331	820	1
331	990	1
331	1008	1
331	1230	2
331	1329	-2
331	1424	2
332	354	1
332	357	1
332	598	1
332	702	1
332	828	1
332	1717	-2
332	1774	2
332	1883	2
333	673	1
333	871	1
333	893	1
333	981	1
333	1081	2
333	1364	-2
333	1513	-2
334	534	1
334	874	1
334	882	1
334	1425	-2
334	1862	2
334	1999	2
335	345	1
335	354	1
335	452	1
335	716	1
335	791	1
335	824	1
335	1124	-2
335	1642	2
335	1885	-2
336	433	1
336	472	1
336	554	1
336	654	1
336	710	1
336	1643	-2
336	1756	2
336	1929	2
337	648	1
337	654	1
337	758	1
337	1591	-2
337	1646	-2
337	1877	2
338	517	1
338	642	1
338	714	1
338	796	1
338	1284	-2
338	1342	-2
338	1829	2
339	382	1
339	387	1
339	794	1
339	966	1
339	1362	-2
339	1501	-2
339	1881	-2
340	378	1
340	752	1
340	771	1
340	799	1
340	1113	2
340	1248	-2
340	1300	-2
341	415	1
341	524	1
341	636	1
341	1486	-2
341	1795	2
341	1969	-2
342	612	1
342	615	1
342	766	1
342	872	1
342	955	1
342	1639	-2
342	1746	-2
342	1799	-2
343	399	1
343	704	1
343	873	1
343	1198	2
343	1938	2
343	2016	2
344	455	1
344	457	1
344	469	1
344	557	2
344	1178	2
344	1247	-2
344	1275	-2
345	354	1
345	512	1
345	832	1
345	925	1
345	1086	2
345	1216	-2
345	1642	2
346	372	1
346	604	1
346	623	1
346	668	1
346	834	1
346	1172	2
346	1573	2
346	1898	2
347	543	1
347	755	1
347	896	1
347	1107	2
347	1856	2
347	1982	2
348	376	1
348	724	1
348	744	1
348	957	1
348	961	1
348	1258	-2
348	1281	-2
348	1697	-2
349	396	1
349	498	1
349	536	1
349	917	1
349	919	1
349	1023	1
349	1064	-2
349	1191	2
349	1392	2
350	646	1
350	813	1
350	955	1
350	1226	2
350	1349	2
350	1723	2
351	427	1
351	856	1
351	883	1
351	1572	-2
351	1583	-2
351	1781	-2
352	355	1
352	566	1
352	836	1
352	1174	-2
352	1944	2
352	2041	2
353	524	1
353	629	1
353	894	1
353	929	1
353	971	1
353	1451	-2
353	1454	-2
353	1868	2
354	598	1
354	1518	-2
354	1642	2
354	1883	2
355	611	1
355	617	1
355	836	1
355	1058	2
355	1211	-2
355	1944	2
356	495	1
356	557	1
356	598	1
356	685	1
356	943	1
356	994	1
356	1136	-2
356	1418	2
356	1475	-2
357	487	1
357	912	1
357	986	1
357	1530	-2
357	1698	-2
357	1717	-2
358	455	1
358	841	1
358	897	1
358	1238	2
358	1725	-2
358	1822	-2
359	540	1
359	636	1
359	943	1
359	1010	1
359	1039	-2
359	1323	2
359	1515	-2
360	475	1
360	783	1
360	793	1
360	795	1
360	1019	1
360	1548	2
360	1596	-2
360	1626	2
361	562	1
361	765	1
361	789	1
361	988	1
361	1062	-2
361	1386	-2
361	1931	2
362	402	1
362	435	1
362	681	1
362	1240	2
362	1675	2
362	1793	-2
363	622	1
363	836	1
363	882	1
363	1044	2
363	1119	2
363	1409	-2
364	527	1
364	624	1
364	782	1
364	921	1
364	1020	1
364	1194	-2
364	1813	-2
364	2000	-2
365	820	1
365	981	1
365	1017	1
365	1079	-2
365	1266	2
365	1435	-2
366	523	1
366	710	1
366	816	1
366	937	1
366	1701	-2
366	1849	2
366	1971	2
367	619	1
367	639	1
367	718	1
367	814	1
367	1614	2
367	1801	2
367	1853	2
368	403	1
368	446	1
368	605	1
368	668	1
368	752	1
368	1052	-2
368	1378	2
368	1819	-2
369	1282	2
369	1478	-2
369	1542	-2
370	418	1
370	535	1
370	729	1
370	913	1
370	1459	-2
370	1516	-2
370	1631	-2
371	539	1
371	782	1
371	810	1
371	1403	-2
371	1449	2
371	1493	-2
372	570	1
372	807	1
372	834	1
372	1115	2
372	1573	2
372	1668	2
373	486	1
373	537	1
373	619	1
373	722	1
373	876	1
373	1095	2
373	1224	2
373	1783	2
374	479	1
374	596	1
374	797	1
374	869	1
374	877	1
374	1217	2
374	1420	2
374	1458	-2
375	451	1
375	693	1
375	821	1
375	929	1
375	1448	2
375	1633	2
375	1861	-2
376	724	1
376	761	1
376	885	1
376	1020	1
376	1258	-2
376	1438	2
376	1770	-2
377	559	1
377	650	1
377	737	1
377	931	1
377	1129	-2
377	1658	2
377	1691	2
378	667	1
378	1003	1
378	1248	-2
378	2026	-2
378	2034	-2
379	402	1
379	729	1
379	735	1
379	749	1
379	1234	-2
379	1636	-2
379	1710	2
380	566	1
380	579	1
380	843	1
380	910	1
380	946	1
380	1396	-2
380	1776	2
380	2028	2
381	394	1
381	398	1
381	529	1
381	839	1
381	882	1
381	910	1
381	1050	2
381	1433	-2
381	1937	-2
382	735	1
382	976	1
382	1162	-2
382	1362	-2
382	1659	2
383	552	1
383	863	1
383	876	1
383	1265	-2
383	1373	-2
383	1976	-2
384	434	1
384	531	1
384	773	1
384	1277	2
384	1421	2
384	1916	2
385	548	1
385	691	1
385	750	1
385	850	1
385	858	1
385	1018	1
385	1242	-2
385	1634	2
385	2046	2
386	584	1
386	812	1
386	884	1
386	1252	2
386	1462	2
386	1831	2
387	424	1
387	637	1
387	677	1
387	828	1
387	966	1
387	1881	-2
387	1930	2
387	1970	2
388	474	1
388	688	1
388	849	2
388	1160	-2
388	1640	-2
388	1666	2
389	610	1
389	778	1
389	850	1
389	889	1
389	1439	2
389	1899	-2
389	1925	2
390	858	1
390	873	1
390	906	1
390	956	1
390	1381	2
390	1600	2
390	1954	-2
391	395	1
391	687	1
391	1665	-2
391	2009	2
391	2039	-2
392	623	1
392	660	1
392	714	1
392	772	1
392	805	1
392	1089	-2
392	1387	2
392	1894	-2
393	492	1
393	712	1
393	840	1
393	1219	-2
393	1320	2
393	1369	-2
394	398	1
394	479	1
394	653	1
394	903	1
394	1050	2
394	1237	-2
394	1948	-2
395	1361	-2
395	1665	-2
395	2006	2
396	451	1
396	569	1
396	909	1
396	917	1
396	1191	2
396	1394	-2
396	1871	-2
397	525	1
397	531	1
397	813	1
397	853	1
397	930	1
397	1360	-2
397	1704	2
397	1957	2
398	840	1
398	985	1
398	1043	2
398	1050	2
398	1825	2
399	477	1
399	501	1
399	725	1
399	933	1
399	1690	2
399	1890	-2
399	2016	2
400	553	1
400	695	1
400	935	1
400	1014	1
400	1091	-2
400	1130	2
400	1729	-2
401	490	1
401	577	1
401	615	1
401	896	1
401	992	1
401	1800	2
401	1818	2
401	1873	2
402	485	1
402	641	1
402	1244	-2
402	1636	-2
402	1675	2
403	575	1
403	752	1
403	817	1
403	984	1
403	1296	-2
403	1378	2
403	1431	2
404	447	1
404	464	1
404	534	1
404	929	1
404	1241	2
404	1291	2
404	1891	2
405	406	1
405	842	1
405	950	1
405	1280	-2
405	1661	-2
405	2030	-2
406	680	1
406	842	1
406	1009	1
406	1200	-2
406	1750	2
406	2030	-2
407	533	1
407	570	1
407	585	1
407	808	1
407	833	1
407	1087	-2
407	1865	-2
407	1987	-2
408	503	1
408	543	1
408	594	1
408	708	1
408	1016	1
408	1426	2
408	1605	2
408	2045	2
409	440	1
409	539	1
409	602	1
409	703	1
409	842	1
409	1785	-2
409	1941	2
409	2010	2
410	460	1
410	545	1
410	915	1
410	1326	2
410	1377	-2
410	1468	-2
411	429	1
411	720	1
411	721	1
411	1197	2
411	1202	-2
411	1773	-2
412	584	1
412	700	1
412	776	1
412	854	1
412	1000	1
412	1179	-2
412	1317	2
412	1460	-2
413	558	1
413	595	1
413	655	1
413	732	1
413	965	1
413	1140	-2
413	1150	2
413	1815	-2
414	422	1
414	423	1
414	567	1
414	645	1
414	727	1
414	1259	2
414	1487	-2
414	1981	-2
415	441	1
415	524	1
415	1038	2
415	1171	2
415	1969	-2
416	483	1
416	559	1
416	572	1
416	627	1
416	723	1
416	1343	-2
416	1482	-2
416	1543	2
417	575	1
417	596	1
417	675	1
417	991	1
417	995	1
417	1190	2
417	1932	2
417	2013	-2
418	572	1
418	729	1
418	816	1
418	941	1
418	1473	2
418	1516	-2
418	1714	2
419	550	1
419	669	1
419	899	1
419	1007	1
419	1013	1
419	1371	-2
419	1610	-2
419	1965	-2
420	468	1
420	702	1
420	825	1
420	1301	-2
420	1507	2
420	1840	2
421	429	1
421	573	1
421	602	1
421	621	1
421	698	1
421	1003	1
421	1358	-2
421	1579	-2
421	1617	-2
422	607	1
422	633	1
422	645	1
422	1259	2
422	1506	2
422	1560	-2
423	567	1
423	722	1
423	723	1
423	1760	-2
423	1950	2
423	1981	-2
424	519	1
424	587	1
424	637	1
424	707	1
424	713	1
424	1273	2
424	1930	2
424	1955	-2
425	513	1
425	609	1
425	835	1
425	1393	-2
425	1875	2
425	1934	2
426	437	1
426	581	1
426	787	1
426	968	1
426	1423	2
426	1838	2
426	1974	-2
427	689	1
427	731	1
427	1120	2
427	1239	-2
427	1583	-2
428	456	1
428	560	1
428	631	1
428	766	1
428	912	1
428	1269	-2
428	1437	2
428	1529	-2
429	521	1
429	621	1
429	1202	-2
429	1358	-2
429	1585	-2
430	531	1
430	955	1
430	995	1
430	1255	-2
430	1696	-2
430	1906	2
431	478	1
431	542	1
431	643	1
431	705	1
431	960	1
431	1495	-2
431	1778	2
431	1812	-2
432	536	1
432	597	1
432	677	1
432	993	1
432	1048	2
432	1577	-2
432	1638	-2
433	686	1
433	1212	2
433	1643	-2
433	1991	-2
434	643	1
434	773	1
434	833	1
434	1022	1
434	1175	-2
434	1379	-2
434	1916	2
435	601	1
435	908	1
435	1245	-2
435	1793	-2
435	1850	-2
436	552	1
436	579	1
436	683	1
436	764	1
436	788	1
436	966	1
436	1092	-2
436	1509	2
436	1924	2
437	759	1
437	792	1
437	1341	2
437	1656	2
437	1838	2
438	488	1
438	491	1
438	600	1
438	883	1
438	1135	2
438	1192	2
438	1445	2
439	913	1
439	980	1
439	1005	1
439	1027	2
439	1524	-2
439	1619	2
440	498	1
440	706	1
440	842	1
440	895	1
440	1312	-2
440	1624	-2
440	2010	2
441	462	1
441	856	1
441	1032	-2
441	1038	2
441	2037	2
442	535	1
442	868	1
442	1157	2
442	1262	-2
442	1940	2
443	681	1
443	748	1
443	802	1
443	807	1
443	813	1
443	1142	2
443	1490	2
443	1686	-2
444	478	1
444	518	1
444	550	1
444	615	1
444	1112	2
444	1531	2
444	1535	2
445	477	1
445	604	1
445	773	1
445	921	1
445	1508	2
445	1564	-2
445	2027	2
446	551	1
446	668	1
446	1052	-2
446	1407	-2
446	1481	-2
447	474	1
447	952	1
447	996	1
447	1464	2
447	1748	-2
447	1891	2
448	508	1
448	1123	-2
448	1625	-2
448	2018	2
449	596	1
449	795	1
449	1118	2
449	1471	2
449	1980	2
450	542	1
450	825	1
450	906	1
450	961	1
450	1188	-2
450	1601	2
450	1858	-2
451	728	1
451	1007	1
451	1330	2
451	1633	2
451	1871	-2
452	577	1
452	709	1
452	716	1
452	769	1
452	864	1
452	1679	-2
452	1885	-2
452	1994	-2
453	642	1
453	802	1
453	913	1
453	928	1
453	1180	-2
453	1299	-2
453	1820	2
454	484	1
454	786	1
454	907	1
454	1327	2
454	1616	2
454	1951	-2
455	557	1
455	1006	1
455	1275	-2
455	1466	2
455	1725	-2
456	478	1
456	560	1
456	757	1
456	945	1
456	1213	-2
456	1337	2
456	1529	-2
457	469	1
457	641	1
457	932	1
457	996	1
457	1109	2
457	1247	-2
457	1787	-2
458	618	1
458	731	1
458	747	1
458	922	1
458	1019	1
458	1397	-2
458	1674	2
458	1749	-2
459	476	1
459	499	1
459	626	1
459	1161	2
459	1593	-2
459	1672	2
460	512	1
460	623	1
460	1263	-2
460	1377	-2
460	1742	-2
461	483	1
461	512	1
461	728	1
461	748	1
461	949	1
461	1309	-2
461	1363	-2
461	1623	-2
462	527	1
462	937	1
462	974	1
462	1463	-2
462	1975	2
462	2037	2
463	481	1
463	600	1
463	662	1
463	859	1
463	1025	-2
463	1126	2
463	1702	-2
464	466	1
464	472	1
464	534	1
464	888	1
464	1090	2
464	1291	2
464	1700	-2
465	530	1
465	651	1
465	733	1
465	778	1
465	793	1
465	1325	-2
465	1580	2
465	1655	-2
466	742	1
466	978	1
466	1090	2
466	1703	2
466	1754	-2
467	609	1
467	786	1
467	939	1
467	947	1
467	999	1
467	1545	2
467	1845	-2
467	1990	-2
468	640	1
468	825	1
468	1149	-2
468	1772	2
468	1840	2
469	741	1
469	779	1
469	870	1
469	914	1
469	1247	-2
469	1693	-2
469	1908	-2
470	595	1
470	714	1
470	791	1
470	872	1
470	1011	1
470	1151	-2
470	1684	2
470	1728	-2
471	516	1
471	840	1
471	886	1
471	978	1
471	983	1
471	1419	-2
471	1467	2
471	2007	-2
472	554	1
472	711	1
472	888	1
472	1700	-2
472	1756	2
472	1852	2
473	582	1
473	605	1
473	804	1
473	855	1
473	1012	1
473	1034	-2
473	1753	-2
473	1769	2
474	970	1
474	996	1
474	1464	2
474	1666	2
474	1962	2
475	508	1
475	626	1
475	897	1
475	1019	1
475	1256	-2
475	1626	2
475	2036	2
476	678	1
476	990	1
476	1078	-2
476	1230	2
476	1672	2
477	501	1
477	773	1
477	942	1
477	995	1
477	1303	-2
477	1690	2
477	2027	2
478	518	1
478	757	1
478	1213	-2
478	1535	2
478	1812	-2
479	679	1
479	877	1
479	903	1
479	1420	2
479	1821	-2
479	1948	-2
480	497	1
480	759	1
480	990	1
480	1108	2
480	1802	2
480	2025	2
481	718	1
481	811	1
481	859	1
481	1126	2
481	1790	-2
481	1814	2
482	669	1
482	686	1
482	985	1
482	1450	2
482	1859	-2
482	1966	2
483	572	1
483	612	1
483	785	1
483	949	1
483	1482	-2
483	1623	-2
483	1708	2
484	593	1
484	1616	2
484	1726	2
484	1984	2
485	641	1
485	1067	-2
485	1244	-2
485	1587	2
486	537	1
486	859	1
486	1095	2
486	1322	-2
486	1854	-2
487	799	1
487	926	1
487	986	1
487	1663	-2
487	1688	2
487	1698	-2
488	671	1
488	1135	2
488	1311	2
488	1500	2
489	650	1
489	744	1
489	876	1
489	989	1
489	1476	2
489	1536	2
489	1649	2
490	504	1
490	577	1
490	1676	-2
490	1818	2
490	1843	-2
491	499	1
491	551	1
491	784	1
491	883	1
491	1192	2
491	1412	-2
491	1834	2
492	520	1
492	550	1
492	769	1
492	1096	-2
492	1268	-2
492	1369	-2
493	515	1
493	554	1
493	730	1
493	1304	-2
493	1324	-2
493	2047	-2
494	547	1
494	839	1
494	1153	-2
494	1664	2
494	1903	-2
495	557	1
495	603	1
495	1136	-2
495	1295	2
495	1943	2
496	555	1
496	558	1
496	772	1
496	1077	-2
496	1166	2
496	1344	2
497	674	1
497	918	1
497	982	1
497	1065	2
497	1406	2
497	1802	2
498	581	1
498	706	1
498	1023	1
498	1392	2
498	1611	-2
498	1624	-2
499	751	1
499	784	1
499	1161	2
499	1689	-2
499	1834	2
500	690	1
500	721	1
500	725	1
500	754	1
500	1031	2
500	1049	-2
500	1246	-2
501	545	1
501	713	1
501	1436	-2
501	1690	2
501	1986	2
502	515	1
502	585	1
502	817	1
502	923	1
502	1168	-2
502	1434	-2
502	1794	2
503	708	1
503	879	1
503	1292	-2
503	1426	2
503	1570	2
504	532	1
504	564	1
504	669	1
504	1561	2
504	1584	2
504	1676	-2
505	530	1
505	701	1
505	971	1
505	1333	-2
505	1738	2
505	1874	-2
506	535	1
506	649	1
506	954	1
506	994	1
506	1028	2
506	1525	2
506	1921	-2
507	509	1
507	573	1
507	846	1
507	1083	-2
507	1365	-2
507	1841	-2
508	670	1
508	740	1
508	897	1
508	1123	-2
508	1810	2
508	2036	2
509	628	1
509	720	1
509	846	1
509	1469	-2
509	1841	-2
509	1911	-2
510	511	1
510	544	1
510	621	1
510	931	1
510	979	1
510	1606	-2
510	1902	2
510	1947	2
511	544	1
511	628	1
511	820	1
511	881	1
511	966	1
511	1405	-2
511	1505	-2
511	1947	2
512	728	1
512	832	1
512	1216	-2
512	1363	-2
512	1742	-2
513	548	1
513	827	1
513	1015	1
513	1393	-2
513	1683	-2
513	1764	2
514	589	1
514	659	1
514	831	1
514	865	1
514	934	1
514	1073	-2
514	1385	2
514	1620	-2
515	706	1
515	817	1
515	1168	-2
515	1304	-2
515	1846	-2
516	583	1
516	840	1
516	1293	-2
516	1419	-2
516	1654	2
517	763	1
517	776	1
517	1284	-2
517	1782	-2
517	1956	2
518	520	1
518	580	1
518	845	1
518	1071	-2
518	1535	2
518	1734	2
519	707	1
519	829	1
519	1685	-2
519	1909	2
519	1955	-2
520	550	1
520	580	1
520	712	1
520	895	1
520	1096	-2
520	1670	-2
520	1734	2
521	631	1
521	666	1
521	1057	-2
521	1357	2
521	1585	-2
522	701	1
522	944	1
522	967	1
522	1260	2
522	1491	2
522	1995	-2
523	760	1
523	819	1
523	903	1
523	1261	-2
523	1849	2
523	2029	2
524	655	1
524	971	1
524	1451	-2
524	1488	-2
524	1969	-2
525	656	1
525	813	1
525	1017	1
525	1186	-2
525	1521	2
525	1704	2
526	618	1
526	630	1
526	765	1
526	1024	1
526	1203	-2
526	1319	2
526	1432	2
527	782	1
527	974	1
527	988	1
527	1194	-2
527	1463	-2
527	1520	-2
528	588	1
528	789	1
528	862	1
528	905	1
528	1004	1
528	1133	2
528	1662	2
528	1731	2
529	824	1
529	867	1
529	910	1
529	1053	-2
529	1283	-2
529	1937	-2
530	589	1
530	778	1
530	971	1
530	1308	-2
530	1325	-2
530	1874	-2
531	853	1
531	1277	2
531	1906	2
531	1957	2
532	551	1
532	564	1
532	808	1
532	1336	2
532	1561	2
532	2002	2
533	911	1
533	1054	2
533	1354	-2
533	1865	-2
534	809	1
534	1291	2
534	1425	-2
534	1440	-2
535	868	1
535	994	1
535	1631	-2
535	1921	-2
535	1940	2
536	737	1
536	838	1
536	919	1
536	1048	2
536	1064	-2
536	1447	-2
537	619	1
537	837	1
537	1224	2
537	1496	-2
537	1854	-2
538	562	1
538	569	1
538	613	1
538	770	1
538	1602	-2
538	1653	2
538	1713	-2
539	671	1
539	745	1
539	1148	2
539	1449	2
539	1941	2
540	900	1
540	1013	1
540	1139	2
540	1515	-2
540	1922	2
541	849	1
541	894	1
541	949	1
541	1056	2
541	1671	-2
541	2048	-2
542	643	1
542	825	1
542	866	1
542	1495	-2
542	1629	2
542	1858	-2
543	657	1
543	1856	2
543	1989	2
543	2045	2
544	576	1
544	1102	-2
544	1947	2
544	2014	2
545	713	1
545	892	1
545	1098	-2
545	1326	2
545	1436	-2
546	644	1
546	695	1
546	880	1
546	896	1
546	1138	-2
546	1430	2
546	1575	-2
547	590	1
547	604	1
547	997	1
547	1153	-2
547	1207	-2
547	1709	2
548	579	1
548	858	1
548	942	1
548	1015	1
548	1215	2
548	1634	2
548	1764	2
549	667	1
549	682	1
549	740	1
549	1002	1
549	1005	1
549	1105	2
549	1145	2
549	1383	-2
550	1013	1
550	1096	-2
550	1112	2
550	1965	-2
551	808	1
551	1336	2
551	1412	-2
551	1481	-2
552	679	1
552	724	1
552	876	1
552	966	1
552	1253	2
552	1265	-2
552	1924	2
553	775	1
553	898	1
553	950	1
553	1416	2
553	1729	-2
553	1791	-2
554	691	1
554	1324	-2
554	1756	2
554	1839	2
555	653	1
555	743	1
555	1077	-2
555	1532	-2
555	1905	2
556	647	1
556	763	1
556	1289	2
556	1751	2
556	2001	2
557	1136	-2
557	1178	2
557	1275	-2
558	732	1
558	865	1
558	982	1
558	1150	2
558	1344	2
558	1952	-2
559	777	1
559	1084	-2
559	1129	-2
559	1343	-2
560	672	1
560	848	1
560	986	1
560	1529	-2
560	1599	-2
560	1805	-2
561	924	1
561	1001	1
561	1011	1
561	1551	2
561	1759	-2
561	1953	-2
562	765	1
562	1602	-2
562	1699	2
562	1931	2
563	908	1
563	986	1
563	1020	1
563	1152	-2
563	1376	-2
563	1967	-2
564	703	1
564	823	1
564	907	1
564	999	1
564	1561	2
564	1644	-2
564	2038	2
565	963	1
565	1094	2
565	1137	-2
565	1528	-2
566	670	1
566	863	1
566	946	1
566	1066	-2
566	1396	-2
566	2041	2
567	584	1
567	1037	2
567	1527	2
567	1981	-2
568	606	1
568	732	1
568	947	1
568	1766	-2
568	1788	-2
568	2017	-2
569	613	1
569	847	1
569	909	1
569	964	1
569	1394	-2
569	1571	2
569	1653	2
570	585	1
570	855	1
570	1087	-2
570	1115	2
570	1117	-2
571	603	1
571	777	1
571	801	1
571	953	1
571	984	1
571	1185	2
571	1254	2
571	1808	-2
572	632	1
572	941	1
572	1019	1
572	1413	2
572	1482	-2
572	1714	2
573	698	1
573	1083	-2
573	1579	-2
573	1920	2
574	639	1
574	949	1
574	992	1
574	1534	2
574	1803	2
574	1963	2
575	596	1
575	805	1
575	962	1
575	1431	2
575	1483	2
575	1932	2
576	719	1
576	990	1
576	1006	1
576	1102	-2
576	1732	-2
576	1832	-2
577	769	1
577	798	1
577	1679	-2
577	1818	2
577	1842	-2
578	683	1
578	709	1
578	804	1
578	1328	2
578	1763	-2
578	1768	2
579	788	1
579	910	1
579	942	1
579	1092	-2
579	1215	2
579	1776	2
580	692	1
580	898	1
580	1163	2
580	1724	-2
580	1734	2
581	787	1
581	1006	1
581	1611	-2
581	1816	2
581	1974	-2
582	796	1
582	803	1
582	1012	1
582	1034	-2
582	1645	-2
582	1936	2
583	845	1
583	924	1
583	1293	-2
583	1897	-2
583	1992	-2
584	1000	1
584	1037	2
584	1179	-2
584	1462	2
585	822	1
585	1087	-2
585	1538	2
585	1794	2
586	667	1
586	780	1
586	792	1
586	1257	2
586	1368	-2
586	1872	2
587	694	1
587	713	1
587	1033	-2
587	1273	2
587	1334	-2
588	697	1
588	751	1
588	821	1
588	1004	1
588	1210	-2
588	1731	2
588	1917	2
589	865	1
589	1073	-2
589	1308	-2
589	1648	2
590	889	1
590	1008	1
590	1207	-2
590	1489	2
590	1762	2
591	629	1
591	881	1
591	973	1
591	1177	-2
591	1414	2
591	1880	2
592	933	1
592	938	1
592	1206	2
592	1497	2
592	1652	2
593	776	1
593	919	1
593	969	1
593	1195	2
593	1789	2
593	1984	2
594	684	1
594	756	1
594	800	1
594	899	1
594	1016	1
594	1605	2
594	1736	-2
594	1786	-2
595	639	1
595	655	1
595	872	1
595	977	1
595	1151	-2
595	1494	-2
595	1815	-2
596	869	1
596	1118	2
596	1458	-2
596	1932	2
597	901	1
597	959	1
597	1577	-2
597	1609	-2
597	1860	-2
598	672	1
598	943	1
598	1418	2
598	1681	2
598	1883	2
599	697	1
599	975	1
599	1286	2
599	1404	2
599	1836	-2
600	697	1
600	1025	-2
600	1445	2
600	1722	-2
601	848	1
601	945	1
601	1245	-2
601	1457	-2
601	1479	-2
602	703	1
602	1003	1
602	1617	-2
602	1785	-2
602	1863	-2
603	801	1
603	948	1
603	1185	2
603	1199	-2
603	1943	2
604	668	1
604	921	1
604	997	1
604	1172	2
604	1564	-2
604	1709	2
605	692	1
605	855	1
605	1554	2
605	1769	2
605	1819	-2
606	745	1
606	790	1
606	861	1
606	1164	-2
606	1492	2
606	1766	-2
607	693	1
607	1267	-2
607	1560	-2
607	1613	-2
608	779	1
608	802	1
608	820	1
608	1100	2
608	1314	2
608	1329	-2
609	835	1
609	947	1
609	1545	2
609	1875	2
609	1882	2
610	778	1
610	810	1
610	1429	2
610	1439	2
610	1632	2
611	617	1
611	768	1
611	1058	2
611	1867	2
611	1926	2
612	785	1
612	844	1
612	1708	2
612	1799	-2
612	1900	2
613	626	1
613	830	1
613	1088	2
613	1653	2
613	2022	-2
614	629	1
614	739	1
614	967	1
614	1221	2
614	1581	2
614	1946	2
615	955	1
615	1531	2
615	1746	-2
615	1873	2
616	736	1
616	847	1
616	860	1
616	888	1
616	1059	2
616	1510	-2
616	1582	2
617	733	1
617	945	1
617	1058	2
617	1278	2
617	1806	-2
618	707	1
618	731	1
618	835	1
618	1093	-2
618	1203	-2
618	1674	2
619	718	1
619	1114	2
619	1224	2
619	1614	2
620	671	1
620	716	1
620	726	1
620	793	1
620	798	1
620	886	1
620	1719	2
620	1847	2
620	2044	2
621	979	1
621	1358	-2
621	1606	-2
621	1758	-2
622	834	1
622	852	1
622	1072	2
622	1119	2
622	1637	2
623	660	1
623	1263	-2
623	1387	2
623	1898	2
624	768	1
624	906	1
624	921	1
624	1499	-2
624	2000	-2
624	2024	-2
625	794	1
625	806	1
625	821	1
625	923	1
625	1285	-2
625	1307	2
625	1589	2
626	1088	2
626	1256	-2
626	1593	-2
627	723	1
627	880	1
627	900	1
627	925	1
627	1036	-2
627	1543	2
627	1811	-2
628	666	1
628	720	1
628	966	1
628	1469	-2
628	1505	-2
628	2019	-2
629	739	1
629	881	1
629	1221	2
629	1454	-2
629	1880	2
630	715	1
630	765	1
630	788	1
630	1319	2
630	1411	-2
630	1752	-2
631	666	1
631	762	1
631	953	1
631	1229	2
631	1269	-2
631	1357	2
632	753	1
632	1004	1
632	1019	1
632	1146	-2
632	1413	2
632	1540	2
633	778	1
633	811	1
633	1316	2
633	1506	2
633	1869	2
634	636	1
634	647	1
634	755	1
634	829	1
634	978	1
634	1070	2
634	1235	2
634	1374	2
635	658	1
635	684	1
635	761	1
635	808	1
635	998	1
635	1276	-2
635	1367	2
635	1567	2
636	829	1
636	943	1
636	1039	-2
636	1070	2
636	1795	2
637	718	1
637	864	1
637	976	1
637	1023	1
637	1355	-2
637	1733	2
637	1930	2
638	642	1
638	691	1
638	897	1
638	970	1
638	1063	2
638	1085	-2
638	1370	-2
639	977	1
639	1494	-2
639	1534	2
639	1801	2
640	928	1
640	1080	2
640	1149	-2
640	1993	-2
641	823	1
641	932	1
641	1116	2
641	1244	-2
641	1787	-2
642	913	1
642	970	1
642	1299	-2
642	1370	-2
642	1829	2
643	803	1
643	833	1
643	1175	-2
643	1484	-2
643	1495	-2
644	726	1
644	814	1
644	880	1
644	887	1
644	1040	2
644	1218	2
644	1430	2
645	646	1
645	653	1
645	1259	2
645	1318	2
645	1721	-2
646	915	1
646	1318	2
646	1349	2
646	1350	2
647	1235	2
647	1630	2
647	1751	2
648	967	1
648	1502	-2
648	1678	-2
648	1877	2
649	761	1
649	936	1
649	972	1
649	1525	2
649	1837	-2
649	2011	-2
650	769	1
650	931	1
650	1649	2
650	1658	2
650	1780	2
651	793	1
651	818	1
651	837	1
651	1236	2
651	1655	-2
651	2043	2
652	810	1
652	841	1
652	977	1
652	1635	-2
652	1912	2
652	1919	2
653	743	1
653	1237	-2
653	1532	-2
653	1721	-2
654	710	1
654	758	1
654	1591	-2
654	1835	2
654	1929	2
655	866	1
655	1453	-2
655	1488	-2
655	1815	-2
656	705	1
656	735	1
656	1167	-2
656	1186	-2
656	1388	2
657	764	1
657	825	1
657	869	1
657	873	1
657	1558	-2
657	1744	2
657	1989	2
658	725	1
658	902	1
658	935	1
658	998	1
658	1021	1
658	1165	2
658	1276	-2
658	1727	-2
659	826	1
659	853	1
659	909	1
659	1339	-2
659	1385	2
659	1660	-2
660	743	1
660	867	1
660	875	1
660	1147	2
660	1387	2
660	1559	2
661	1128	-2
661	1541	2
661	1711	-2
662	687	1
662	738	1
662	785	1
662	1125	-2
662	1187	2
662	1702	-2
663	867	1
663	970	1
663	1008	1
663	1214	-2
663	1250	-2
663	1424	2
664	668	1
664	727	1
664	909	1
664	1010	1
664	1018	1
664	1097	-2
664	1755	-2
664	1958	-2
665	895	1
665	979	1
665	1004	1
665	1015	1
665	1568	2
665	1828	2
665	1918	-2
666	1013	1
666	1357	2
666	1562	-2
666	2019	-2
667	740	1
667	1105	2
667	1872	2
667	2026	-2
668	727	1
668	1052	-2
668	1172	2
668	1958	-2
669	1007	1
669	1584	2
669	1610	-2
669	1859	-2
670	740	1
670	863	1
670	979	1
670	1066	-2
670	1810	2
670	1927	2
671	745	1
671	886	1
671	1148	2
671	1311	2
671	2044	2
672	871	1
672	986	1
672	1576	2
672	1599	-2
672	1681	2
673	866	1
673	982	1
673	1106	2
673	1364	-2
673	1964	-2
674	760	1
674	862	1
674	925	1
674	982	1
674	1030	-2
674	1321	2
674	1406	2
675	700	1
675	951	1
675	1184	-2
675	1650	-2
675	2013	-2
676	838	1
676	890	1
676	893	1
676	1223	2
676	1347	2
676	1651	-2
677	783	1
677	828	1
677	993	1
677	1183	2
677	1638	-2
677	1970	2
678	729	1
678	733	1
678	746	1
678	864	1
678	1078	-2
678	1716	-2
678	1798	2
679	724	1
679	784	1
679	794	1
679	1253	2
679	1569	-2
679	1821	-2
680	861	1
680	973	1
680	1547	-2
680	1555	-2
680	1750	2
681	704	1
681	740	1
681	813	1
681	1240	2
681	1490	2
681	1539	2
682	892	1
682	1193	2
682	1288	2
682	1383	-2
683	764	1
683	804	1
683	886	1
683	1045	2
683	1328	2
683	1509	2
684	761	1
684	772	1
684	899	1
684	1298	-2
684	1367	2
684	1736	-2
685	713	1
685	822	1
685	994	1
685	1475	-2
685	1514	-2
685	1712	-2
686	985	1
686	1212	2
686	1225	-2
686	1450	2
687	1187	2
687	1598	-2
687	2039	-2
688	754	1
688	849	1
688	977	1
688	983	1
688	1271	-2
688	1477	2
688	1640	-2
689	739	1
689	839	1
689	1120	2
689	1356	2
689	1474	-2
690	1001	1
690	1005	1
690	1049	-2
690	1523	-2
690	1657	2
691	850	1
691	897	1
691	1063	2
691	1242	-2
691	1839	2
692	898	1
692	1554	2
692	1724	-2
692	1973	-2
693	929	1
693	1267	-2
693	1340	2
693	1861	-2
694	972	1
694	1002	1
694	1158	2
694	1334	-2
694	1870	2
695	881	1
695	1130	2
695	1417	2
695	1575	-2
696	757	1
696	920	1
696	991	1
696	1169	-2
696	1176	2
696	1876	2
697	821	1
697	1210	-2
697	1404	2
697	1722	-2
698	878	1
698	1511	2
698	1579	-2
698	1824	2
699	771	1
699	805	1
699	938	1
699	1182	2
699	1384	-2
699	1400	-2
700	854	1
700	1279	-2
700	1460	-2
700	1650	-2
701	856	1
701	1260	2
701	1333	-2
701	1797	-2
702	828	1
702	891	1
702	1099	2
702	1301	-2
702	1774	2
703	907	1
703	1382	2
703	1785	-2
703	2038	2
704	740	1
704	1315	2
704	1539	2
704	1938	2
705	960	1
705	1167	-2
705	1302	2
705	1778	2
706	807	1
706	1624	-2
706	1804	-2
706	1846	-2
707	835	1
707	991	1
707	1016	1
707	1093	-2
707	1955	-2
707	2015	2
708	770	1
708	857	1
708	1042	-2
708	1205	-2
708	1426	2
709	864	1
709	1051	2
709	1768	2
709	1994	-2
710	816	1
710	868	1
710	974	1
710	1401	2
710	1701	-2
710	1929	2
711	815	1
711	836	1
711	880	1
711	968	1
711	1076	-2
711	1351	-2
711	1852	2
712	895	1
712	1320	2
712	1670	-2
712	1855	-2
713	1273	2
713	1436	-2
713	1514	-2
714	796	1
714	805	1
714	1011	1
714	1089	-2
714	1342	-2
714	1684	2
715	746	1
715	788	1
715	831	1
715	918	1
715	1274	2
715	1411	-2
715	1972	-2
716	726	1
716	1719	2
716	1885	-2
716	2003	-2
717	852	1
717	930	1
717	968	1
717	1338	2
717	1443	-2
717	1848	-2
718	976	1
718	1614	2
718	1733	2
718	1790	-2
719	872	1
719	958	1
719	1006	1
719	1380	2
719	1389	-2
719	1832	-2
720	1029	-2
720	1197	2
720	1469	-2
721	1031	2
721	1622	2
721	1773	-2
722	723	1
722	876	1
722	958	1
722	1760	-2
722	1783	2
722	1910	2
723	1543	2
723	1618	2
723	1760	-2
724	797	1
724	1110	2
724	1253	2
724	1258	-2
725	754	1
725	933	1
725	1021	1
725	1165	2
725	1246	-2
725	1890	-2
726	1040	2
726	1402	-2
726	1719	2
727	767	1
727	1103	-2
727	1487	-2
727	1958	-2
728	818	1
728	1007	1
728	1330	2
728	1363	-2
728	1777	-2
729	735	1
729	864	1
729	1234	-2
729	1516	-2
729	1716	-2
730	736	1
730	984	1
730	1069	-2
730	1603	-2
730	2047	-2
731	1239	-2
731	1410	2
731	1674	2
732	938	1
732	947	1
732	1144	2
732	1150	2
732	2017	-2
733	746	1
733	1580	2
733	1798	2
733	1806	-2
734	827	1
734	905	1
734	962	1
734	1047	2
734	1574	2
734	1743	2
735	1162	-2
735	1234	-2
735	1388	2
736	846	1
736	888	1
736	1059	2
736	1069	-2
736	1287	2
737	826	1
737	838	1
737	1447	-2
737	1691	2
737	1886	-2
738	785	1
738	853	1
738	1007	1
738	1125	-2
738	1272	2
738	2021	2
739	980	1
739	1221	2
739	1474	-2
739	1544	-2
740	1105	2
740	1539	2
740	1810	2
741	745	1
741	870	1
741	1101	2
741	1693	-2
741	1928	2
742	792	1
742	815	1
742	956	1
742	1566	2
742	1703	2
742	1866	-2
743	890	1
743	1147	2
743	1532	-2
743	1565	-2
744	876	1
744	961	1
744	1281	-2
744	1476	2
744	1915	2
745	1148	2
745	1492	2
745	1928	2
746	1612	-2
746	1798	2
746	1972	-2
747	858	1
747	1019	1
747	1297	-2
747	1397	-2
747	2005	-2
748	766	1
748	790	1
748	802	1
748	1142	2
748	1309	-2
748	1608	-2
749	757	1
749	888	1
749	1710	2
749	1792	2
749	1864	2
750	753	1
750	946	1
750	1015	1
750	1018	1
750	1595	2
750	1988	2
750	2046	2
751	842	1
751	855	1
751	1452	-2
751	1689	-2
751	1917	2
752	870	1
752	957	1
752	1134	-2
752	1300	-2
752	1378	2
753	774	1
753	1540	2
753	1715	-2
753	1988	2
754	798	1
754	904	1
754	977	1
754	1026	-2
754	1246	-2
754	1477	2
755	896	1
755	978	1
755	1107	2
755	1374	2
755	1549	-2
756	800	1
756	894	1
756	936	1
756	1444	-2
756	1757	-2
756	1786	-2
757	1176	2
757	1213	-2
757	1864	2
758	763	1
758	844	1
758	1332	2
758	1591	-2
758	1844	2
759	901	1
759	1008	1
759	1656	2
759	1706	2
759	2025	2
760	1030	-2
760	1737	2
760	2029	2
761	1020	1
761	1367	2
761	1770	-2
761	2011	-2
762	843	1
762	930	1
762	953	1
762	965	1
762	1229	2
762	1465	-2
762	1550	2
763	1332	2
763	1782	-2
763	2001	2
764	873	1
764	904	1
764	1503	2
764	1509	2
764	1744	2
765	804	1
765	1155	-2
765	1319	2
765	1931	2
766	790	1
766	872	1
766	912	1
766	1437	2
766	1608	-2
766	1639	-2
767	994	1
767	1024	1
767	1103	-2
767	1480	-2
767	1998	-2
768	906	1
768	1499	-2
768	1597	-2
768	1926	2
769	1268	-2
769	1679	-2
769	1780	2
770	857	1
770	898	1
770	1042	-2
770	1227	-2
770	1713	-2
771	781	1
771	799	1
771	851	1
771	1113	2
771	1400	-2
771	1537	-2
772	1166	2
772	1298	-2
772	1894	-2
773	1061	-2
773	1916	2
773	2027	2
774	775	1
774	857	1
774	936	1
774	1251	-2
774	1592	-2
774	1715	-2
775	857	1
775	870	1
775	898	1
775	1170	2
775	1592	-2
775	1791	-2
776	919	1
776	1195	2
776	1317	2
776	1956	2
777	905	1
777	984	1
777	1068	-2
777	1084	-2
777	1254	2
778	1316	2
778	1325	-2
778	1439	2
779	914	1
779	937	1
779	1100	2
779	1352	-2
779	1908	-2
780	792	1
780	834	1
780	951	1
780	1257	2
780	1395	2
780	1857	-2
781	846	1
781	851	1
781	939	1
781	1441	-2
781	1537	-2
781	1771	-2
782	810	1
782	1194	-2
782	1390	-2
782	1403	-2
783	857	1
783	999	1
783	1183	2
783	1548	2
783	1960	2
784	794	1
784	893	1
784	1517	-2
784	1569	-2
784	1834	2
785	788	1
785	959	1
785	1125	-2
785	1708	2
785	1923	2
786	1010	1
786	1327	2
786	1823	-2
786	1990	-2
787	935	1
787	1231	-2
787	1399	-2
787	1974	-2
788	959	1
788	1092	-2
788	1411	-2
788	1923	2
789	828	1
789	1062	-2
789	1662	2
789	2040	2
790	826	1
790	861	1
790	960	1
790	1164	-2
790	1455	-2
790	1608	-2
791	824	1
791	892	1
791	952	1
791	1124	-2
791	1628	2
791	1728	-2
792	815	1
792	1257	2
792	1341	2
792	1866	-2
793	795	1
793	798	1
793	1596	-2
793	1655	-2
793	1847	2
794	1285	-2
794	1501	-2
794	1569	-2
795	910	1
795	1021	1
795	1553	2
795	1596	-2
795	1980	2
796	914	1
796	1342	-2
796	1641	-2
796	1645	-2
797	1110	2
797	1217	2
797	1761	2
798	904	1
798	1026	-2
798	1842	-2
798	1847	2
799	1002	1
799	1113	2
799	1688	2
799	2031	2
800	1667	2
800	1707	2
800	1786	-2
801	963	1
801	1185	2
801	1740	-2
801	1896	-2
802	928	1
802	1142	2
802	1314	2
802	1820	2
803	1484	-2
803	1627	2
803	1936	2
804	1155	-2
804	1328	2
804	1753	-2
805	938	1
805	962	1
805	1089	-2
805	1182	2
805	1483	2
806	821	1
806	835	1
806	1415	-2
806	1504	2
806	1589	2
807	1668	2
807	1686	-2
807	1804	-2
808	833	1
808	1336	2
808	1567	2
808	1987	-2
809	928	1
809	981	1
809	1243	2
809	1313	-2
809	1440	-2
810	1403	-2
810	1429	2
810	1912	2
811	845	1
811	950	1
811	1082	-2
811	1814	2
811	1869	2
812	884	1
812	1233	-2
812	1252	2
812	1705	-2
813	955	1
813	1226	2
813	1490	2
813	1704	2
814	887	1
814	1201	2
814	1218	2
814	1853	2
815	885	1
815	968	1
815	1074	-2
815	1351	-2
815	1866	-2
816	1473	2
816	1701	-2
816	1851	2
817	885	1
817	984	1
817	1168	-2
817	1296	-2
817	2035	2
818	837	1
818	1127	2
818	1777	-2
818	2043	2
819	878	1
819	884	1
819	903	1
819	940	1
819	1261	-2
819	1310	-2
819	2023	2
820	881	1
820	1079	-2
820	1329	-2
820	1405	-2
821	1210	-2
821	1448	2
821	1589	2
822	954	1
822	1538	2
822	1712	-2
822	2032	2
823	999	1
823	1116	2
823	1141	-2
823	1644	-2
824	1124	-2
824	1283	-2
824	1695	2
825	869	1
825	1558	-2
825	1840	2
825	1858	-2
826	960	1
826	1339	-2
826	1455	-2
826	1886	-2
827	922	1
827	948	1
827	1574	2
827	1607	2
827	1683	-2
828	1774	2
828	1970	2
828	2040	2
829	901	1
829	1070	2
829	1907	-2
829	1909	2
830	859	1
830	869	1
830	998	1
830	1735	-2
830	1979	-2
830	2022	-2
831	918	1
831	926	1
831	934	1
831	1249	-2
831	1274	2
831	1620	-2
832	927	1
832	1000	1
832	1216	-2
832	1222	-2
832	1747	2
833	1175	-2
833	1987	-2
833	2033	2
834	951	1
834	1573	2
834	1637	2
834	1857	-2
835	1093	-2
835	1415	-2
835	1875	2
836	880	1
836	1044	2
836	1076	-2
836	1944	2
837	920	1
837	1060	2
837	1496	-2
837	2043	2
838	1447	-2
838	1651	-2
838	1775	2
839	882	1
839	1356	2
839	1433	-2
839	1664	2
840	1219	-2
840	1419	-2
840	1825	2
841	850	1
841	1635	-2
841	1673	2
841	1822	-2
842	855	1
842	1452	-2
842	2010	2
842	2030	-2
843	965	1
843	1055	2
843	1550	2
843	2028	2
844	1817	-2
844	1844	2
844	1900	2
845	924	1
845	950	1
845	1071	-2
845	1082	-2
845	1897	-2
846	939	1
846	1287	2
846	1771	-2
846	1841	-2
847	964	1
847	1571	2
847	1582	2
847	1914	2
848	945	1
848	1457	-2
848	1680	-2
848	1805	-2
849	1160	-2
849	1640	-2
849	2048	-2
850	889	1
850	1242	-2
850	1673	2
850	1925	2
851	902	1
851	1537	-2
851	1594	-2
851	1604	2
852	1072	2
852	1338	2
852	2012	2
853	909	1
853	1272	2
853	1660	-2
853	1957	2
854	1009	1
854	1046	-2
854	1196	-2
854	1460	-2
855	1117	-2
855	1452	-2
855	1769	2
856	1032	-2
856	1572	-2
856	1797	-2
857	999	1
857	1042	-2
857	1592	-2
857	1960	2
858	906	1
858	1297	-2
858	1381	2
858	1634	2
859	1126	2
859	1322	-2
859	1979	-2
860	904	1
860	927	1
860	952	1
860	1208	-2
860	1510	-2
860	1977	2
861	1164	-2
861	1428	-2
861	1555	-2
862	905	1
862	925	1
862	1133	2
862	1321	2
862	1796	-2
863	939	1
863	983	1
863	1066	-2
863	1373	-2
863	1779	2
864	1023	1
864	1355	-2
864	1716	-2
864	1994	-2
865	875	1
865	982	1
865	1073	-2
865	1290	2
865	1952	-2
866	1453	-2
866	1629	2
866	1964	-2
867	875	1
867	970	1
867	1053	-2
867	1250	-2
867	1559	2
868	920	1
868	974	1
868	1401	2
868	1893	-2
868	1940	2
869	998	1
869	1458	-2
869	1558	-2
869	1735	-2
870	957	1
870	1134	-2
870	1170	2
870	1693	-2
871	893	1
871	942	1
871	1081	2
871	1204	-2
871	1576	2
872	958	1
872	1151	-2
872	1380	2
872	1639	-2
873	1198	2
873	1600	2
873	1744	2
874	915	1
874	987	1
874	1041	-2
874	1427	-2
874	1862	2
875	1290	2
875	1559	2
875	1615	-2
876	1265	-2
876	1476	2
876	1783	2
877	1159	-2
877	1420	2
877	1997	2
878	884	1
878	1181	-2
878	1310	-2
878	1511	2
879	1292	-2
879	1563	-2
879	1730	2
880	925	1
880	1076	-2
880	1430	2
880	1811	-2
881	1405	-2
881	1417	2
881	1880	2
882	1409	-2
882	1433	-2
882	1999	2
883	1156	2
883	1192	2
883	1781	-2
884	1252	2
884	1310	-2
884	1348	-2
885	1074	-2
885	1438	2
885	2035	2
886	978	1
886	1045	2
886	1467	2
886	2044	2
887	958	1
887	1218	2
887	1306	-2
887	1985	2
888	1059	2
888	1700	-2
888	1792	2
889	969	1
889	997	1
889	1489	2
889	1677	2
889	1925	2
890	893	1
890	1223	2
890	1565	-2
890	1996	-2
891	1099	2
891	1887	-2
891	1904	-2
892	952	1
892	1098	-2
892	1288	2
892	1628	2
893	1081	2
893	1223	2
893	1517	-2
894	929	1
894	936	1
894	1444	-2
894	1671	-2
894	1868	2
895	1312	-2
895	1568	2
895	1670	-2
896	992	1
896	1107	2
896	1138	-2
896	1800	2
897	1063	2
897	1238	2
897	2036	2
898	1227	-2
898	1724	-2
898	1791	-2
899	1024	1
899	1371	-2
899	1736	-2
899	1959	2
900	1013	1
900	1036	-2
900	1122	-2
900	1922	2
901	959	1
901	1008	1
901	1609	-2
901	1706	2
901	1907	-2
902	935	1
902	944	1
902	1173	2
902	1604	2
902	1727	-2
903	1261	-2
903	1784	2
903	1948	-2
904	952	1
904	1026	-2
904	1503	2
904	1977	2
905	962	1
905	1047	2
905	1068	-2
905	1133	2
906	1381	2
906	1499	-2
906	1601	2
907	1104	-2
907	1951	-2
907	2038	2
908	986	1
908	998	1
908	1294	-2
908	1850	-2
908	1967	-2
909	1018	1
909	1097	-2
909	1394	-2
909	1660	-2
910	1021	1
910	1553	2
910	1776	2
910	1937	-2
911	1054	2
911	1131	-2
911	1132	-2
912	1437	2
912	1530	-2
912	1901	2
913	1299	-2
913	1459	-2
913	1524	-2
914	1641	-2
914	1692	-2
914	1908	-2
915	1350	2
915	1427	-2
915	1468	-2
916	959	1
916	987	1
916	1687	-2
916	1913	-2
916	1983	2
917	932	1
917	1191	2
917	1391	2
917	1765	-2
918	1065	2
918	1270	-2
918	1274	2
919	921	1
919	1064	-2
919	1195	2
919	1442	2
920	1060	2
920	1876	2
920	1893	-2
921	1442	2
921	1564	-2
921	2000	-2
922	948	1
922	1607	2
922	1720	-2
922	1749	-2
923	1307	2
923	1434	-2
923	1888	-2
924	1331	2
924	1551	2
924	1897	-2
925	1086	2
925	1321	2
925	1811	-2
926	971	1
926	992	1
926	1249	-2
926	1663	-2
926	1745	-2
927	1208	-2
927	1222	-2
927	1830	2
928	1243	2
928	1820	2
928	1993	-2
929	1241	2
929	1861	-2
929	1868	2
930	1360	-2
930	1443	-2
930	1465	-2
931	1590	-2
931	1658	2
931	1902	2
932	1391	2
932	1588	2
932	1787	-2
933	1001	1
933	1366	-2
933	1652	2
933	1890	-2
934	957	1
934	1018	1
934	1346	2
934	1533	2
934	1620	-2
935	1014	1
935	1091	-2
935	1231	-2
935	1727	-2
936	972	1
936	1251	-2
936	1444	-2
936	1837	-2
937	1352	-2
937	1971	2
937	1975	2
938	1144	2
938	1182	2
938	1497	2
939	983	1
939	999	1
939	1771	-2
939	1779	2
939	1845	-2
940	946	1
940	1961	2
940	2008	-2
940	2023	2
941	1012	1
941	1647	2
941	1714	2
941	1949	2
942	995	1
942	1204	-2
942	1215	2
942	1303	-2
943	1039	-2
943	1418	2
943	1461	2
944	987	1
944	1173	2
944	1498	-2
944	1995	-2
945	1278	2
945	1337	2
945	1457	-2
946	1015	1
946	1396	-2
946	1595	2
946	2008	-2
947	1111	2
947	1545	2
947	2017	-2
948	1199	-2
948	1232	2
948	1607	2
949	1056	2
949	1623	-2
949	1803	2
950	1082	-2
950	1416	2
950	1661	-2
951	1184	-2
951	1446	-2
951	1857	-2
952	1628	2
952	1748	-2
952	1977	2
953	1229	2
953	1808	-2
953	1935	-2
954	1028	2
954	1470	2
954	2032	2
955	1226	2
955	1696	-2
955	1746	-2
956	965	1
956	1009	1
956	1566	2
956	1767	2
956	1954	-2
957	1018	1
957	1134	-2
957	1533	2
957	1697	-2
958	1380	2
958	1910	2
958	1985	2
959	1609	-2
959	1923	2
959	1983	2
960	1455	-2
960	1456	2
960	1778	2
961	1143	2
961	1188	-2
961	1281	-2
962	1047	2
962	1189	-2
962	1483	2
963	1094	2
963	1526	2
963	1896	-2
964	1023	1
964	1571	2
964	1718	-2
964	1826	-2
965	1009	1
965	1140	-2
965	1550	2
965	1767	2
966	1505	-2
966	1881	-2
966	1924	2
967	1491	2
967	1502	-2
967	1581	2
968	1351	-2
968	1423	2
968	1848	-2
969	997	1
969	1677	2
969	1789	2
969	1968	2
970	1250	-2
970	1370	-2
970	1962	2
971	992	1
971	1451	-2
971	1745	-2
971	1874	-2
972	1002	1
972	1485	2
972	1837	-2
972	1870	2
973	1177	-2
973	1547	-2
973	1586	-2
974	1335	2
974	1401	2
974	1463	-2
975	1286	2
975	1372	2
975	1552	-2
976	1659	2
976	1733	2
976	2020	-2
977	1477	2
977	1494	-2
977	1919	2
978	1374	2
978	1467	2
978	1754	-2
979	1004	1
979	1606	-2
979	1828	2
979	1927	2
980	1544	-2
980	1619	2
980	1807	2
981	1266	2
981	1313	-2
981	1513	-2
982	1106	2
982	1406	2
982	1952	-2
983	1271	-2
983	1779	2
983	2007	-2
984	1254	2
984	1296	-2
984	1603	-2
985	993	1
985	1043	2
985	1075	2
985	1450	2
986	1599	-2
986	1698	-2
986	1967	-2
987	1041	-2
987	1498	-2
987	1687	-2
988	1386	-2
988	1520	-2
988	1578	2
989	1375	-2
989	1536	2
989	1682	-2
990	1108	2
990	1230	2
990	1732	-2
991	995	1
991	1016	1
991	1169	-2
991	1190	2
991	2015	2
992	1745	-2
992	1800	2
992	1963	2
993	1075	2
993	1398	2
993	1638	-2
994	1475	-2
994	1480	-2
994	1921	-2
995	1190	2
995	1255	-2
995	1303	-2
996	1022	1
996	1109	2
996	1464	2
996	1933	2
997	1677	2
997	1709	2
997	1892	2
998	1276	-2
998	1294	-2
998	1735	-2
999	1644	-2
999	1845	-2
999	1960	2
1000	1179	-2
1000	1669	2
1000	1747	2
1001	1005	1
1001	1366	-2
1001	1657	2
1001	1953	-2
1002	1005	1
1002	1145	2
1002	1870	2
1002	2031	2
1003	1617	-2
1003	1878	2
1003	2034	-2
1004	1146	-2
1004	1731	2
1004	1828	2
1005	1027	2
1005	1145	2
1005	1657	2
1006	1466	2
1006	1816	2
1006	1832	-2
1007	1330	2
1007	1610	-2
1007	2021	2
1008	1424	2
1008	1706	2
1008	1762	2
1009	1046	-2
1009	1200	-2
1009	1767	2
1010	1323	2
1010	1755	-2
1010	1823	-2
1011	1684	2
1011	1759	-2
1011	1879	-2
1012	1034	-2
1012	1647	2
1012	1939	-2
1013	1562	-2
1013	1922	2
1013	1965	-2
1014	1091	-2
1014	1556	-2
1014	1621	2
1015	1595	2
1015	1764	2
1015	1918	-2
1016	1021	1
1016	1408	2
1016	1605	2
1016	2015	2
1017	1035	2
1017	1435	-2
1017	1521	2
1018	1097	-2
1018	1533	2
1018	2046	2
1019	1397	-2
1019	1413	2
1019	1626	2
1020	1152	-2
1020	1770	-2
1020	1813	-2
1021	1165	2
1021	1408	2
1021	1553	2
1022	1379	-2
1022	1519	2
1022	1933	2
1023	1355	-2
1023	1392	2
1023	1826	-2
1024	1432	2
1024	1959	2
1024	1998	-2
