1	1	1
2	2	-1
3	3	1
4	4	-3
5	5	-1
6	6	-1
7	7	-1
8	8	1
9	9	-1
10	10	1
11	11	-3
12	12	1
13	13	-3
14	14	-1
15	15	1
16	16	3
17	17	1
18	18	-3
19	19	-1
20	20	1
21	21	1
22	22	-3
23	23	1
24	24	1
25	25	1
26	26	-1
27	27	1
28	28	-1
29	29	-1
30	30	1
31	31	1
32	32	3
33	33	-3
34	34	1
35	35	-1
36	36	1
37	37	-1
38	38	1
39	39	1
40	40	-3
41	41	-3
42	42	-1
43	43	-3
44	44	1
45	45	1
46	46	3
47	47	3
48	48	-3
49	49	1
50	50	3
51	51	-1
52	52	-1
53	53	1
54	54	-1
55	55	3
56	56	3
57	57	1
58	58	-1
59	59	-1
60	60	-3
61	61	-1
62	62	1
63	63	-1
64	64	-1
65	65	-3
66	66	-1
67	67	-1
68	68	-3
69	69	-1
70	70	-1
71	71	-1
72	72	1
73	73	-1
74	74	-1
75	75	1
76	76	3
77	77	1
78	78	1
79	79	1
80	80	-1
81	81	3
82	82	-1
83	83	1
84	84	3
85	85	-1
86	86	1
87	87	-1
88	88	-1
89	89	1
90	90	3
91	91	3
92	92	-1
93	93	1
94	94	3
95	95	3
96	96	1
97	97	3
98	98	3
99	99	-1
100	100	-1
101	101	1
102	102	1
103	103	1
104	104	-1
105	105	3
106	106	-1
107	107	-3
108	108	1
109	109	-1
110	110	-1
111	111	-1
112	112	1
113	113	-3
114	114	-1
115	115	1
116	116	1
117	117	-3
118	118	3
119	119	-3
120	120	3
121	121	2
122	122	-2
123	123	-2
124	124	-2
125	125	-2
126	126	2
127	127	-2
128	128	2
129	129	-2
130	130	2
131	131	2
132	132	2
133	133	-2
134	134	2
135	135	2
136	136	-2
137	137	2
138	138	-2
139	139	-2
140	140	-2
141	141	-2
142	142	2
143	143	-2
144	144	2
145	145	-2
146	146	-2
147	147	2
148	148	2
149	149	-2
150	150	-2
151	151	2
152	152	2
153	153	2
154	154	-2
155	155	-2
156	156	2
157	157	2
158	158	-2
159	159	2
160	160	2
161	161	-2
162	162	-2
163	163	-2
164	164	2
165	165	2
166	166	2
167	167	-2
168	168	-2
169	169	-2
170	170	2
171	171	2
172	172	2
173	173	-2
174	174	-2
175	175	2
176	176	2
177	177	2
178	178	2
179	179	-2
180	180	-2
181	181	-2
182	182	2
183	183	2
184	184	2
185	185	2
186	186	2
187	187	2
188	188	-2
189	189	2
190	190	2
191	191	2
192	192	2
193	193	-2
194	194	2
195	195	-2
196	196	2
197	197	-2
198	198	2
199	199	2
200	200	-2
201	201	-2
202	202	2
203	203	-2
204	204	-2
205	205	-2
206	206	2
207	207	-2
208	208	-2
209	209	2
210	210	2
211	211	-2
212	212	-2
213	213	2
214	214	2
215	215	-2
216	216	-2
217	217	2
218	218	-2
219	219	-2
220	220	2
221	221	-2
222	222	-2
223	223	2
224	224	-2
225	225	2
226	226	2
227	227	2
228	228	2
229	229	2
230	230	2
231	231	-2
232	232	-2
233	233	-2
234	234	-2
235	235	-2
236	236	-2
237	237	-2
238	238	2
239	239	-2
240	240	2
1	19	1
1	24	2
1	42	1
1	75	1
1	101	1
1	166	-2
1	182	2
1	202	2
2	41	1
2	43	1
2	53	1
2	66	1
2	76	1
2	109	1
2	125	2
2	199	2
2	224	2
3	39	1
3	48	1
3	70	1
3	77	1
3	101	1
3	120	1
3	131	-2
3	139	-2
3	147	2
4	22	1
4	30	1
4	35	1
4	39	1
4	88	1
4	104	1
4	144	-2
4	158	2
4	170	-2
5	12	1
5	23	1
5	36	1
5	61	1
5	83	1
5	95	1
5	140	2
5	200	-2
5	208	2
6	25	2
6	33	1
6	43	1
6	47	1
6	51	1
6	128	-2
6	165	-2
6	195	-2
7	16	1
7	33	1
7	58	1
7	89	1
7	99	1
7	104	1
7	172	-2
7	177	2
7	215	2
8	10	1
8	20	1
8	64	1
8	68	1
8	101	1
8	103	1
8	129	2
8	188	-2
8	213	2
9	13	1
9	42	1
9	60	1
9	89	1
9	91	1
9	120	1
9	167	-2
9	175	-2
9	178	-2
10	20	1
10	50	1
10	62	1
10	67	1
10	68	1
10	138	-2
10	213	2
10	214	-2
11	20	1
11	28	1
11	61	1
11	73	2
11	119	1
11	150	2
11	155	2
11	197	2
12	30	1
12	34	1
12	61	1
12	66	1
12	90	1
12	140	2
12	157	2
12	162	-2
13	35	1
13	42	1
13	64	1
13	75	1
13	119	1
13	175	-2
13	222	2
13	239	2
14	29	1
14	30	1
14	41	1
14	48	1
14	80	1
14	105	1
14	135	-2
14	187	-2
14	192	2
15	17	1
15	44	1
15	55	1
15	61	1
15	74	1
15	78	1
15	146	2
15	154	-2
15	194	2
16	58	1
16	76	1
16	89	1
16	100	1
16	115	1
16	130	2
16	177	2
16	185	2
17	32	1
17	47	1
17	53	1
17	74	1
17	87	1
17	146	2
17	181	-2
17	230	2
18	21	1
18	26	1
18	37	1
18	48	1
18	49	1
18	111	1
18	149	2
18	153	-2
18	189	-2
19	22	1
19	24	1
19	84	1
19	117	1
19	118	1
19	123	2
19	166	-2
19	174	-2
20	93	1
20	102	1
20	119	1
20	197	2
20	210	2
20	213	2
21	32	1
21	56	1
21	76	1
21	81	1
21	111	1
21	149	2
21	209	2
21	217	2
22	35	1
22	40	1
22	107	1
22	117	1
22	123	2
22	144	-2
22	179	2
23	31	1
23	83	1
23	88	1
23	93	1
23	105	1
23	137	2
23	183	2
23	208	2
24	62	1
24	75	1
24	101	1
24	166	-2
24	186	2
24	202	2
25	43	1
25	47	1
25	49	1
25	62	1
25	165	-2
25	195	-2
25	234	-2
26	37	1
26	78	1
26	106	1
26	109	2
26	189	-2
26	204	-2
26	218	2
27	31	1
27	51	1
27	53	1
27	57	1
27	83	1
27	107	1
27	141	2
27	207	-2
27	236	-2
28	35	1
28	73	1
28	86	1
28	110	1
28	113	1
28	142	-2
28	150	2
28	198	2
29	46	1
29	48	1
29	52	1
29	92	1
29	110	1
29	187	-2
29	223	2
29	225	-2
30	39	1
30	90	1
30	105	1
30	157	2
30	158	2
30	192	2
31	37	1
31	80	1
31	83	1
31	93	1
31	183	2
31	196	-2
31	236	-2
32	47	1
32	76	1
32	94	1
32	114	1
32	145	-2
32	181	-2
32	209	2
33	34	1
33	51	1
33	58	1
33	113	1
33	128	-2
33	133	2
33	215	2
34	66	1
34	78	1
34	95	1
34	113	1
34	133	2
34	162	-2
34	233	-2
35	75	1
35	86	1
35	144	-2
35	198	2
35	222	2
36	45	1
36	56	1
36	95	1
36	116	1
36	118	1
36	152	2
36	200	-2
36	203	2
37	71	1
37	80	2
37	143	-2
37	189	-2
37	196	-2
38	46	1
38	54	1
38	72	1
38	84	1
38	94	1
38	111	1
38	132	-2
38	161	-2
38	176	2
39	47	1
39	79	1
39	120	1
39	147	2
39	158	2
39	237	-2
40	41	1
40	52	1
40	64	1
40	107	1
40	110	1
40	136	2
40	156	-2
40	179	2
41	64	1
41	66	1
41	80	1
41	125	2
41	135	-2
41	136	2
42	75	1
42	82	1
42	85	1
42	175	-2
42	182	2
42	229	-2
43	63	1
43	96	1
43	109	1
43	165	-2
43	193	2
43	224	2
44	56	1
44	78	1
44	86	1
44	108	1
44	113	1
44	154	-2
44	163	2
44	220	2
45	55	1
45	72	1
45	99	1
45	116	2
45	201	-2
45	203	2
45	227	2
46	74	1
46	94	1
46	108	1
46	110	1
46	161	-2
46	180	-2
46	223	2
47	79	1
47	181	-2
47	195	-2
47	237	-2
48	49	1
48	101	1
48	131	-2
48	153	-2
48	187	-2
49	52	1
49	62	1
49	84	1
49	153	-2
49	160	2
49	234	-2
50	67	1
50	73	1
50	81	1
50	102	1
50	120	1
50	138	-2
50	151	2
50	190	2
51	57	1
51	60	1
51	102	1
51	128	-2
51	207	-2
51	212	2
52	84	1
52	92	1
52	110	1
52	156	-2
52	160	2
52	225	-2
53	76	1
53	87	1
53	107	1
53	141	2
53	199	2
53	230	2
54	57	1
54	67	1
54	72	1
54	77	1
54	97	1
54	132	-2
54	173	2
54	240	2
55	61	1
55	89	1
55	96	1
55	99	1
55	194	2
55	227	2
55	235	-2
56	81	1
56	86	1
56	118	1
56	152	2
56	217	2
56	220	2
57	63	1
57	67	1
57	69	1
57	169	-2
57	173	2
57	207	-2
58	74	1
58	76	1
58	106	1
58	130	2
58	215	2
58	216	2
59	85	1
59	87	2
59	90	1
59	112	1
59	114	1
59	148	-2
59	191	2
59	221	2
60	68	1
60	89	1
60	100	1
60	102	1
60	178	-2
60	206	-2
60	212	2
61	73	1
61	140	2
61	155	2
61	194	2
62	68	1
62	75	1
62	186	2
62	214	-2
62	234	-2
63	69	2
63	96	1
63	106	1
63	126	-2
63	169	-2
63	193	2
64	101	1
64	119	1
64	136	2
64	188	-2
64	239	2
65	67	1
65	70	2
65	71	1
65	111	1
65	115	1
65	122	2
65	127	2
65	238	-2
66	77	1
66	100	1
66	125	2
66	162	-2
66	168	2
67	71	1
67	138	-2
67	173	2
67	238	-2
68	100	1
68	103	1
68	129	2
68	206	-2
68	214	-2
69	88	1
69	106	1
69	112	1
69	121	-2
69	126	-2
69	169	-2
70	77	1
70	111	1
70	115	1
70	122	2
70	127	2
70	139	-2
71	80	1
71	114	1
71	117	1
71	143	-2
71	228	-2
71	238	-2
72	81	1
72	103	1
72	116	1
72	132	-2
72	171	2
72	201	-2
73	81	1
73	150	2
73	151	2
73	155	2
74	106	1
74	108	1
74	146	2
74	180	-2
74	216	2
75	182	2
75	186	2
75	222	2
76	130	2
76	199	2
76	209	2
77	97	1
77	100	1
77	139	-2
77	168	2
77	240	2
78	95	1
78	109	1
78	154	-2
78	218	2
78	233	-2
79	92	2
79	93	1
79	105	1
79	124	-2
79	231	2
79	237	-2
80	135	-2
80	143	-2
80	196	-2
81	103	1
81	151	2
81	171	2
81	217	2
82	85	1
82	95	1
82	96	1
82	99	1
82	107	1
82	134	-2
82	205	-2
82	229	-2
83	91	1
83	115	1
83	208	2
83	219	-2
83	236	-2
84	111	1
84	118	1
84	160	2
84	174	-2
84	176	2
85	87	1
85	98	1
85	118	1
85	148	-2
85	229	-2
85	232	-2
86	117	1
86	119	1
86	198	2
86	220	2
86	226	-2
87	114	1
87	148	-2
87	221	2
87	230	2
88	104	1
88	105	1
88	112	1
88	121	-2
88	137	2
88	170	-2
89	96	1
89	177	2
89	178	-2
89	235	-2
90	97	1
90	112	2
90	157	2
90	191	2
90	211	-2
91	103	1
91	115	1
91	116	1
91	120	1
91	167	-2
91	184	2
91	219	-2
92	93	1
92	105	1
92	124	-2
92	225	-2
92	231	2
93	102	1
93	183	2
93	210	2
93	231	2
94	98	1
94	104	1
94	114	1
94	145	-2
94	159	2
94	161	-2
95	96	1
95	200	-2
95	205	-2
95	233	-2
96	193	2
96	205	-2
96	235	-2
97	98	1
97	108	1
97	112	1
97	164	2
97	211	-2
97	240	2
98	104	1
98	108	1
98	118	1
98	159	2
98	164	2
98	232	-2
99	104	1
99	107	1
99	134	-2
99	172	-2
99	227	2
100	115	1
100	168	2
100	185	2
100	206	-2
101	131	-2
101	188	-2
101	202	2
102	120	1
102	190	2
102	210	2
102	212	2
103	116	1
103	129	2
103	171	2
103	184	2
104	159	2
104	170	-2
104	172	-2
105	124	-2
105	137	2
105	192	2
106	109	1
106	126	-2
106	204	-2
106	216	2
107	134	-2
107	141	2
107	179	2
108	113	1
108	163	2
108	164	2
108	180	-2
109	204	-2
109	218	2
109	224	2
110	113	1
110	142	-2
110	156	-2
110	223	2
111	122	2
111	149	2
111	176	2
112	121	-2
112	191	2
112	211	-2
113	133	2
113	142	-2
113	163	2
114	117	1
114	145	-2
114	221	2
114	228	-2
115	127	2
115	185	2
115	219	-2
116	184	2
116	201	-2
116	203	2
117	119	1
117	123	2
117	226	-2
117	228	-2
118	152	2
118	174	-2
118	232	-2
119	197	2
119	226	-2
119	239	2
120	147	2
120	167	-2
120	190	2
