1	1	-3
2	2	3
3	3	1
4	4	1
5	5	-3
6	6	1
7	7	-1
8	8	1
9	9	-3
10	10	1
11	11	3
12	12	3
13	13	-1
14	14	1
15	15	3
16	16	1
17	17	-1
18	18	1
19	19	-1
20	20	1
21	21	-3
22	22	3
23	23	1
24	24	-1
25	25	1
26	26	-1
27	27	1
28	28	-3
29	29	3
30	30	-3
31	31	1
32	32	-1
33	33	-1
34	34	-1
35	35	1
36	36	-1
37	37	-3
38	38	1
39	39	3
40	40	-1
41	41	-1
42	42	1
43	43	1
44	44	1
45	45	1
46	46	1
47	47	-1
48	48	-1
49	49	-3
50	50	1
51	51	3
52	52	1
53	53	-1
54	54	3
55	55	3
56	56	3
57	57	3
58	58	3
59	59	1
60	60	-1
61	61	1
62	62	1
63	63	3
64	64	3
65	65	-1
66	66	-1
67	67	1
68	68	-1
69	69	-1
70	70	1
71	71	-1
72	72	-1
73	73	-1
74	74	-1
75	75	-1
76	76	1
77	77	1
78	78	-1
79	79	-3
80	80	-1
81	81	-1
82	82	-1
83	83	1
84	84	-3
85	85	3
86	86	1
87	87	-1
88	88	-1
89	89	1
90	90	1
91	91	3
92	92	1
93	93	1
94	94	1
95	95	1
96	96	-3
97	97	3
98	98	-3
99	99	3
100	100	3
101	101	1
102	102	3
103	103	1
104	104	1
105	105	3
106	106	1
107	107	1
108	108	3
109	109	-1
110	110	1
111	111	-1
112	112	-1
113	113	-1
114	114	3
115	115	1
116	116	-1
117	117	-3
118	118	1
119	119	1
120	120	1
121	121	-1
122	122	1
123	123	-3
124	124	-1
125	125	-3
126	126	1
127	127	-1
128	128	1
129	129	1
130	130	-1
131	131	1
132	132	1
133	133	-1
134	134	1
135	135	1
136	136	1
137	137	-1
138	138	1
139	139	1
140	140	1
141	141	1
142	142	1
143	143	3
144	144	-1
145	145	3
146	146	-1
147	147	1
148	148	-1
149	149	-1
150	150	1
151	151	1
152	152	-1
153	153	-3
154	154	1
155	155	1
156	156	-3
157	157	-1
158	158	-1
159	159	1
160	160	-1
161	161	-1
162	162	-1
163	163	-1
164	164	3
165	165	1
166	166	1
167	167	1
168	168	3
169	169	1
170	170	1
171	171	1
172	172	-3
173	173	1
174	174	1
175	175	1
176	176	-1
177	177	-1
178	178	-1
179	179	1
180	180	1
181	181	1
182	182	1
183	183	-1
184	184	1
185	185	1
186	186	1
187	187	3
188	188	-3
189	189	-1
190	190	-1
191	191	3
192	192	1
193	193	-1
194	194	3
195	195	1
196	196	3
197	197	1
198	198	1
199	199	3
200	200	-1
201	201	1
202	202	-1
203	203	-1
204	204	-1
205	205	-1
206	206	-1
207	207	-1
208	208	1
209	209	1
210	210	1
211	211	-1
212	212	-1
213	213	1
214	214	1
215	215	-1
216	216	-3
217	217	1
218	218	-1
219	219	1
220	220	-3
221	221	1
222	222	1
223	223	-1
224	224	1
225	225	-1
226	226	-3
227	227	1
228	228	3
229	229	3
230	230	-1
231	231	3
232	232	-1
233	233	-1
234	234	1
235	235	-3
236	236	-1
237	237	1
238	238	1
239	239	-1
240	240	-3
241	241	-1
242	242	-3
243	243	3
244	244	-1
245	245	-1
246	246	-1
247	247	3
248	248	-1
249	249	-1
250	250	1
251	251	3
252	252	-1
253	253	-1
254	254	-3
255	255	1
256	256	1
257	257	-1
258	258	-1
259	259	3
260	260	1
261	261	1
262	262	1
263	263	3
264	264	1
265	265	-1
266	266	1
267	267	-1
268	268	1
269	269	1
270	270	3
271	271	-3
272	272	1
273	273	-3
274	274	3
275	275	-1
276	276	-1
277	277	-1
278	278	-1
279	279	-1
280	280	-3
281	281	1
282	282	1
283	283	-3
284	284	-1
285	285	1
286	286	1
287	287	1
288	288	-3
289	289	-3
290	290	-3
291	291	-3
292	292	1
293	293	1
294	294	1
295	295	1
296	296	-1
297	297	-1
298	298	-3
299	299	-3
300	300	3
301	301	1
302	302	1
303	303	-1
304	304	-1
305	305	1
306	306	-1
307	307	-1
308	308	-1
309	309	-1
310	310	-3
311	311	-1
312	312	1
313	313	3
314	314	3
315	315	1
316	316	3
317	317	-1
318	318	-3
319	319	-3
320	320	1
321	321	-1
322	322	-3
323	323	3
324	324	-3
325	325	3
326	326	1
327	327	3
328	328	1
329	329	3
330	330	3
331	331	-1
332	332	-1
333	333	1
334	334	1
335	335	1
336	336	3
337	337	1
338	338	-1
339	339	-1
340	340	1
341	341	1
342	342	1
343	343	1
344	344	-3
345	345	1
346	346	-1
347	347	1
348	348	-1
349	349	-1
350	350	3
351	351	1
352	352	1
353	353	1
354	354	1
355	355	3
356	356	1
357	357	-3
358	358	3
359	359	-1
360	360	-1
361	361	1
362	362	3
363	363	1
364	364	3
365	365	1
366	366	1
367	367	-1
368	368	-1
369	369	-1
370	370	-1
371	371	1
372	372	3
373	373	-1
374	374	-1
375	375	1
376	376	1
377	377	1
378	378	-1
379	379	-1
380	380	-1
381	381	1
382	382	-1
383	383	-1
384	384	-3
385	385	1
386	386	-1
387	387	1
388	388	-1
389	389	-1
390	390	1
391	391	1
392	392	-1
393	393	-3
394	394	-1
395	395	-1
396	396	3
397	397	1
398	398	-1
399	399	1
400	400	1
401	401	3
402	402	1
403	403	-1
404	404	-3
405	405	1
406	406	1
407	407	1
408	408	3
409	409	-1
410	410	-1
411	411	-1
412	412	1
413	413	-1
414	414	1
415	415	1
416	416	1
417	417	-1
418	418	-3
419	419	1
420	420	1
421	421	-3
422	422	-3
423	423	3
424	424	1
425	425	-1
426	426	3
427	427	-1
428	428	1
429	429	-1
430	430	1
431	431	1
432	432	3
433	433	1
434	434	-3
435	435	1
436	436	1
437	437	-1
438	438	-1
439	439	-1
440	440	-1
441	441	-1
442	442	-1
443	443	-1
444	444	1
445	445	1
446	446	3
447	447	-1
448	448	3
449	449	3
450	450	3
451	451	-1
452	452	-1
453	453	1
454	454	1
455	455	-1
456	456	-1
457	457	-3
458	458	-1
459	459	-1
460	460	-1
461	461	1
462	462	1
463	463	1
464	464	1
465	465	1
466	466	-1
467	467	-1
468	468	1
469	469	1
470	470	1
471	471	-1
472	472	-1
473	473	-1
474	474	1
475	475	3
476	476	1
477	477	-1
478	478	3
479	479	-1
480	480	-1
481	481	-1
482	482	1
483	483	3
484	484	-1
485	485	-1
486	486	-1
487	487	3
488	488	-1
489	489	1
490	490	3
491	491	-1
492	492	-1
493	493	3
494	494	-3
495	495	-1
496	496	-3
497	497	-1
498	498	-3
499	499	1
500	500	1
501	501	-1
502	502	-1
503	503	-3
504	504	-1
505	505	-1
506	506	-1
507	507	1
508	508	-3
509	509	1
510	510	3
511	511	3
512	512	-1
513	513	1
514	514	-3
515	515	-1
516	516	-1
517	517	-3
518	518	-1
519	519	-1
520	520	3
521	521	1
522	522	1
523	523	-1
524	524	-1
525	525	-1
526	526	-1
527	527	1
528	528	1
529	529	1
530	530	1
531	531	1
532	532	-1
533	533	-1
534	534	3
535	535	-1
536	536	-1
537	537	1
538	538	1
539	539	-1
540	540	1
541	541	-1
542	542	-1
543	543	-1
544	544	1
545	545	-1
546	546	-1
547	547	-3
548	548	-1
549	549	-1
550	550	3
551	551	1
552	552	-1
553	553	-1
554	554	-1
555	555	-3
556	556	1
557	557	1
558	558	-1
559	559	3
560	560	1
561	561	1
562	562	-1
563	563	3
564	564	-1
565	565	1
566	566	1
567	567	-3
568	568	1
569	569	-3
570	570	-3
571	571	1
572	572	-1
573	573	3
574	574	-1
575	575	-3
576	576	1
577	577	-3
578	578	-1
579	579	-1
580	580	1
581	581	-1
582	582	-1
583	583	-1
584	584	1
585	585	1
586	586	1
587	587	-3
588	588	3
589	589	1
590	590	1
591	591	-1
592	592	-3
593	593	1
594	594	-1
595	595	1
596	596	-3
597	597	-1
598	598	3
599	599	3
600	600	-3
601	601	1
602	602	3
603	603	1
604	604	-3
605	605	3
606	606	-1
607	607	-3
608	608	1
609	609	3
610	610	1
611	611	1
612	612	1
613	613	-1
614	614	1
615	615	-1
616	616	1
617	617	1
618	618	-1
619	619	1
620	620	-3
621	621	-1
622	622	-3
623	623	1
624	624	1
625	625	3
626	626	-3
627	627	3
628	628	1
629	629	3
630	630	3
631	631	1
632	632	1
633	633	-1
634	634	1
635	635	1
636	636	1
637	637	1
638	638	3
639	639	-1
640	640	1
641	641	1
642	642	1
643	643	-1
644	644	1
645	645	1
646	646	-1
647	647	1
648	648	-1
649	649	1
650	650	-1
651	651	-1
652	652	-3
653	653	1
654	654	-3
655	655	1
656	656	-3
657	657	3
658	658	1
659	659	-3
660	660	-1
661	661	1
662	662	3
663	663	-1
664	664	1
665	665	3
666	666	-1
667	667	1
668	668	1
669	669	-1
670	670	-1
671	671	1
672	672	1
673	673	-1
674	674	3
675	675	-3
676	676	-1
677	677	1
678	678	3
679	679	-3
680	680	1
681	681	1
682	682	-1
683	683	-3
684	684	1
685	685	-1
686	686	-1
687	687	-1
688	688	1
689	689	1
690	690	1
691	691	-1
692	692	-1
693	693	1
694	694	1
695	695	-1
696	696	1
697	697	1
698	698	1
699	699	-1
700	700	1
701	701	1
702	702	-1
703	703	1
704	704	3
705	705	-1
706	706	1
707	707	1
708	708	1
709	709	1
710	710	-1
711	711	1
712	712	-1
713	713	-1
714	714	1
715	715	1
716	716	1
717	717	-1
718	718	1
719	719	-3
720	720	1
721	721	1
722	722	-1
723	723	-1
724	724	1
725	725	-1
726	726	3
727	727	-3
728	728	1
729	729	-1
730	730	1
731	731	1
732	732	1
733	733	-1
734	734	-1
735	735	1
736	736	-1
737	737	3
738	738	-3
739	739	-1
740	740	-1
741	741	-3
742	742	1
743	743	-1
744	744	1
745	745	-3
746	746	3
747	747	3
748	748	1
749	749	-1
750	750	-1
751	751	-1
752	752	-1
753	753	1
754	754	-1
755	755	3
756	756	3
757	757	1
758	758	1
759	759	-1
760	760	-1
761	761	1
762	762	-3
763	763	-3
764	764	3
765	765	-1
766	766	1
767	767	1
768	768	3
769	769	3
770	770	-1
771	771	-1
772	772	1
773	773	-1
774	774	-1
775	775	-1
776	776	-1
777	777	1
778	778	1
779	779	1
780	780	-1
781	781	1
782	782	3
783	783	1
784	784	3
785	785	3
786	786	-3
787	787	1
788	788	-1
789	789	1
790	790	1
791	791	-1
792	792	-1
793	793	-3
794	794	-1
795	795	1
796	796	-1
797	797	-1
798	798	-3
799	799	-1
800	800	-3
801	801	-1
802	802	3
803	803	-3
804	804	1
805	805	1
806	806	3
807	807	-1
808	808	-1
809	809	3
810	810	-1
811	811	1
812	812	-1
813	813	1
814	814	-1
815	815	-1
816	816	1
817	817	-3
818	818	-1
819	819	1
820	820	3
821	821	-1
822	822	1
823	823	-1
824	824	1
825	825	-1
826	826	1
827	827	-3
828	828	3
829	829	-1
830	830	-1
831	831	1
832	832	-1
833	833	-1
834	834	1
835	835	-1
836	836	-3
837	837	-3
838	838	-1
839	839	1
840	840	-3
841	841	1
842	842	1
843	843	-1
844	844	-1
845	845	1
846	846	1
847	847	3
848	848	1
849	849	3
850	850	-3
851	851	1
852	852	-3
853	853	-1
854	854	-1
855	855	3
856	856	1
857	857	-1
858	858	1
859	859	-1
860	860	-1
861	861	3
862	862	1
863	863	1
864	864	-1
865	865	-3
866	866	1
867	867	1
868	868	1
869	869	-1
870	870	1
871	871	1
872	872	-1
873	873	3
874	874	-3
875	875	-1
876	876	-3
877	877	-1
878	878	1
879	879	3
880	880	1
881	881	3
882	882	-3
883	883	-1
884	884	-1
885	885	-1
886	886	3
887	887	1
888	888	-1
889	889	3
890	890	1
891	891	1
892	892	1
893	893	3
894	894	3
895	895	-1
896	896	-1
897	897	1
898	898	-1
899	899	1
900	900	1
901	901	1
902	902	1
903	903	-3
904	904	-1
905	905	-1
906	906	-1
907	907	-1
908	908	-1
909	909	1
910	910	-1
911	911	1
912	912	-1
913	913	3
914	914	-1
915	915	1
916	916	-3
917	917	3
918	918	3
919	919	-1
920	920	1
921	921	1
922	922	3
923	923	-1
924	924	1
925	925	1
926	926	-1
927	927	-1
928	928	-1
929	929	-1
930	930	1
931	931	1
932	932	1
933	933	3
934	934	1
935	935	-3
936	936	1
937	937	-1
938	938	-3
939	939	-1
940	940	-1
941	941	1
942	942	-1
943	943	-3
944	944	-1
945	945	1
946	946	-1
947	947	1
948	948	1
949	949	1
950	950	1
951	951	-1
952	952	-1
953	953	-1
954	954	-1
955	955	3
956	956	1
957	957	-1
958	958	-1
959	959	-1
960	960	1
961	961	1
962	962	1
963	963	-1
964	964	-3
965	965	-3
966	966	1
967	967	1
968	968	1
969	969	1
970	970	1
971	971	1
972	972	1
973	973	-1
974	974	-3
975	975	-1
976	976	-3
977	977	1
978	978	1
979	979	-3
980	980	1
981	981	-1
982	982	3
983	983	-3
984	984	3
985	985	-1
986	986	3
987	987	-1
988	988	1
989	989	-1
990	990	-3
991	991	1
992	992	-3
993	993	-1
994	994	1
995	995	-1
996	996	-1
997	997	-1
998	998	-3
999	999	-1
1000	1000	1
1001	1001	1
1002	1002	-1
1003	1003	-1
1004	1004	1
1005	1005	-1
1006	1006	-3
1007	1007	-1
1008	1008	1
1009	1009	-1
1010	1010	1
1011	1011	-1
1012	1012	1
1013	1013	1
1014	1014	1
1015	1015	-1
1016	1016	1
1017	1017	-1
1018	1018	-3
1019	1019	-1
1020	1020	1
1021	1021	1
1022	1022	1
1023	1023	1
1024	1024	-1
1025	1025	2
1026	1026	2
1027	1027	-2
1028	1028	-2
1029	1029	-2
1030	1030	-2
1031	1031	2
1032	1032	-2
1033	1033	2
1034	1034	2
1035	1035	-2
1036	1036	-2
1037	1037	-2
1038	1038	2
1039	1039	-2
1040	1040	2
1041	1041	-2
1042	1042	-2
1043	1043	2
1044	1044	-2
1045	1045	-2
1046	1046	-2
1047	1047	2
1048	1048	-2
1049	1049	2
1050	1050	-2
1051	1051	2
1052	1052	-2
1053	1053	2
1054	1054	-2
1055	1055	-2
1056	1056	2
1057	1057	2
1058	1058	-2
1059	1059	-2
1060	1060	2
1061	1061	-2
1062	1062	2
1063	1063	2
1064	1064	-2
1065	1065	2
1066	1066	2
1067	1067	-2
1068	1068	2
1069	1069	2
1070	1070	-2
1071	1071	2
1072	1072	2
1073	1073	2
1074	1074	-2
1075	1075	2
1076	1076	-2
1077	1077	-2
1078	1078	-2
1079	1079	-2
1080	1080	2
1081	1081	2
1082	1082	-2
1083	1083	-2
1084	1084	-2
1085	1085	-2
1086	1086	-2
1087	1087	-2
1088	1088	2
1089	1089	-2
1090	1090	2
1091	1091	-2
1092	1092	2
1093	1093	-2
1094	1094	-2
1095	1095	-2
1096	1096	-2
1097	1097	2
1098	1098	2
1099	1099	2
1100	1100	2
1101	1101	2
1102	1102	2
1103	1103	-2
1104	1104	-2
1105	1105	2
1106	1106	-2
1107	1107	2
1108	1108	-2
1109	1109	2
1110	1110	2
1111	1111	2
1112	1112	2
1113	1113	2
1114	1114	-2
1115	1115	-2
1116	1116	2
1117	1117	2
1118	1118	2
1119	1119	-2
1120	1120	-2
1121	1121	-2
1122	1122	2
1123	1123	2
1124	1124	-2
1125	1125	-2
1126	1126	-2
1127	1127	2
1128	1128	2
1129	1129	2
1130	1130	2
1131	1131	2
1132	1132	-2
1133	1133	-2
1134	1134	2
1135	1135	2
1136	1136	2
1137	1137	-2
1138	1138	-2
1139	1139	2
1140	1140	2
1141	1141	-2
1142	1142	-2
1143	1143	2
1144	1144	-2
1145	1145	2
1146	1146	-2
1147	1147	-2
1148	1148	2
1149	1149	2
1150	1150	-2
1151	1151	-2
1152	1152	2
1153	1153	-2
1154	1154	-2
1155	1155	-2
1156	1156	-2
1157	1157	2
1158	1158	2
1159	1159	-2
1160	1160	2
1161	1161	-2
1162	1162	-2
1163	1163	-2
1164	1164	-2
1165	1165	2
1166	1166	2
1167	1167	-2
1168	1168	2
1169	1169	-2
1170	1170	-2
1171	1171	2
1172	1172	-2
1173	1173	2
1174	1174	2
1175	1175	2
1176	1176	2
1177	1177	-2
1178	1178	2
1179	1179	-2
1180	1180	2
1181	1181	-2
1182	1182	2
1183	1183	-2
1184	1184	-2
1185	1185	2
1186	1186	-2
1187	1187	2
1188	1188	2
1189	1189	2
1190	1190	2
1191	1191	2
1192	1192	-2
1193	1193	-2
1194	1194	-2
1195	1195	-2
1196	1196	2
1197	1197	2
1198	1198	2
1199	1199	-2
1200	1200	2
1201	1201	2
1202	1202	2
1203	1203	2
1204	1204	-2
1205	1205	-2
1206	1206	2
1207	1207	-2
1208	1208	2
1209	1209	-2
1210	1210	-2
1211	1211	-2
1212	1212	2
1213	1213	2
1214	1214	-2
1215	1215	2
1216	1216	-2
1217	1217	-2
1218	1218	2
1219	1219	-2
1220	1220	2
1221	1221	2
1222	1222	-2
1223	1223	2
1224	1224	2
1225	1225	-2
1226	1226	2
1227	1227	-2
1228	1228	2
1229	1229	2
1230	1230	-2
1231	1231	2
1232	1232	-2
1233	1233	-2
1234	1234	2
1235	1235	2
1236	1236	2
1237	1237	2
1238	1238	2
1239	1239	2
1240	1240	2
1241	1241	2
1242	1242	2
1243	1243	2
1244	1244	-2
1245	1245	2
1246	1246	2
1247	1247	-2
1248	1248	-2
1249	1249	2
1250	1250	2
1251	1251	-2
1252	1252	-2
1253	1253	-2
1254	1254	-2
1255	1255	2
1256	1256	2
1257	1257	-2
1258	1258	2
1259	1259	2
1260	1260	-2
1261	1261	-2
1262	1262	-2
1263	1263	2
1264	1264	-2
1265	1265	2
1266	1266	2
1267	1267	-2
1268	1268	2
1269	1269	-2
1270	1270	2
1271	1271	-2
1272	1272	2
1273	1273	2
1274	1274	2
1275	1275	-2
1276	1276	2
1277	1277	2
1278	1278	-2
1279	1279	2
1280	1280	2
1281	1281	-2
1282	1282	2
1283	1283	-2
1284	1284	2
1285	1285	2
1286	1286	-2
1287	1287	-2
1288	1288	-2
1289	1289	-2
1290	1290	2
1291	1291	-2
1292	1292	-2
1293	1293	-2
1294	1294	-2
1295	1295	2
1296	1296	2
1297	1297	-2
1298	1298	-2
1299	1299	-2
1300	1300	-2
1301	1301	2
1302	1302	2
1303	1303	2
1304	1304	2
1305	1305	-2
1306	1306	-2
1307	1307	-2
1308	1308	2
1309	1309	2
1310	1310	2
1311	1311	-2
1312	1312	2
1313	1313	2
1314	1314	2
1315	1315	-2
1316	1316	-2
1317	1317	2
1318	1318	2
1319	1319	2
1320	1320	-2
1321	1321	2
1322	1322	-2
1323	1323	-2
1324	1324	2
1325	1325	-2
1326	1326	2
1327	1327	-2
1328	1328	-2
1329	1329	2
1330	1330	2
1331	1331	-2
1332	1332	-2
1333	1333	-2
1334	1334	2
1335	1335	-2
1336	1336	-2
1337	1337	2
1338	1338	2
1339	1339	-2
1340	1340	2
1341	1341	-2
1342	1342	2
1343	1343	-2
1344	1344	-2
1345	1345	2
1346	1346	2
1347	1347	-2
1348	1348	-2
1349	1349	-2
1350	1350	-2
1351	1351	2
1352	1352	-2
1353	1353	-2
1354	1354	-2
1355	1355	-2
1356	1356	2
1357	1357	2
1358	1358	2
1359	1359	-2
1360	1360	2
1361	1361	2
1362	1362	2
1363	1363	2
1364	1364	2
1365	1365	-2
1366	1366	2
1367	1367	2
1368	1368	-2
1369	1369	2
1370	1370	-2
1371	1371	2
1372	1372	2
1373	1373	-2
1374	1374	2
1375	1375	2
1376	1376	2
1377	1377	2
1378	1378	2
1379	1379	2
1380	1380	-2
1381	1381	-2
1382	1382	-2
1383	1383	-2
1384	1384	2
1385	1385	2
1386	1386	-2
1387	1387	-2
1388	1388	-2
1389	1389	-2
1390	1390	2
1391	1391	2
1392	1392	-2
1393	1393	-2
1394	1394	2
1395	1395	-2
1396	1396	-2
1397	1397	-2
1398	1398	2
1399	1399	2
1400	1400	-2
1401	1401	2
1402	1402	-2
1403	1403	2
1404	1404	-2
1405	1405	2
1406	1406	-2
1407	1407	2
1408	1408	-2
1409	1409	-2
1410	1410	-2
1411	1411	2
1412	1412	-2
1413	1413	-2
1414	1414	-2
1415	1415	-2
1416	1416	2
1417	1417	2
1418	1418	2
1419	1419	-2
1420	1420	-2
1421	1421	2
1422	1422	2
1423	1423	2
1424	1424	2
1425	1425	2
1426	1426	2
1427	1427	-2
1428	1428	-2
1429	1429	-2
1430	1430	-2
1431	1431	2
1432	1432	2
1433	1433	-2
1434	1434	-2
1435	1435	2
1436	1436	-2
1437	1437	2
1438	1438	2
1439	1439	2
1440	1440	2
1441	1441	2
1442	1442	-2
1443	1443	-2
1444	1444	-2
1445	1445	-2
1446	1446	2
1447	1447	-2
1448	1448	-2
1449	1449	-2
1450	1450	-2
1451	1451	-2
1452	1452	2
1453	1453	-2
1454	1454	2
1455	1455	2
1456	1456	2
1457	1457	-2
1458	1458	2
1459	1459	-2
1460	1460	-2
1461	1461	2
1462	1462	2
1463	1463	2
1464	1464	2
1465	1465	2
1466	1466	-2
1467	1467	2
1468	1468	2
1469	1469	-2
1470	1470	-2
1471	1471	-2
1472	1472	2
1473	1473	-2
1474	1474	-2
1475	1475	2
1476	1476	2
1477	1477	2
1478	1478	-2
1479	1479	2
1480	1480	-2
1481	1481	2
1482	1482	2
1483	1483	2
1484	1484	2
1485	1485	-2
1486	1486	2
1487	1487	2
1488	1488	2
1489	1489	-2
1490	1490	2
1491	1491	-2
1492	1492	2
1493	1493	-2
1494	1494	2
1495	1495	-2
1496	1496	2
1497	1497	2
1498	1498	-2
1499	1499	2
1500	1500	-2
1501	1501	-2
1502	1502	-2
1503	1503	2
1504	1504	2
1505	1505	2
1506	1506	2
1507	1507	-2
1508	1508	-2
1509	1509	-2
1510	1510	2
1511	1511	-2
1512	1512	-2
1513	1513	-2
1514	1514	2
1515	1515	-2
1516	1516	2
1517	1517	2
1518	1518	-2
1519	1519	-2
1520	1520	2
1521	1521	2
1522	1522	2
1523	1523	-2
1524	1524	-2
1525	1525	2
1526	1526	-2
1527	1527	-2
1528	1528	-2
1529	1529	-2
1530	1530	2
1531	1531	2
1532	1532	2
1533	1533	-2
1534	1534	2
1535	1535	2
1536	1536	-2
1537	1537	-2
1538	1538	-2
1539	1539	-2
1540	1540	2
1541	1541	2
1542	1542	2
1543	1543	-2
1544	1544	2
1545	1545	-2
1546	1546	-2
1547	1547	-2
1548	1548	2
1549	1549	2
1550	1550	-2
1551	1551	-2
1552	1552	2
1553	1553	2
1554	1554	2
1555	1555	-2
1556	1556	2
1557	1557	2
1558	1558	-2
1559	1559	2
1560	1560	2
1561	1561	-2
1562	1562	2
1563	1563	2
1564	1564	2
1565	1565	-2
1566	1566	-2
1567	1567	-2
1568	1568	2
1569	1569	2
1570	1570	-2
1571	1571	-2
1572	1572	2
1573	1573	-2
1574	1574	2
1575	1575	-2
1576	1576	-2
1577	1577	-2
1578	1578	-2
1579	1579	-2
1580	1580	2
1581	1581	2
1582	1582	-2
1583	1583	2
1584	1584	2
1585	1585	2
1586	1586	-2
1587	1587	2
1588	1588	-2
1589	1589	-2
1590	1590	2
1591	1591	-2
1592	1592	2
1593	1593	2
1594	1594	-2
1595	1595	-2
1596	1596	-2
1597	1597	2
1598	1598	2
1599	1599	2
1600	1600	-2
1601	1601	-2
1602	1602	-2
1603	1603	-2
1604	1604	-2
1605	1605	-2
1606	1606	2
1607	1607	-2
1608	1608	2
1609	1609	-2
1610	1610	-2
1611	1611	2
1612	1612	-2
1613	1613	2
1614	1614	2
1615	1615	2
1616	1616	2
1617	1617	-2
1618	1618	2
1619	1619	2
1620	1620	-2
1621	1621	2
1622	1622	2
1623	1623	2
1624	1624	-2
1625	1625	2
1626	1626	2
1627	1627	-2
1628	1628	-2
1629	1629	2
1630	1630	-2
1631	1631	-2
1632	1632	2
1633	1633	-2
1634	1634	2
1635	1635	2
1636	1636	2
1637	1637	-2
1638	1638	2
1639	1639	-2
1640	1640	-2
1641	1641	2
1642	1642	2
1643	1643	2
1644	1644	2
1645	1645	-2
1646	1646	2
1647	1647	-2
1648	1648	2
1649	1649	2
1650	1650	-2
1651	1651	2
1652	1652	2
1653	1653	2
1654	1654	-2
1655	1655	2
1656	1656	-2
1657	1657	2
1658	1658	-2
1659	1659	2
1660	1660	2
1661	1661	2
1662	1662	-2
1663	1663	2
1664	1664	2
1665	1665	2
1666	1666	2
1667	1667	-2
1668	1668	-2
1669	1669	2
1670	1670	2
1671	1671	-2
1672	1672	-2
1673	1673	2
1674	1674	2
1675	1675	2
1676	1676	2
1677	1677	2
1678	1678	2
1679	1679	2
1680	1680	-2
1681	1681	-2
1682	1682	2
1683	1683	2
1684	1684	2
1685	1685	-2
1686	1686	2
1687	1687	-2
1688	1688	-2
1689	1689	2
1690	1690	2
1691	1691	2
1692	1692	2
1693	1693	2
1694	1694	2
1695	1695	-2
1696	1696	-2
1697	1697	2
1698	1698	2
1699	1699	2
1700	1700	2
1701	1701	2
1702	1702	-2
1703	1703	-2
1704	1704	-2
1705	1705	-2
1706	1706	-2
1707	1707	2
1708	1708	-2
1709	1709	-2
1710	1710	-2
1711	1711	-2
1712	1712	2
1713	1713	2
1714	1714	2
1715	1715	2
1716	1716	-2
1717	1717	-2
1718	1718	2
1719	1719	2
1720	1720	2
1721	1721	2
1722	1722	-2
1723	1723	-2
1724	1724	-2
1725	1725	2
1726	1726	2
1727	1727	2
1728	1728	-2
1729	1729	-2
1730	1730	-2
1731	1731	-2
1732	1732	2
1733	1733	-2
1734	1734	2
1735	1735	2
1736	1736	2
1737	1737	-2
1738	1738	2
1739	1739	2
1740	1740	-2
1741	1741	2
1742	1742	2
1743	1743	2
1744	1744	-2
1745	1745	2
1746	1746	-2
1747	1747	-2
1748	1748	2
1749	1749	-2
1750	1750	2
1751	1751	2
1752	1752	2
1753	1753	-2
1754	1754	-2
1755	1755	2
1756	1756	2
1757	1757	2
1758	1758	-2
1759	1759	-2
1760	1760	-2
1761	1761	-2
1762	1762	2
1763	1763	2
1764	1764	2
1765	1765	2
1766	1766	-2
1767	1767	2
1768	1768	-2
1769	1769	2
1770	1770	-2
1771	1771	2
1772	1772	2
1773	1773	-2
1774	1774	2
1775	1775	-2
1776	1776	-2
1777	1777	2
1778	1778	-2
1779	1779	-2
1780	1780	-2
1781	1781	2
1782	1782	-2
1783	1783	2
1784	1784	2
1785	1785	-2
1786	1786	-2
1787	1787	-2
1788	1788	-2
1789	1789	-2
1790	1790	-2
1791	1791	2
1792	1792	-2
1793	1793	-2
1794	1794	2
1795	1795	2
1796	1796	-2
1797	1797	-2
1798	1798	-2
1799	1799	-2
1800	1800	2
1801	1801	2
1802	1802	-2
1803	1803	2
1804	1804	-2
1805	1805	-2
1806	1806	-2
1807	1807	-2
1808	1808	2
1809	1809	-2
1810	1810	-2
1811	1811	-2
1812	1812	2
1813	1813	2
1814	1814	2
1815	1815	-2
1816	1816	2
1817	1817	2
1818	1818	2
1819	1819	-2
1820	1820	-2
1821	1821	2
1822	1822	2
1823	1823	-2
1824	1824	2
1825	1825	-2
1826	1826	-2
1827	1827	2
1828	1828	2
1829	1829	-2
1830	1830	-2
1831	1831	2
1832	1832	2
1833	1833	-2
1834	1834	-2
1835	1835	-2
1836	1836	-2
1837	1837	2
1838	1838	2
1839	1839	2
1840	1840	2
1841	1841	2
1842	1842	-2
1843	1843	2
1844	1844	2
1845	1845	2
1846	1846	-2
1847	1847	2
1848	1848	-2
1849	1849	-2
1850	1850	-2
1851	1851	2
1852	1852	-2
1853	1853	-2
1854	1854	-2
1855	1855	-2
1856	1856	-2
1857	1857	-2
1858	1858	-2
1859	1859	2
1860	1860	2
1861	1861	-2
1862	1862	2
1863	1863	-2
1864	1864	-2
1865	1865	-2
1866	1866	-2
1867	1867	2
1868	1868	-2
1869	1869	-2
1870	1870	-2
1871	1871	-2
1872	1872	-2
1873	1873	2
1874	1874	2
1875	1875	2
1876	1876	-2
1877	1877	-2
1878	1878	-2
1879	1879	2
1880	1880	2
1881	1881	-2
1882	1882	-2
1883	1883	-2
1884	1884	2
1885	1885	-2
1886	1886	2
1887	1887	-2
1888	1888	2
1889	1889	-2
1890	1890	-2
1891	1891	2
1892	1892	-2
1893	1893	-2
1894	1894	2
1895	1895	-2
1896	1896	2
1897	1897	-2
1898	1898	2
1899	1899	2
1900	1900	2
1901	1901	-2
1902	1902	2
1903	1903	2
1904	1904	-2
1905	1905	-2
1906	1906	2
1907	1907	2
1908	1908	2
1909	1909	-2
1910	1910	2
1911	1911	-2
1912	1912	-2
1913	1913	-2
1914	1914	-2
1915	1915	2
1916	1916	-2
1917	1917	2
1918	1918	2
1919	1919	2
1920	1920	-2
1921	1921	2
1922	1922	2
1923	1923	-2
1924	1924	2
1925	1925	2
1926	1926	2
1927	1927	-2
1928	1928	2
1929	1929	2
1930	1930	2
1931	1931	2
1932	1932	-2
1933	1933	-2
1934	1934	-2
1935	1935	2
1936	1936	-2
1937	1937	2
1938	1938	-2
1939	1939	2
1940	1940	2
1941	1941	-2
1942	1942	2
1943	1943	2
1944	1944	-2
1945	1945	2
1946	1946	2
1947	1947	2
1948	1948	2
1949	1949	-2
1950	1950	-2
1951	1951	-2
1952	1952	2
1953	1953	-2
1954	1954	-2
1955	1955	-2
1956	1956	2
1957	1957	2
1958	1958	2
1959	1959	2
1960	1960	2
1961	1961	-2
1962	1962	2
1963	1963	2
1964	1964	-2
1965	1965	-2
1966	1966	-2
1967	1967	2
1968	1968	2
1969	1969	-2
1970	1970	-2
1971	1971	2
1972	1972	-2
1973	1973	-2
1974	1974	2
1975	1975	2
1976	1976	2
1977	1977	-2
1978	1978	-2
1979	1979	-2
1980	1980	-2
1981	1981	2
1982	1982	2
1983	1983	-2
1984	1984	2
1985	1985	-2
1986	1986	2
1987	1987	2
1988	1988	-2
1989	1989	-2
1990	1990	-2
1991	1991	-2
1992	1992	-2
1993	1993	2
1994	1994	-2
1995	1995	2
1996	1996	2
1997	1997	2
1998	1998	-2
1999	1999	2
2000	2000	2
2001	2001	-2
2002	2002	-2
2003	2003	2
2004	2004	2
2005	2005	-2
2006	2006	-2
2007	2007	2
2008	2008	2
2009	2009	-2
2010	2010	2
2011	2011	2
2012	2012	-2
2013	2013	2
2014	2014	2
2015	2015	2
2016	2016	-2
2017	2017	-2
2018	2018	-2
2019	2019	2
2020	2020	2
2021	2021	-2
2022	2022	2
2023	2023	2
2024	2024	-2
2025	2025	-2
2026	2026	2
2027	2027	2
2028	2028	-2
2029	2029	-2
2030	2030	-2
2031	2031	-2
2032	2032	-2
2033	2033	2
2034	2034	2
2035	2035	2
2036	2036	2
2037	2037	2
2038	2038	2
2039	2039	2
2040	2040	-2
2041	2041	2
2042	2042	-2
2043	2043	-2
2044	2044	-2
2045	2045	-2
2046	2046	-2
2047	2047	-2
2048	2048	2
1	71	1
1	107	1
1	357	1
1	797	1
1	943	1
1	964	1
1	1580	-2
1	1721	-2
1	1755	-2
2	281	1
2	328	1
2	403	1
2	608	1
2	894	1
2	1016	1
2	1562	2
2	1789	-2
2	1813	2
3	44	1
3	341	1
3	465	1
3	572	1
3	606	1
3	1011	1
3	1602	2
3	1834	-2
3	1952	2
4	85	1
4	153	1
4	310	1
4	315	1
4	316	1
4	350	1
4	1072	2
4	1118	2
4	1193	2
5	223	1
5	275	1
5	686	1
5	796	1
5	833	1
5	1003	1
5	1310	-2
5	1624	2
5	2005	2
6	113	1
6	271	1
6	387	1
6	447	1
6	733	1
6	843	1
6	1459	-2
6	1609	-2
6	1851	-2
7	188	1
7	455	1
7	489	1
7	669	1
7	674	1
7	919	1
7	1483	-2
7	1622	-2
7	1688	-2
8	101	1
8	521	1
8	537	1
8	610	1
8	632	1
8	1003	1
8	1451	-2
8	1712	-2
8	1758	-2
9	72	1
9	246	1
9	299	1
9	741	1
9	751	1
9	980	1
9	1081	-2
9	1132	2
9	1354	2
10	247	1
10	305	1
10	789	1
10	909	1
10	1005	1
10	1013	1
10	1208	-2
10	1590	2
10	2002	-2
11	31	1
11	115	1
11	149	1
11	520	1
11	845	1
11	870	1
11	1167	-2
11	1250	2
11	1266	2
12	136	1
12	370	1
12	435	1
12	501	1
12	674	1
12	697	1
12	1183	-2
12	1245	2
12	1403	2
13	98	1
13	233	1
13	272	1
13	570	1
13	575	1
13	1024	1
13	1041	-2
13	1469	2
13	1746	2
14	314	1
14	359	1
14	671	1
14	752	2
14	913	1
14	1501	-2
14	1732	-2
14	1786	-2
15	27	1
15	438	1
15	459	1
15	487	1
15	668	1
15	776	1
15	1168	2
15	1330	2
15	2037	2
16	99	1
16	214	1
16	601	1
16	759	1
16	922	1
16	972	1
16	1306	2
16	1465	2
16	1555	-2
17	119	1
17	276	1
17	289	1
17	342	1
17	504	1
17	626	1
17	1157	-2
17	1283	-2
17	1747	2
18	236	1
18	301	1
18	500	1
18	849	1
18	902	1
18	930	1
18	1339	-2
18	1512	2
18	2015	2
19	108	1
19	133	1
19	270	1
19	422	1
19	719	1
19	923	1
19	1102	2
19	1670	-2
19	1760	2
20	151	1
20	221	1
20	623	1
20	685	1
20	755	1
20	951	1
20	1358	2
20	1440	2
20	1709	2
21	216	1
21	409	1
21	431	1
21	497	1
21	648	1
21	803	1
21	1573	2
21	1734	-2
21	1865	2
22	74	1
22	126	1
22	168	1
22	213	1
22	337	1
22	631	1
22	1319	2
22	1346	2
22	1478	-2
23	399	1
23	520	1
23	587	1
23	632	1
23	777	1
23	933	1
23	1281	-2
23	1341	2
23	1669	2
24	209	1
24	393	1
24	412	1
24	539	1
24	668	1
24	776	1
24	1087	2
24	1235	-2
24	1740	-2
25	92	1
25	503	1
25	725	1
25	789	1
25	886	1
25	892	1
25	1546	2
25	1565	-2
25	1990	-2
26	153	1
26	365	1
26	638	1
26	661	1
26	904	1
26	944	1
26	1342	-2
26	1628	2
26	1913	-2
27	483	1
27	668	1
27	740	1
27	809	1
27	935	1
27	1287	2
27	1330	2
27	1953	-2
28	123	1
28	371	1
28	597	1
28	834	1
28	876	1
28	965	1
28	1096	2
28	1290	-2
28	1548	-2
29	108	1
29	141	1
29	573	1
29	714	1
29	846	1
29	971	1
29	1074	-2
29	1524	-2
29	1540	2
30	112	1
30	267	1
30	279	1
30	536	1
30	650	1
30	1003	1
30	1204	2
30	1317	-2
30	1868	2
31	563	1
31	650	1
31	713	1
31	845	1
31	923	1
31	1167	-2
31	1425	2
31	1759	2
32	93	1
32	145	1
32	441	1
32	734	1
32	862	1
32	1001	1
32	1336	2
32	1961	2
32	1985	-2
33	79	1
33	216	1
33	238	1
33	645	1
33	945	1
33	952	1
33	1316	2
33	1475	2
33	1783	-2
34	68	1
34	309	1
34	791	1
34	796	1
34	859	1
34	899	1
34	1402	2
34	1409	-2
34	2007	-2
35	290	1
35	412	1
35	496	1
35	534	1
35	552	1
35	878	1
35	1355	-2
35	1489	-2
35	1761	2
36	413	1
36	514	1
36	652	1
36	719	1
36	761	1
36	827	1
36	1273	-2
36	1502	-2
36	1518	2
37	160	1
37	393	1
37	451	1
37	872	1
37	885	1
37	941	1
37	1042	2
37	1611	-2
37	1974	-2
38	312	1
38	457	1
38	527	1
38	730	1
38	947	1
38	1010	1
38	1730	-2
38	1972	-2
38	1998	2
39	174	1
39	431	1
39	628	1
39	699	1
39	769	1
39	881	1
39	1047	2
39	1252	-2
39	1808	2
40	460	1
40	495	1
40	536	1
40	545	1
40	573	1
40	784	1
40	1572	-2
40	1646	-2
40	1659	2
41	66	1
41	220	1
41	232	1
41	327	1
41	458	1
41	570	1
41	1392	2
41	1434	2
41	2023	2
42	97	1
42	393	1
42	663	1
42	711	1
42	756	1
42	820	1
42	1206	2
42	1246	-2
42	1603	-2
43	73	1
43	223	1
43	244	1
43	402	1
43	672	1
43	899	1
43	1390	2
43	1529	2
43	1657	2
44	385	1
44	386	1
44	565	1
44	574	1
44	1011	1
44	1401	-2
44	1952	2
44	1994	-2
45	71	1
45	164	1
45	475	1
45	478	1
45	718	1
45	986	1
45	1149	-2
45	1514	2
45	2040	-2
46	89	1
46	224	1
46	315	1
46	524	1
46	907	1
46	970	1
46	1705	2
46	1752	2
46	2028	-2
47	88	1
47	118	1
47	331	1
47	352	1
47	875	1
47	924	1
47	1541	-2
47	1818	2
47	2039	-2
48	57	1
48	125	1
48	152	1
48	237	1
48	308	1
48	915	1
48	1436	2
48	1620	2
48	1945	2
49	338	1
49	578	1
49	594	1
49	760	1
49	787	1
49	816	1
49	1106	2
49	1383	2
49	1660	-2
50	63	1
50	266	1
50	280	1
50	286	1
50	715	1
50	729	1
50	1446	2
50	1681	2
50	2048	2
51	327	1
51	334	1
51	469	1
51	510	1
51	614	1
51	698	1
51	1048	-2
51	1114	-2
51	1764	2
52	375	1
52	490	1
52	579	1
52	600	1
52	708	1
52	731	1
52	1344	2
52	1821	2
52	1979	-2
53	236	1
53	294	1
53	843	1
53	856	1
53	866	1
53	923	1
53	1506	-2
53	1534	2
53	1919	-2
54	249	1
54	329	1
54	544	1
54	755	1
54	772	1
54	944	1
54	1069	2
54	1699	2
54	1984	2
55	166	1
55	454	1
55	705	1
55	764	1
55	994	1
55	997	1
55	1367	2
55	1424	2
55	2012	-2
56	134	1
56	135	1
56	176	1
56	355	1
56	433	1
56	988	1
56	1223	2
56	1618	2
56	1802	-2
57	308	1
57	554	1
57	746	1
57	818	1
57	901	1
57	1113	2
57	1151	-2
57	1945	2
58	134	1
58	263	1
58	484	1
58	703	1
58	721	1
58	781	1
58	1126	-2
58	1811	-2
58	1982	2
59	603	1
59	780	1
59	794	1
59	804	1
59	937	1
59	1004	1
59	1094	-2
59	1295	-2
59	1793	-2
60	350	1
60	378	1
60	581	1
60	589	1
60	677	1
60	1005	1
60	1259	2
60	1311	2
60	1570	2
61	73	1
61	91	1
61	409	1
61	619	1
61	684	1
61	947	1
61	1710	-2
61	1750	-2
61	1831	2
62	110	1
62	139	1
62	162	1
62	415	1
62	662	1
62	752	1
62	1026	2
62	1100	2
62	1703	2
63	446	1
63	665	1
63	671	1
63	715	1
63	949	1
63	1446	2
63	1592	2
63	1632	2
64	137	1
64	159	1
64	801	1
64	847	1
64	1004	1
64	1022	1
64	1777	2
64	1835	-2
64	1902	2
65	130	1
65	572	1
65	622	1
65	964	1
65	975	1
65	996	1
65	1271	-2
65	1456	-2
65	1653	-2
66	89	1
66	570	1
66	754	1
66	756	1
66	912	1
66	1434	2
66	1690	-2
66	1980	-2
67	165	1
67	219	1
67	380	1
67	461	1
67	586	1
67	787	1
67	1097	-2
67	1121	-2
67	1874	2
68	311	1
68	321	1
68	472	1
68	566	1
68	796	1
68	1119	2
68	1409	-2
68	1497	-2
69	127	1
69	349	1
69	494	1
69	610	1
69	617	1
69	954	1
69	1304	-2
69	1713	2
69	1719	-2
70	329	1
70	402	1
70	719	1
70	972	1
70	974	1
70	1002	1
70	1480	-2
70	1575	-2
70	1946	-2
71	424	1
71	718	2
71	943	1
71	1149	-2
71	1286	-2
71	1755	-2
72	279	1
72	551	1
72	606	1
72	854	1
72	980	1
72	1077	2
72	1081	-2
72	1408	-2
73	402	1
73	409	1
73	792	1
73	873	1
73	1416	2
73	1529	2
73	1750	-2
74	126	1
74	374	1
74	738	1
74	762	1
74	840	1
74	1478	-2
74	1799	2
74	1930	-2
75	181	1
75	529	1
75	574	1
75	720	1
75	945	1
75	995	1
75	1104	2
75	1155	-2
75	1925	-2
76	198	1
76	218	1
76	264	1
76	345	1
76	428	1
76	857	1
76	1154	-2
76	1357	2
76	1566	2
77	175	1
77	456	1
77	482	1
77	855	1
77	986	1
77	1008	1
77	1190	2
77	1400	-2
77	1792	2
78	179	1
78	188	1
78	302	1
78	675	1
78	760	1
78	989	1
78	1207	2
78	1350	2
78	1640	-2
79	315	1
79	477	1
79	496	1
79	778	1
79	945	1
79	1128	-2
79	1608	-2
79	1783	-2
80	463	1
80	649	1
80	670	1
80	736	1
80	808	1
80	860	1
80	1579	2
80	1787	2
80	1929	2
81	480	1
81	591	1
81	655	1
81	766	1
81	879	1
81	1008	1
81	1716	2
81	1920	-2
81	2019	-2
82	182	1
82	335	1
82	374	1
82	439	1
82	773	1
82	1010	1
82	1174	-2
82	1503	-2
82	1527	-2
83	189	1
83	336	1
83	621	1
83	707	1
83	802	1
83	821	1
83	1033	2
83	1298	-2
83	1638	-2
84	334	1
84	369	1
84	659	1
84	734	1
84	907	1
84	999	1
84	1049	-2
84	1251	2
84	1702	2
85	118	1
85	128	1
85	315	1
85	365	1
85	748	1
85	1072	2
85	1932	-2
85	1955	-2
86	114	1
86	147	1
86	506	1
86	550	1
86	554	1
86	656	1
86	1195	-2
86	1938	2
86	1948	2
87	162	1
87	163	1
87	492	1
87	653	1
87	918	1
87	973	1
87	1153	-2
87	1369	-2
87	1995	-2
88	331	1
88	421	1
88	464	1
88	526	1
88	984	1
88	1073	2
88	1576	2
88	2039	-2
89	272	1
89	554	1
89	756	1
89	907	1
89	1243	-2
89	1980	-2
89	2028	-2
90	347	1
90	364	1
90	410	1
90	511	1
90	515	1
90	560	1
90	1564	2
90	1717	2
90	1790	-2
91	212	1
91	250	1
91	681	1
91	904	1
91	947	1
91	1347	-2
91	1492	2
91	1831	2
92	251	1
92	310	1
92	346	1
92	656	1
92	789	1
92	1209	-2
92	1504	-2
92	1565	-2
93	113	1
93	138	1
93	145	1
93	424	1
93	782	1
93	1386	-2
93	1417	-2
93	1985	-2
94	160	1
94	182	1
94	456	1
94	516	1
94	521	1
94	895	1
94	1276	2
94	1773	2
94	2041	2
95	194	1
95	248	1
95	442	1
95	512	1
95	661	1
95	911	1
95	1065	2
95	1482	-2
95	1906	2
96	541	1
96	694	1
96	869	1
96	882	1
96	908	1
96	925	1
96	1312	-2
96	1595	2
96	1738	-2
97	292	1
97	339	1
97	597	1
97	711	1
97	950	1
97	1433	-2
97	1438	2
97	1603	-2
98	276	1
98	288	1
98	332	1
98	537	1
98	570	1
98	1329	-2
98	1469	2
98	1816	-2
99	144	1
99	214	1
99	229	1
99	584	1
99	862	1
99	1187	2
99	1465	2
99	1820	-2
100	546	1
100	551	1
100	634	1
100	721	1
100	785	1
100	1022	1
100	1654	-2
100	1845	2
100	2045	-2
101	145	1
101	521	1
101	734	1
101	769	1
101	932	1
101	1180	2
101	1707	2
101	1712	-2
102	135	1
102	353	1
102	666	1
102	680	1
102	696	1
102	879	1
102	1218	2
102	1249	2
102	1531	2
103	157	1
103	262	1
103	340	1
103	372	1
103	513	1
103	946	1
103	1050	-2
103	1353	-2
103	1781	-2
104	120	1
104	235	1
104	418	1
104	545	1
104	594	1
104	735	1
104	1237	2
104	2003	-2
104	2029	-2
105	410	1
105	628	1
105	704	1
105	766	1
105	926	1
105	984	1
105	1172	-2
105	1466	-2
105	1854	-2
106	156	1
106	217	1
106	681	1
106	745	1
106	813	1
106	930	1
106	1116	-2
106	1130	2
106	2038	2
107	282	1
107	667	1
107	897	1
107	932	1
107	964	1
107	1332	-2
107	1563	2
107	1721	-2
108	141	1
108	197	1
108	204	1
108	270	1
108	1102	2
108	1197	2
108	1524	-2
109	213	1
109	571	1
109	769	1
109	772	1
109	910	1
109	988	1
109	1538	2
109	2006	-2
109	2027	-2
110	350	1
110	629	1
110	662	1
110	716	1
110	844	1
110	1026	2
110	1066	-2
110	1886	2
111	374	1
111	457	1
111	625	1
111	649	1
111	798	1
111	1018	1
111	1493	-2
111	1864	2
111	1883	2
112	148	1
112	421	1
112	606	1
112	609	1
112	650	1
112	1204	2
112	1724	2
112	1839	2
113	138	1
113	379	1
113	733	1
113	875	1
113	1398	-2
113	1417	-2
113	1609	-2
114	147	1
114	312	1
114	492	1
114	822	1
114	1021	1
114	1382	-2
114	1948	2
114	1992	-2
115	149	1
115	242	1
115	449	1
115	505	1
115	847	1
115	1250	2
115	1715	-2
115	1963	2
116	129	1
116	598	1
116	667	1
116	710	1
116	711	1
116	991	1
116	1231	-2
116	1539	-2
116	1804	2
117	303	1
117	497	1
117	825	1
117	884	1
117	956	1
117	985	1
117	1315	2
117	1345	-2
117	1706	2
118	128	1
118	539	1
118	770	1
118	924	1
118	1549	-2
118	1818	2
118	1932	-2
119	172	1
119	215	1
119	342	1
119	863	1
119	1000	1
119	1233	2
119	1283	-2
119	2010	2
120	268	1
120	545	1
120	626	1
120	836	1
120	1013	1
120	1085	-2
120	1931	-2
120	2029	-2
121	193	1
121	220	1
121	470	1
121	570	1
121	644	1
121	702	1
121	1170	2
121	1468	2
121	1754	2
122	224	1
122	320	1
122	732	1
122	751	1
122	770	1
122	974	1
122	1098	-2
122	1815	-2
122	1964	-2
123	134	1
123	636	1
123	827	1
123	834	1
123	868	1
123	1159	2
123	1548	-2
123	1607	2
124	165	1
124	250	1
124	561	1
124	748	1
124	799	1
124	942	1
124	1496	-2
124	1825	2
124	1997	2
125	161	1
125	485	1
125	525	1
125	715	1
125	915	1
125	1377	-2
125	1620	2
125	2035	-2
126	219	1
126	297	1
126	639	1
126	922	1
126	1478	-2
126	1578	-2
126	1689	-2
127	246	1
127	420	1
127	449	1
127	610	1
127	823	1
127	1304	-2
127	1499	2
127	1588	2
128	147	1
128	566	1
128	584	1
128	885	1
128	1103	-2
128	1431	-2
128	1932	-2
129	191	1
129	399	1
129	414	1
129	711	1
129	765	1
129	1413	-2
129	1776	-2
129	1804	2
130	370	1
130	408	1
130	739	1
130	849	1
130	996	1
130	1294	2
130	1653	-2
130	1809	-2
131	143	1
131	237	1
131	262	1
131	446	1
131	691	1
131	963	1
131	1415	-2
131	1824	-2
131	1862	2
132	207	1
132	688	1
132	736	1
132	764	1
132	814	1
132	848	1
132	1380	-2
132	1723	-2
132	1794	-2
133	175	1
133	229	1
133	266	1
133	322	1
133	719	1
133	1189	-2
133	1728	-2
133	1760	2
134	433	1
134	636	1
134	721	1
134	1607	2
134	1618	2
134	1811	-2
135	355	1
135	810	1
135	879	1
135	998	1
135	1169	2
135	1223	2
135	1249	2
136	435	1
136	474	1
136	629	1
136	693	1
136	741	1
136	1403	2
136	1828	-2
136	1989	-2
137	146	1
137	419	1
137	507	1
137	515	1
137	1004	1
137	1412	2
137	1636	-2
137	1902	2
138	354	1
138	396	1
138	664	1
138	783	1
138	1417	-2
138	1441	2
138	1675	2
139	161	1
139	297	1
139	415	1
139	523	1
139	576	1
139	1061	-2
139	1100	2
139	1318	-2
140	422	1
140	676	1
140	709	1
140	758	1
140	937	1
140	971	1
140	1181	-2
140	1205	2
140	1861	-2
141	247	1
141	398	1
141	577	1
141	851	1
141	1258	2
141	1524	-2
141	2036	-2
142	150	1
142	181	1
142	381	1
142	448	1
142	545	1
142	976	1
142	1089	-2
142	1407	-2
142	1477	2
143	430	1
143	446	1
143	537	1
143	880	1
143	921	1
143	1415	-2
143	1487	2
143	1582	-2
144	341	1
144	829	1
144	862	1
144	977	1
144	1002	1
144	1187	2
144	1597	-2
144	1801	-2
145	151	1
145	376	1
145	769	1
145	1180	2
145	1307	-2
145	1985	-2
146	253	1
146	479	1
146	507	1
146	950	1
146	981	1
146	1265	2
146	1636	-2
146	1806	2
147	405	1
147	885	1
147	934	1
147	1431	-2
147	1948	2
147	1949	-2
148	188	1
148	488	1
148	609	1
148	651	1
148	979	1
148	1701	-2
148	1839	2
148	1859	-2
149	158	1
149	359	1
149	877	1
149	962	1
149	1136	-2
149	1250	2
149	1419	2
150	181	1
150	669	1
150	696	1
150	796	1
150	807	1
150	1089	-2
150	1343	-2
150	1749	2
151	376	1
151	495	1
151	951	1
151	1017	1
151	1307	-2
151	1358	2
151	1520	-2
152	182	1
152	237	1
152	390	1
152	460	1
152	927	1
152	1436	2
152	1680	2
152	1727	2
153	170	1
153	310	1
153	384	1
153	944	1
153	1193	2
153	1628	2
153	1853	2
154	169	1
154	371	1
154	492	1
154	607	1
154	815	1
154	820	1
154	1393	-2
154	1495	2
154	1568	2
155	415	1
155	453	1
155	643	1
155	764	1
155	774	1
155	939	1
155	1236	2
155	1269	2
155	1410	-2
156	404	1
156	608	1
156	687	1
156	745	1
156	876	1
156	1116	-2
156	1334	-2
156	1589	2
157	340	1
157	400	1
157	425	1
157	714	1
157	777	1
157	1272	-2
157	1423	2
157	1781	-2
158	359	1
158	425	1
158	429	1
158	454	1
158	593	1
158	1136	-2
158	1543	-2
158	1587	-2
159	458	1
159	654	1
159	737	1
159	805	1
159	847	1
159	1071	-2
159	1239	2
159	1835	-2
160	256	1
160	517	1
160	521	1
160	885	1
160	1276	2
160	1697	-2
160	1974	-2
161	269	1
161	485	1
161	576	1
161	960	1
161	1061	-2
161	1377	-2
161	1696	2
162	163	1
162	194	1
162	752	1
162	1000	1
162	1369	-2
162	1610	-2
162	1703	2
163	285	1
163	427	1
163	603	1
163	998	1
163	1032	2
163	1369	-2
163	1370	-2
164	186	1
164	475	1
164	558	1
164	576	1
164	663	1
164	1505	2
164	1637	-2
164	2040	-2
165	287	1
165	309	1
165	586	1
165	748	1
165	1097	-2
165	1662	-2
165	1997	2
166	197	1
166	254	1
166	265	1
166	657	1
166	997	1
166	1090	2
166	1388	2
166	2012	-2
167	398	1
167	493	1
167	804	1
167	806	1
167	812	1
167	845	1
167	1140	-2
167	1444	-2
167	1871	-2
168	191	1
168	213	1
168	348	1
168	361	1
168	490	1
168	1346	2
168	1889	-2
168	1936	-2
169	371	1
169	415	1
169	582	1
169	630	1
169	948	1
169	1393	-2
169	1485	-2
169	1986	-2
170	214	1
170	384	1
170	487	1
170	867	1
170	1008	1
170	1134	2
170	1340	2
170	1853	2
171	234	1
171	290	1
171	397	1
171	715	1
171	740	1
171	924	1
171	1234	2
171	1741	-2
171	1765	2
172	215	1
172	308	1
172	436	1
172	615	1
172	795	1
172	1233	2
172	1365	2
172	1411	-2
173	230	1
173	320	1
173	401	1
173	593	1
173	673	1
173	911	1
173	1460	2
173	1685	-2
173	1708	-2
174	504	1
174	628	1
174	703	1
174	792	1
174	837	1
174	1252	-2
174	1583	2
174	1692	-2
175	322	1
175	396	1
175	590	1
175	1008	1
175	1189	-2
175	1400	-2
175	1879	2
176	513	1
176	575	1
176	706	1
176	910	1
176	988	1
176	1034	-2
176	1802	-2
176	1903	-2
177	596	1
177	731	1
177	767	1
177	825	1
177	872	1
177	877	1
177	1437	-2
177	1476	2
177	1803	-2
178	209	1
178	404	1
178	526	1
178	598	1
178	680	1
178	894	1
178	1214	2
178	1830	2
178	1900	2
179	760	1
179	786	1
179	848	1
179	880	1
179	947	1
179	1613	-2
179	1640	-2
179	1763	2
180	258	1
180	326	1
180	448	1
180	501	1
180	568	1
180	886	1
180	1150	2
180	1192	-2
180	1858	-2
181	529	1
181	532	1
181	640	1
181	1089	-2
181	1104	2
181	1935	2
182	390	1
182	456	1
182	773	1
182	1174	-2
182	1727	2
182	2041	2
183	475	1
183	498	1
183	532	1
183	865	1
183	915	1
183	989	1
183	1508	2
183	1838	-2
183	1876	-2
184	378	1
184	440	1
184	671	1
184	701	1
184	732	1
184	941	1
184	1297	-2
184	1642	-2
184	1819	-2
185	337	1
185	353	1
185	573	1
185	601	1
185	891	1
185	951	1
185	1277	2
185	1326	2
185	1498	2
186	340	1
186	567	1
186	663	1
186	698	1
186	790	1
186	1420	2
186	1505	2
186	1873	2
187	655	1
187	726	1
187	781	1
187	784	1
187	957	1
187	1020	1
187	1035	-2
187	1088	2
187	1122	2
188	488	1
188	675	1
188	919	1
188	1350	2
188	1483	-2
188	1701	-2
189	344	1
189	463	1
189	621	1
189	692	1
189	750	1
189	1186	2
189	1532	2
189	1638	-2
190	417	1
190	443	1
190	624	1
190	774	1
190	783	1
190	991	1
190	1052	2
190	1454	-2
190	1551	-2
191	361	1
191	414	1
191	542	1
191	1023	1
191	1623	2
191	1776	-2
191	1889	-2
192	571	1
192	621	1
192	660	1
192	670	1
192	676	1
192	817	1
192	1141	-2
192	1447	2
192	1836	-2
193	220	1
193	364	1
193	466	1
193	642	1
193	931	1
193	1027	-2
193	1124	2
193	1170	2
194	248	1
194	553	1
194	610	1
194	1000	1
194	1065	2
194	1610	-2
194	1915	2
195	430	1
195	605	1
195	773	1
195	802	1
195	808	1
195	940	1
195	1057	2
195	1937	2
195	1939	-2
196	206	1
196	301	1
196	342	1
196	838	1
196	970	1
196	1020	1
196	1075	2
196	1241	2
196	1491	-2
197	204	1
197	383	1
197	523	1
197	657	1
197	1090	2
197	1146	2
197	1197	2
198	264	1
198	298	1
198	711	1
198	912	1
198	1002	1
198	1154	-2
198	1372	-2
198	1911	-2
199	330	1
199	507	1
199	657	1
199	785	1
199	866	1
199	889	1
199	1039	-2
199	1414	-2
199	2011	2
200	503	1
200	547	1
200	854	1
200	900	1
200	920	1
200	1011	1
200	1092	-2
200	1314	2
200	1558	2
201	388	1
201	391	1
201	567	1
201	835	1
201	965	1
201	988	1
201	1080	2
201	1152	-2
201	1542	2
202	283	1
202	300	1
202	381	1
202	587	1
202	889	1
202	1007	1
202	1621	-2
202	1855	2
202	2017	-2
203	331	1
203	385	1
203	392	1
203	622	1
203	742	1
203	886	1
203	1399	-2
203	1892	-2
203	1928	-2
204	254	1
204	280	1
204	786	1
204	838	1
204	1156	2
204	1197	2
204	1211	2
205	278	1
205	291	1
205	443	1
205	498	1
205	609	1
205	630	1
205	1182	2
205	1791	-2
205	1926	-2
206	283	1
206	317	1
206	342	1
206	434	1
206	722	1
206	1241	2
206	1428	2
206	1950	2
207	596	1
207	611	1
207	764	1
207	964	1
207	987	1
207	1606	-2
207	1678	-2
207	1723	-2
208	228	1
208	356	1
208	685	1
208	835	1
208	917	1
208	932	1
208	1036	-2
208	1635	2
208	1751	-2
209	412	1
209	635	1
209	680	1
209	691	1
209	1214	2
209	1740	-2
209	1827	2
210	259	1
210	437	1
210	631	1
210	749	1
210	834	1
210	879	1
210	1059	-2
210	1711	-2
210	1978	2
211	284	1
211	436	1
211	695	1
211	791	1
211	825	1
211	876	1
211	1881	2
211	1904	2
211	2044	-2
212	471	1
212	681	1
212	695	1
212	815	1
212	938	1
212	1305	2
212	1492	2
212	1983	2
213	354	1
213	988	1
213	993	1
213	1289	-2
213	1346	2
213	2027	-2
214	722	1
214	777	1
214	867	1
214	1134	2
214	1465	2
214	1667	2
215	263	1
215	783	1
215	867	1
215	990	1
215	1139	-2
215	1233	2
215	1916	-2
216	391	1
216	403	1
216	497	1
216	952	1
216	1142	2
216	1316	2
216	1865	2
217	244	1
217	347	1
217	364	1
217	744	1
217	930	1
217	1109	2
217	1115	2
217	1130	2
218	245	1
218	356	1
218	427	1
218	428	1
218	983	1
218	1313	-2
218	1357	2
218	2000	-2
219	491	1
219	787	1
219	890	1
219	922	1
219	1578	-2
219	1739	-2
219	1874	2
220	232	1
220	395	1
220	907	1
220	1170	2
220	1392	2
220	1435	-2
221	360	1
221	627	1
221	685	1
221	688	1
221	811	1
221	1046	-2
221	1082	-2
221	1709	2
222	716	1
222	724	1
222	733	1
222	782	1
222	802	1
222	928	1
222	1164	-2
222	1229	2
222	1778	2
223	441	1
223	672	1
223	957	1
223	1003	1
223	1079	2
223	1390	2
223	2005	2
224	320	1
224	524	1
224	857	1
224	1015	1
224	1389	-2
224	1705	2
224	1964	-2
225	296	1
225	412	1
225	448	1
225	556	1
225	602	1
225	1007	1
225	1226	-2
225	1275	-2
225	1841	-2
226	277	1
226	348	1
226	568	1
226	647	1
226	872	1
226	981	1
226	1254	2
226	1331	2
226	1797	2
227	341	1
227	683	1
227	720	1
227	757	1
227	767	1
227	845	1
227	1270	-2
227	1625	2
227	1736	2
228	450	1
228	451	1
228	759	1
228	917	1
228	960	1
228	1352	-2
228	1635	2
228	1785	-2
229	266	1
229	584	1
229	638	1
229	925	1
229	1426	2
229	1728	-2
229	1820	-2
230	233	1
230	451	1
230	593	1
230	795	1
230	871	1
230	1460	2
230	1488	-2
230	1770	-2
231	292	1
231	446	1
231	470	1
231	824	1
231	986	1
231	1016	1
231	1394	2
231	1462	2
231	1615	2
232	417	1
232	467	1
232	700	1
232	790	1
232	1384	-2
232	1392	2
232	1967	2
233	272	1
233	451	1
233	664	1
233	840	1
233	1041	-2
233	1488	-2
233	1890	2
234	290	1
234	332	1
234	556	1
234	842	1
234	878	1
234	1396	-2
234	1741	-2
234	1884	2
235	418	1
235	458	1
235	652	1
235	823	1
235	1006	1
235	1742	-2
235	1959	-2
235	2003	-2
236	294	1
236	672	1
236	849	1
236	1004	1
236	1506	-2
236	1601	2
236	2015	2
237	262	1
237	789	1
237	811	1
237	1436	2
237	1481	2
237	1862	2
238	557	1
238	607	1
238	645	1
238	649	1
238	916	1
238	1475	2
238	1584	2
238	1649	-2
239	383	1
239	497	1
239	604	2
239	738	1
239	970	1
239	1333	-2
239	1455	-2
239	1484	-2
240	378	1
240	394	1
240	433	1
240	729	1
240	996	1
240	1015	1
240	1418	-2
240	1429	2
240	1556	-2
241	389	1
241	518	1
241	600	1
241	660	1
241	883	1
241	956	1
241	1574	-2
241	2026	2
241	2031	2
242	505	1
242	592	1
242	594	1
242	601	1
242	771	1
242	1715	-2
242	1847	-2
242	1905	2
243	274	1
243	486	1
243	561	1
243	632	1
243	700	1
243	966	1
243	1222	-2
243	1965	-2
243	1971	2
244	347	1
244	373	1
244	645	1
244	899	1
244	1115	2
244	1395	2
244	1657	2
245	427	1
245	626	1
245	880	1
245	966	1
245	980	1
245	1162	2
245	1987	2
245	2000	-2
246	401	1
246	751	1
246	819	1
246	823	1
246	1354	2
246	1588	2
246	1718	2
247	753	1
247	779	1
247	851	1
247	1013	1
247	1258	2
247	1590	2
247	1807	-2
248	613	1
248	727	1
248	801	1
248	926	1
248	1065	2
248	1143	-2
248	1720	-2
249	339	1
249	457	1
249	461	1
249	755	1
249	916	1
249	1188	-2
249	1464	-2
249	1699	2
250	904	1
250	915	1
250	927	1
250	942	1
250	1335	-2
250	1347	-2
250	1496	-2
251	260	1
251	346	1
251	423	1
251	714	1
251	742	1
251	1138	-2
251	1209	-2
251	1933	-2
252	268	1
252	436	1
252	562	1
252	569	1
252	612	1
252	877	1
252	1550	2
252	1648	-2
252	1942	2
253	437	1
253	479	1
253	641	1
253	900	1
253	949	1
253	1362	-2
253	1494	2
253	1806	2
254	265	1
254	295	1
254	342	1
254	786	1
254	1211	2
254	1388	2
254	1553	-2
255	307	1
255	618	1
255	853	1
255	933	1
255	941	1
255	959	1
255	1600	-2
255	1745	2
255	1981	-2
256	411	1
256	517	1
256	562	1
256	589	1
256	828	1
256	1163	-2
256	1166	2
256	1697	-2
257	346	1
257	442	1
257	473	1
257	549	1
257	623	1
257	899	1
257	1111	-2
257	1617	2
257	1852	-2
258	501	1
258	612	1
258	780	1
258	946	1
258	977	1
258	1150	2
258	1279	2
258	1605	2
259	704	1
259	768	1
259	834	1
259	913	1
259	940	1
259	1059	-2
259	1536	-2
259	1614	2
260	423	1
260	517	1
260	754	1
260	944	1
260	955	1
260	1028	2
260	1138	-2
260	1604	-2
261	500	1
261	641	1
261	756	1
261	840	1
261	917	1
261	946	1
261	1137	-2
261	1221	2
261	1775	2
262	533	1
262	702	1
262	946	1
262	1353	-2
262	1748	-2
262	1862	2
263	270	1
263	582	1
263	781	1
263	783	1
263	1513	-2
263	1916	-2
263	1982	2
264	356	1
264	490	1
264	502	1
264	858	1
264	1154	-2
264	1581	-2
264	2032	-2
265	418	1
265	494	1
265	921	1
265	934	1
265	1043	2
265	1388	2
265	1672	2
266	280	1
266	445	1
266	519	1
266	1058	-2
266	1681	2
266	1728	-2
267	279	1
267	388	1
267	483	1
267	648	1
267	938	1
267	1868	2
267	1870	2
267	2033	2
268	436	1
268	546	1
268	874	1
268	1013	1
268	1085	-2
268	1725	-2
268	1942	2
269	304	1
269	325	1
269	401	1
269	476	1
269	960	1
269	1062	2
269	1544	2
269	1696	2
270	582	1
270	670	1
270	784	1
270	1102	2
270	1509	-2
270	1513	-2
271	447	1
271	469	1
271	486	1
271	553	1
271	589	1
271	1267	2
271	1432	-2
271	1851	-2
272	408	1
272	554	1
272	839	1
272	1041	-2
272	1243	-2
272	1321	2
273	318	1
273	376	1
273	429	1
273	757	1
273	765	1
273	798	1
273	1068	-2
273	1292	2
273	1969	2
274	302	1
274	355	1
274	561	1
274	747	1
274	839	1
274	1199	-2
274	1971	2
274	2018	-2
275	612	1
275	686	1
275	692	1
275	905	1
275	958	1
275	1225	2
275	1310	-2
275	1909	-2
276	289	1
276	432	1
276	537	1
276	808	1
276	1157	-2
276	1248	-2
276	1329	-2
277	472	1
277	474	1
277	506	1
277	763	1
277	981	1
277	1200	-2
277	1254	2
277	2034	2
278	288	1
278	498	1
278	560	1
278	736	1
278	833	1
278	1363	-2
278	1791	-2
278	1899	2
279	585	1
279	737	1
279	854	1
279	1077	2
279	1868	2
279	1869	-2
280	420	1
280	717	1
280	838	1
280	1156	2
280	1521	-2
280	1681	2
281	307	1
281	343	1
281	550	1
281	590	1
281	608	1
281	1366	-2
281	1630	-2
281	1813	2
282	812	1
282	932	1
282	983	1
282	987	1
282	999	1
282	1563	2
282	1885	2
282	2001	-2
283	587	1
283	722	1
283	727	1
283	911	1
283	1621	-2
283	1950	2
283	2047	2
284	426	1
284	695	1
284	742	1
284	831	1
284	832	1
284	1661	2
284	1814	-2
284	1904	2
285	411	1
285	590	1
285	603	1
285	959	1
285	1012	1
285	1125	2
285	1370	-2
285	1679	2
286	339	1
286	362	1
286	503	1
286	729	1
286	823	1
286	1107	2
286	1599	-2
286	2048	2
287	309	1
287	456	1
287	522	1
287	658	1
287	837	1
287	1515	2
287	1662	-2
287	1782	-2
288	332	1
288	600	1
288	833	1
288	992	1
288	1363	-2
288	1816	-2
288	1934	2
289	572	1
289	620	1
289	735	1
289	798	1
289	1157	-2
289	1175	-2
289	1337	-2
290	496	1
290	692	1
290	943	1
290	1133	2
290	1741	-2
290	1761	2
291	375	1
291	443	1
291	810	1
291	921	1
291	929	1
291	1656	2
291	1823	2
291	1926	-2
292	470	1
292	597	1
292	738	1
292	860	1
292	1438	2
292	1615	2
292	1762	-2
293	334	1
293	368	1
293	447	1
293	509	1
293	737	1
293	891	1
293	1840	2
293	1878	2
293	1910	2
294	419	1
294	493	1
294	813	1
294	1005	1
294	1506	-2
294	1629	2
294	1867	2
295	330	1
295	338	1
295	342	1
295	499	1
295	625	1
295	1173	2
295	1553	-2
295	1644	2
296	412	1
296	841	1
296	851	1
296	859	1
296	865	1
296	1105	-2
296	1841	-2
296	1973	-2
297	452	1
297	523	1
297	639	1
297	717	1
297	1318	-2
297	1666	2
297	1689	-2
298	384	1
298	544	1
298	765	1
298	983	1
298	1002	1
298	1372	-2
298	1844	-2
298	2043	2
299	318	1
299	481	1
299	741	1
299	822	1
299	882	1
299	1132	2
299	1427	2
299	1486	-2
300	618	1
300	831	1
300	873	1
300	889	1
300	956	1
300	1278	-2
300	1371	2
300	2017	-2
301	320	1
301	576	1
301	902	1
301	1020	1
301	1075	2
301	1339	-2
301	1519	2
302	747	2
302	809	1
302	989	1
302	1207	2
302	1941	-2
302	2018	-2
303	319	1
303	343	1
303	482	1
303	890	1
303	985	1
303	1359	-2
303	1706	2
303	1912	2
304	325	1
304	577	1
304	699	1
304	793	1
304	1011	1
304	1062	2
304	1554	-2
304	1943	-2
305	375	1
305	565	1
305	710	1
305	835	1
305	909	1
305	1325	2
305	2002	-2
305	2013	2
306	552	1
306	644	1
306	824	1
306	878	1
306	967	1
306	969	1
306	1322	2
306	1457	-2
306	1655	-2
307	590	1
307	618	1
307	625	1
307	819	1
307	1366	-2
307	1449	-2
307	1981	-2
308	642	1
308	749	1
308	795	1
308	1177	2
308	1411	-2
308	1945	2
309	501	1
309	515	1
309	859	1
309	1095	2
309	1662	-2
309	2007	-2
310	656	1
310	829	1
310	859	1
310	1193	2
310	1504	-2
310	1947	-2
311	335	1
311	562	1
311	566	1
311	592	1
311	662	1
311	1119	2
311	1201	2
311	1374	-2
312	613	1
312	774	1
312	822	1
312	1010	1
312	1730	-2
312	1796	2
312	1992	-2
313	355	1
313	416	1
313	585	1
313	665	1
313	931	1
313	1019	1
313	1076	-2
313	1099	2
313	1771	2
314	779	1
314	834	1
314	900	1
314	913	1
314	982	1
314	1501	-2
314	1887	-2
314	1976	2
315	477	1
315	970	1
315	1072	2
315	1128	-2
315	1752	2
316	350	1
316	524	1
316	640	1
316	725	1
316	824	1
316	1037	-2
316	1118	2
316	1652	2
317	434	1
317	607	1
317	750	1
317	772	1
317	895	1
317	1129	-2
317	1428	2
317	1766	-2
318	481	1
318	798	1
318	818	1
318	958	1
318	1427	2
318	1954	2
318	1969	2
319	343	1
319	360	1
319	763	1
319	896	1
319	987	1
319	1228	-2
319	1545	2
319	1912	2
320	576	1
320	673	1
320	1519	2
320	1685	-2
320	1964	-2
321	367	1
321	416	1
321	472	1
321	542	1
321	996	1
321	1093	2
321	1497	-2
321	1863	-2
322	445	1
322	484	1
322	574	1
322	874	1
322	1189	-2
322	1530	-2
322	1993	-2
323	420	1
323	429	1
323	548	1
323	581	1
323	595	1
323	623	1
323	1217	-2
323	1364	2
323	1598	2
324	558	1
324	654	1
324	743	1
324	760	1
324	766	1
324	869	1
324	1212	-2
324	1843	-2
324	2021	2
325	627	1
325	650	1
325	799	1
325	920	1
325	1062	2
325	1123	2
325	1194	-2
326	361	1
326	538	1
326	762	1
326	886	1
326	973	1
326	1846	2
326	1858	-2
326	1907	2
327	334	1
327	428	1
327	458	1
327	778	1
327	1421	2
327	1764	2
327	2023	2
328	422	1
328	438	1
328	468	1
328	479	1
328	1016	1
328	1084	-2
328	1562	2
328	1676	-2
329	402	1
329	602	1
329	772	1
329	908	1
329	1575	-2
329	1619	2
329	1984	2
330	338	1
330	785	1
330	875	1
330	918	1
330	1127	2
330	1414	-2
330	1644	2
331	549	1
331	742	1
331	948	1
331	1191	2
331	1399	-2
331	2039	-2
332	556	1
332	990	1
332	995	1
332	1253	2
332	1816	-2
332	1884	2
333	390	1
333	508	1
333	599	2
333	631	1
333	706	1
333	1472	2
333	1591	2
333	1927	-2
334	447	1
334	999	1
334	1049	-2
334	1764	2
334	1910	2
335	662	1
335	814	1
335	936	1
335	1010	1
335	1201	2
335	1385	-2
335	1527	-2
336	423	1
336	767	1
336	771	1
336	821	1
336	858	1
336	1274	2
336	1298	-2
336	1324	2
337	631	1
337	709	1
337	893	1
337	951	1
337	1262	-2
337	1319	2
337	1498	2
338	760	1
338	940	1
338	1019	1
338	1644	2
338	1660	-2
338	1805	2
339	461	1
339	503	1
339	950	1
339	1433	-2
339	1464	-2
339	1599	-2
340	376	1
340	468	1
340	790	1
340	1301	2
340	1781	-2
340	1873	2
341	465	1
341	767	1
341	1002	1
341	1625	2
341	1801	-2
341	1834	-2
342	1241	2
342	1283	-2
342	1553	-2
343	550	1
343	863	1
343	989	1
343	1616	2
343	1630	-2
343	1912	2
344	489	1
344	505	1
344	679	1
344	692	1
344	797	1
344	1186	2
344	1467	-2
344	1914	2
345	616	1
345	690	1
345	716	1
345	857	1
345	984	1
345	1566	2
345	1695	-2
345	1812	2
346	549	1
346	758	1
346	1006	1
346	1111	-2
346	1209	-2
346	1991	2
347	364	1
347	583	1
347	615	1
347	1115	2
347	1726	2
347	1790	-2
348	490	1
348	647	1
348	775	1
348	934	1
348	1331	2
348	1772	-2
348	1936	-2
349	467	1
349	494	1
349	531	1
349	891	1
349	930	1
349	1586	2
349	1719	-2
349	1826	-2
350	589	1
350	629	1
350	1118	2
350	1259	2
350	1886	2
351	416	1
351	450	1
351	672	1
351	805	1
351	893	1
351	916	1
351	1291	-2
351	1300	2
351	1951	-2
352	488	1
352	534	1
352	644	1
352	695	1
352	875	1
352	1044	-2
352	1078	-2
352	1541	-2
353	502	1
353	518	1
353	680	1
353	891	1
353	1326	2
353	1531	2
353	1895	2
354	396	1
354	591	1
354	762	1
354	993	1
354	1289	-2
354	1376	-2
354	1441	2
355	585	1
355	839	1
355	1076	-2
355	1199	-2
355	1223	2
356	490	1
356	685	1
356	983	1
356	1036	-2
356	1313	-2
356	2032	-2
357	465	1
357	578	1
357	604	1
357	617	1
357	797	1
357	1525	-2
357	1580	-2
357	1829	2
358	362	1
358	637	1
358	682	1
358	809	1
358	861	1
358	884	1
358	1507	-2
358	1842	-2
358	2022	2
359	489	1
359	746	1
359	752	1
359	1136	-2
359	1732	-2
359	1977	-2
360	506	1
360	627	1
360	763	1
360	882	1
360	1046	-2
360	1228	-2
360	1585	-2
361	538	1
361	643	1
361	712	1
361	1889	-2
361	1907	2
361	1975	-2
362	366	1
362	511	1
362	823	1
362	884	1
362	1107	2
362	1227	-2
362	1507	-2
363	438	1
363	689	1
363	722	1
363	723	1
363	826	1
363	871	1
363	1627	-2
363	1665	2
363	1788	2
364	642	1
364	744	1
364	1027	-2
364	1109	2
364	1790	-2
365	387	1
365	532	1
365	638	1
365	748	1
365	1450	2
365	1913	-2
365	1955	-2
366	476	1
366	511	1
366	571	1
366	648	1
366	662	1
366	1202	-2
366	1227	-2
366	2030	-2
367	542	1
367	543	1
367	588	1
367	731	1
367	963	1
367	1093	2
367	1210	-2
367	1461	-2
368	430	1
368	517	1
368	597	1
368	737	1
368	794	1
368	1086	2
368	1216	2
368	1840	2
369	471	1
369	563	1
369	659	1
369	851	1
369	897	1
369	1213	-2
369	1702	2
369	2025	-2
370	533	1
370	674	1
370	739	1
370	1014	1
370	1245	2
370	1294	2
370	1522	-2
371	453	1
371	597	1
371	898	1
371	1290	-2
371	1393	-2
371	1639	-2
372	487	1
372	513	1
372	785	1
372	933	1
372	969	1
372	1025	2
372	1050	-2
372	1356	2
373	386	1
373	645	1
373	709	1
373	846	1
373	972	1
373	1395	2
373	1559	2
373	1633	2
374	439	1
374	625	1
374	738	1
374	1493	-2
374	1503	-2
374	1799	2
375	490	1
375	565	1
375	929	1
375	1821	2
375	1823	2
375	2013	2
376	468	1
376	757	1
376	1068	-2
376	1301	2
376	1307	-2
377	511	1
377	536	1
377	579	1
377	819	1
377	892	1
377	1016	1
377	1442	-2
377	1664	-2
377	1677	2
378	394	1
378	581	1
378	941	1
378	1297	-2
378	1311	2
378	1418	-2
379	441	1
379	508	1
379	678	1
379	723	1
379	875	1
379	1327	-2
379	1379	-2
379	1398	-2
380	461	1
380	541	1
380	717	1
380	910	1
380	949	1
380	1121	-2
380	1381	2
380	2016	2
381	448	1
381	535	1
381	861	1
381	1007	1
381	1477	2
381	1511	-2
381	1855	2
382	588	1
382	689	1
382	705	1
382	811	1
382	837	1
382	841	1
382	1729	-2
382	1744	2
382	1888	-2
383	413	1
383	497	1
383	523	1
383	850	1
383	1146	2
383	1333	-2
383	1569	-2
384	595	1
384	765	1
384	914	1
384	1406	2
384	1853	2
384	2043	2
385	565	1
385	710	1
385	886	1
385	1023	1
385	1242	2
385	1401	-2
385	1892	-2
386	574	1
386	666	1
386	709	1
386	712	1
386	1161	2
386	1633	2
386	1994	-2
387	395	1
387	532	1
387	843	1
387	973	1
387	1361	2
387	1450	2
387	1459	-2
388	697	1
388	773	1
388	835	1
388	938	1
388	1328	2
388	1542	2
388	1870	2
389	435	1
389	673	1
389	770	1
389	852	1
389	956	1
389	1397	2
389	2014	-2
389	2026	2
390	599	1
390	679	1
390	979	1
390	1643	-2
390	1727	2
390	1927	-2
391	403	1
391	440	1
391	560	1
391	988	1
391	1080	2
391	1142	2
391	1264	-2
392	444	1
392	540	1
392	622	1
392	701	1
392	959	1
392	1101	-2
392	1908	2
392	1928	-2
393	663	1
393	668	1
393	872	1
393	1235	-2
393	1246	-2
393	1611	-2
394	502	1
394	654	1
394	953	1
394	1009	1
394	1056	-2
394	1418	-2
394	1756	2
395	616	1
395	907	1
395	938	1
395	973	1
395	1361	2
395	1435	-2
395	1691	-2
396	544	1
396	590	1
396	881	1
396	1441	2
396	1757	2
396	1879	2
397	708	1
397	715	1
397	739	1
397	871	1
397	1019	1
397	1234	2
397	1247	2
397	1526	-2
398	443	1
398	577	1
398	812	1
398	939	1
398	1140	-2
398	1490	2
398	2036	-2
399	459	1
399	765	1
399	777	1
399	887	1
399	1413	-2
399	1593	-2
399	1669	2
400	657	1
400	777	1
400	863	1
400	901	1
400	962	1
400	1423	2
400	1571	-2
400	1645	2
401	476	1
401	819	1
401	911	1
401	1544	2
401	1708	-2
401	1718	2
402	455	1
402	706	1
402	1220	2
402	1529	2
402	1575	-2
403	564	1
403	673	1
403	894	1
403	1142	2
403	1471	2
403	1789	-2
404	526	1
404	641	1
404	687	1
404	786	1
404	1589	2
404	1830	2
404	2024	2
405	461	1
405	567	1
405	705	1
405	934	1
405	958	1
405	1594	2
405	1631	-2
405	1949	-2
406	445	1
406	580	1
406	918	1
406	945	1
406	951	1
406	1022	1
406	1196	2
406	1240	2
406	1650	2
407	504	1
407	529	1
407	728	1
407	744	1
407	812	1
407	867	1
407	1516	2
407	1634	2
407	1917	-2
408	726	1
408	768	1
408	839	1
408	849	1
408	1321	2
408	1473	-2
408	1809	-2
409	467	1
409	474	1
409	648	1
409	1368	-2
409	1573	2
409	1750	-2
410	462	1
410	472	1
410	560	1
410	984	1
410	1443	2
410	1717	2
410	1854	-2
411	473	1
411	562	1
411	959	1
411	1018	1
411	1064	2
411	1125	2
411	1166	2
412	534	1
412	1355	-2
412	1740	-2
412	1841	-2
413	761	1
413	846	1
413	850	1
413	954	1
413	1502	-2
413	1569	-2
413	1956	-2
414	494	1
414	677	1
414	865	1
414	978	1
414	1722	2
414	1776	-2
414	1960	2
415	630	1
415	939	1
415	1100	2
415	1269	2
415	1485	-2
416	916	1
416	996	1
416	1019	1
416	1099	2
416	1300	2
416	1863	-2
417	462	1
417	467	1
417	774	1
417	917	1
417	1052	2
417	1384	-2
417	1651	2
418	468	1
418	494	1
418	569	1
418	1672	2
418	1922	-2
418	2003	-2
419	478	1
419	493	1
419	515	1
419	637	1
419	1030	-2
419	1412	2
419	1867	2
420	429	1
420	449	1
420	717	1
420	1364	2
420	1499	2
420	1521	-2
421	526	1
421	558	1
421	606	1
421	729	1
421	1280	-2
421	1576	2
421	1724	2
422	438	1
422	676	1
422	923	1
422	1205	2
422	1670	-2
422	1676	-2
423	667	1
423	771	1
423	885	1
423	1138	-2
423	1274	2
423	1422	2
424	486	1
424	718	1
424	782	1
424	975	1
424	1091	2
424	1286	-2
424	1386	-2
425	429	1
425	704	1
425	714	1
425	828	1
425	1272	-2
425	1587	-2
425	1958	2
426	742	1
426	749	1
426	753	1
426	831	1
426	928	1
426	1145	2
426	1224	2
426	1661	2
427	795	1
427	861	1
427	998	1
427	1032	2
427	1178	2
427	2000	-2
428	685	1
428	754	1
428	778	1
428	1357	2
428	1421	2
428	1833	2
429	765	1
429	1292	2
429	1364	2
429	1587	-2
430	773	1
430	794	1
430	921	1
430	1057	2
430	1216	2
430	1487	2
431	530	1
431	803	1
431	881	1
431	890	1
431	1047	2
431	1663	2
431	1734	-2
432	433	1
432	460	1
432	808	1
432	925	1
432	985	1
432	1248	-2
432	1686	2
432	1795	2
433	925	1
433	1015	1
433	1429	2
433	1618	2
433	1795	2
434	581	1
434	805	1
434	874	1
434	974	1
434	1428	2
434	1577	2
434	1849	2
435	770	1
435	869	1
435	948	1
435	1403	2
435	1968	2
435	2014	-2
436	615	1
436	825	1
436	1365	2
436	1942	2
436	2044	-2
437	475	1
437	713	1
437	749	1
437	900	1
437	1362	-2
437	1479	2
437	1978	2
438	776	1
438	871	1
438	1676	-2
438	1788	2
438	2037	2
439	513	1
439	806	1
439	902	1
439	935	1
439	1244	2
439	1503	-2
439	1768	-2
440	512	1
440	555	1
440	560	1
440	671	1
440	1264	-2
440	1642	-2
440	1988	2
441	678	1
441	862	1
441	957	1
441	1079	2
441	1327	-2
441	1336	2
442	512	1
442	623	1
442	653	1
442	980	1
442	1391	2
442	1482	-2
442	1617	2
443	783	1
443	939	1
443	1454	-2
443	1490	2
443	1926	-2
444	540	1
444	723	1
444	782	1
444	888	1
444	969	1
444	1360	2
444	1700	-2
444	1908	2
445	519	1
445	874	1
445	945	1
445	1058	-2
445	1240	2
445	1530	-2
446	671	1
446	824	1
446	1415	-2
446	1462	2
446	1592	2
447	499	1
447	848	1
447	1851	-2
447	1857	2
447	1910	2
448	568	1
448	602	1
448	1192	-2
448	1275	-2
448	1477	2
449	624	1
449	787	1
449	847	1
449	1144	-2
449	1499	2
449	1963	2
450	559	1
450	759	1
450	805	1
450	858	1
450	1263	2
450	1785	-2
450	1951	-2
451	941	1
451	960	1
451	1042	2
451	1352	-2
451	1488	-2
452	639	1
452	717	1
452	854	1
452	981	1
452	1006	1
452	1510	-2
452	1666	2
452	1898	-2
453	455	1
453	575	1
453	774	1
453	898	1
453	1236	2
453	1288	2
453	1639	-2
454	477	1
454	593	1
454	705	1
454	926	1
454	1135	-2
454	1367	2
454	1543	-2
455	575	1
455	669	1
455	706	1
455	1220	2
455	1288	2
455	1622	-2
456	482	1
456	837	1
456	1515	2
456	1792	2
456	2041	2
457	649	1
457	730	1
457	916	1
457	1188	-2
457	1883	2
457	1998	2
458	654	1
458	823	1
458	1071	-2
458	1742	-2
458	2023	2
459	487	1
459	659	1
459	850	1
459	887	1
459	1168	2
459	1593	-2
459	1743	-2
460	545	1
460	927	1
460	985	1
460	1572	-2
460	1680	2
460	1686	2
461	958	1
461	1121	-2
461	1464	-2
461	1631	-2
462	472	1
462	629	1
462	635	1
462	917	1
462	1443	2
462	1651	2
462	1683	2
463	528	1
463	649	1
463	750	1
463	903	1
463	1532	2
463	1784	-2
463	1929	2
464	678	1
464	827	1
464	857	1
464	888	1
464	984	1
464	1073	2
464	1832	2
464	1856	2
465	617	1
465	822	1
465	942	1
465	1525	-2
465	1834	-2
465	1966	-2
466	481	1
466	739	1
466	897	1
466	913	1
466	931	1
466	1124	2
466	1296	2
466	1323	2
467	474	1
467	531	1
467	1368	-2
467	1384	-2
467	1586	2
468	479	1
468	569	1
468	1084	-2
468	1301	2
468	1922	-2
469	553	1
469	559	1
469	698	1
469	953	1
469	1048	-2
469	1267	2
469	1693	2
470	702	1
470	727	1
470	792	1
470	1260	2
470	1468	2
470	1615	2
471	480	1
471	563	1
471	938	1
471	1013	1
471	1238	-2
471	1305	2
471	2025	-2
472	474	1
472	1443	2
472	1497	-2
472	2034	2
473	488	1
473	643	1
473	899	1
473	1018	1
473	1064	2
473	1731	2
473	1852	-2
474	741	1
474	1368	-2
474	1828	-2
474	2034	2
475	713	1
475	915	1
475	1479	2
475	1876	-2
475	2040	-2
476	499	1
476	648	1
476	1014	1
476	1202	-2
476	1544	2
476	1767	2
477	873	1
477	902	1
477	926	1
477	1128	-2
477	1135	-2
477	1517	2
478	637	1
478	883	1
478	889	1
478	986	1
478	1030	-2
478	1038	2
478	1514	2
479	993	1
479	1021	1
479	1084	-2
479	1735	-2
479	1806	2
480	619	1
480	655	1
480	708	1
480	1013	1
480	1230	-2
480	1238	-2
480	1716	2
481	507	1
481	614	1
481	739	1
481	1323	2
481	1427	2
481	1673	2
482	647	1
482	724	1
482	890	1
482	1112	2
482	1359	-2
482	1792	2
483	550	1
483	648	1
483	809	1
483	929	1
483	1557	2
483	1953	-2
483	2033	2
484	574	1
484	651	1
484	703	1
484	1015	1
484	1126	-2
484	1774	-2
484	1993	-2
485	898	1
485	952	1
485	979	1
485	1024	1
485	1303	2
485	1377	-2
485	1880	-2
486	589	1
486	632	1
486	975	1
486	1091	2
486	1432	-2
486	1965	-2
487	933	1
487	1008	1
487	1025	2
487	1168	2
487	1340	2
488	643	1
488	644	1
488	1044	-2
488	1701	-2
488	1731	2
489	674	1
489	679	1
489	746	1
489	1688	-2
489	1914	2
489	1977	-2
490	1821	2
490	1936	-2
490	2032	-2
491	538	1
491	543	1
491	750	1
491	890	1
491	1012	1
491	1117	-2
491	1302	2
491	1739	-2
492	607	1
492	973	1
492	1021	1
492	1382	-2
492	1495	2
492	1995	-2
493	586	1
493	617	1
493	804	1
493	1444	-2
493	1867	2
493	1875	2
494	865	1
494	1672	2
494	1719	-2
494	1722	2
495	536	1
495	855	1
495	919	1
495	1017	1
495	1160	2
495	1520	-2
495	1646	-2
496	519	1
496	778	1
496	1020	1
496	1029	2
496	1608	-2
496	1761	2
497	825	1
497	1333	-2
497	1345	-2
497	1865	2
498	530	1
498	826	1
498	865	1
498	1439	-2
498	1508	2
498	1791	-2
499	625	1
499	848	1
499	1014	1
499	1173	2
499	1767	2
499	1857	2
500	580	1
500	756	1
500	893	1
500	930	1
500	1137	-2
500	1512	2
500	1733	-2
501	515	1
501	697	1
501	1095	2
501	1150	2
501	1183	-2
502	518	1
502	858	1
502	1009	1
502	1581	-2
502	1756	2
502	1895	2
503	725	1
503	920	1
503	1546	2
503	1558	2
503	1599	-2
504	626	1
504	703	1
504	744	1
504	1583	2
504	1747	2
504	1917	-2
505	595	1
505	797	1
505	901	1
505	1045	-2
505	1467	-2
505	1715	-2
506	550	1
506	763	1
506	882	1
506	1195	-2
506	1200	-2
506	1585	-2
507	614	1
507	657	1
507	1636	-2
507	1673	2
507	2011	2
508	631	1
508	723	1
508	725	1
508	807	1
508	1256	-2
508	1379	-2
508	1591	2
509	638	1
509	645	1
509	758	1
509	887	1
509	891	1
509	1108	-2
509	1878	2
509	1882	-2
510	561	1
510	614	1
510	633	1
510	678	1
510	955	1
510	1054	-2
510	1083	-2
510	1114	-2
511	515	1
511	892	1
511	1227	-2
511	1564	2
511	1677	2
512	555	1
512	634	1
512	829	1
512	1482	-2
512	1866	-2
512	1988	2
513	806	1
513	910	1
513	1050	-2
513	1768	-2
513	1903	-2
514	620	1
514	759	1
514	776	1
514	779	1
514	827	1
514	1273	-2
514	1596	2
514	1753	2
515	1095	2
515	1412	2
515	1564	2
516	745	1
516	797	1
516	895	1
516	993	1
516	994	1
516	1285	-2
516	1773	2
516	1822	2
517	597	1
517	944	1
517	1028	2
517	1086	2
517	1697	-2
518	600	1
518	655	1
518	690	1
518	1219	-2
518	1895	2
518	2031	2
519	817	1
519	997	1
519	1020	1
519	1029	2
519	1058	-2
519	1769	-2
520	559	1
520	830	1
520	870	1
520	933	1
520	1266	2
520	1281	-2
520	1674	2
521	816	1
521	914	1
521	1203	2
521	1276	2
521	1712	-2
522	556	1
522	658	1
522	720	1
522	800	1
522	909	1
522	1184	-2
522	1658	2
522	1782	-2
523	642	1
523	669	1
523	1146	2
523	1165	2
523	1318	-2
524	577	1
524	733	1
524	824	1
524	1037	-2
524	1282	-2
524	1705	2
525	627	1
525	686	1
525	715	1
525	726	1
525	741	1
525	1523	2
525	1714	2
525	2035	-2
526	732	1
526	849	1
526	1576	2
526	1830	2
526	1940	2
527	636	1
527	791	1
527	883	1
527	937	1
527	947	1
527	1626	-2
527	1893	-2
527	1972	-2
528	540	1
528	639	1
528	855	1
528	903	1
528	1001	1
528	1053	2
528	1682	2
528	1784	-2
529	694	1
529	747	1
529	812	1
529	1104	2
529	1516	2
529	1798	-2
530	599	1
530	826	1
530	890	1
530	896	1
530	1404	-2
530	1439	-2
530	1663	2
531	586	1
531	833	1
531	936	1
531	1012	1
531	1458	2
531	1586	2
531	2008	2
532	640	1
532	989	1
532	1450	2
532	1838	-2
532	1935	2
533	611	1
533	702	1
533	881	1
533	1014	1
533	1063	2
533	1522	-2
533	1748	-2
534	695	1
534	757	1
534	968	1
534	1078	-2
534	1355	-2
534	1647	-2
535	836	1
535	853	1
535	861	1
535	914	1
535	965	1
535	1255	-2
535	1511	-2
535	1923	2
536	579	1
536	1003	1
536	1317	-2
536	1442	-2
536	1646	-2
537	880	1
537	1003	1
537	1329	-2
537	1582	-2
537	1758	-2
538	543	1
538	583	1
538	675	1
538	1302	2
538	1848	2
538	1907	2
539	564	1
539	770	1
539	776	1
539	816	1
539	1087	2
539	1148	2
539	1549	-2
540	683	1
540	818	1
540	1001	1
540	1176	-2
540	1682	2
540	1908	2
541	717	1
541	868	1
541	908	1
541	982	1
541	1381	2
541	1738	-2
541	1891	2
542	763	1
542	975	1
542	1023	1
542	1093	2
542	1453	2
542	1623	2
543	800	1
543	963	1
543	976	1
543	1302	2
543	1461	-2
543	1872	2
544	881	1
544	944	1
544	983	1
544	1069	2
544	1757	2
544	1844	-2
545	976	1
545	1407	-2
545	1572	-2
545	2029	-2
546	552	1
546	874	1
546	978	1
546	1022	1
546	1470	2
546	1725	-2
546	2045	-2
547	724	1
547	836	1
547	884	1
547	1009	1
547	1011	1
547	1092	-2
547	1185	-2
547	2009	2
548	623	1
548	775	1
548	853	1
548	928	1
548	950	1
548	1217	-2
548	1232	2
548	1448	2
549	844	1
549	942	1
549	948	1
549	1111	-2
549	1191	2
549	1373	2
550	929	1
550	1195	-2
550	1557	2
550	1630	-2
551	606	1
551	633	1
551	634	1
551	821	1
551	1158	-2
551	1408	-2
551	1845	2
552	878	2
552	978	1
552	1470	2
552	1489	-2
552	1655	-2
553	610	1
553	614	1
553	1017	1
553	1267	2
553	1348	2
553	1915	2
554	656	1
554	818	1
554	1151	-2
554	1243	-2
554	1938	2
555	569	1
555	800	1
555	839	1
555	994	1
555	1284	-2
555	1375	-2
555	1988	2
556	909	1
556	1007	1
556	1184	-2
556	1226	-2
556	1884	2
557	649	1
557	682	1
557	868	1
557	898	1
557	931	1
557	1584	2
557	1612	2
557	2020	2
558	576	1
558	654	1
558	729	1
558	1280	-2
558	1637	-2
558	2021	2
559	830	1
559	858	1
559	953	1
559	1263	2
559	1674	2
559	1693	2
560	736	1
560	1264	-2
560	1717	2
560	1899	2
561	633	1
561	799	1
561	1054	-2
561	1825	2
561	1971	2
562	592	1
562	612	1
562	1166	2
562	1374	-2
562	1648	-2
563	712	1
563	864	1
563	923	1
563	1425	2
563	1877	-2
563	2025	-2
564	637	1
564	673	1
564	743	1
564	816	1
564	1148	2
564	1471	2
564	1668	2
565	694	1
565	768	1
565	1401	-2
565	1430	-2
565	2013	2
566	578	1
566	584	1
566	701	1
566	1103	-2
566	1119	2
566	1918	2
567	698	1
567	705	1
567	965	1
567	1152	-2
567	1420	2
567	1594	2
568	668	1
568	820	1
568	872	1
568	1051	2
568	1192	-2
568	1797	2
569	800	1
569	877	1
569	1375	-2
569	1550	2
569	1922	-2
570	644	1
570	1434	2
570	1469	2
570	1754	2
571	662	1
571	676	1
571	772	1
571	1538	2
571	1836	-2
571	2030	-2
572	606	1
572	620	1
572	975	1
572	1271	-2
572	1337	-2
572	1602	2
573	601	1
573	714	1
573	784	1
573	1277	2
573	1540	2
573	1659	2
574	995	1
574	1925	-2
574	1993	-2
574	1994	-2
575	706	1
575	1024	1
575	1034	-2
575	1288	2
575	1746	2
576	1061	-2
576	1519	2
576	1637	-2
577	733	1
577	793	1
577	1282	-2
577	1554	-2
577	2036	-2
578	604	1
578	701	1
578	787	1
578	1106	2
578	1829	2
578	1918	2
579	600	1
579	696	1
579	702	1
579	1344	2
579	1349	2
579	1442	-2
580	684	1
580	893	1
580	918	1
580	966	1
580	1196	2
580	1552	-2
580	1733	-2
581	595	1
581	805	1
581	1311	2
581	1577	2
581	1598	2
582	919	1
582	948	1
582	957	1
582	1513	-2
582	1962	-2
582	1986	-2
583	615	1
583	675	1
583	681	1
583	761	1
583	1726	2
583	1848	2
583	1921	-2
584	621	1
584	801	1
584	1103	-2
584	1171	-2
584	1820	-2
585	700	1
585	737	1
585	943	1
585	1076	-2
585	1869	-2
585	1901	2
586	617	1
586	833	1
586	1097	-2
586	1875	2
586	2008	2
587	619	1
587	632	1
587	967	1
587	1299	2
587	1341	2
587	1621	-2
588	665	1
588	693	1
588	731	1
588	841	1
588	1210	-2
588	1528	-2
588	1729	-2
589	828	1
589	1163	-2
589	1259	2
589	1432	-2
590	1012	1
590	1366	-2
590	1679	2
590	1879	2
591	636	1
591	728	1
591	762	1
591	1008	1
591	1055	-2
591	1376	-2
591	2019	-2
592	594	1
592	888	1
592	1024	1
592	1351	-2
592	1374	-2
592	1847	-2
593	862	1
593	978	1
593	1320	-2
593	1460	2
593	1543	-2
594	735	1
594	816	1
594	1237	2
594	1383	2
594	1847	-2
595	901	1
595	914	1
595	1045	-2
595	1406	2
595	1598	2
596	628	1
596	690	1
596	825	1
596	987	1
596	1437	-2
596	1678	-2
596	1897	2
597	1086	2
597	1290	-2
597	1438	2
598	684	1
598	870	1
598	894	1
598	991	1
598	1268	2
598	1539	-2
598	1900	2
599	706	1
599	896	1
599	1404	-2
599	1472	2
599	1927	-2
600	992	1
600	1344	2
600	1934	2
600	2031	2
601	771	1
601	922	1
601	1277	2
601	1555	-2
601	1905	2
602	609	1
602	908	1
602	968	1
602	1275	-2
602	1533	-2
602	1619	2
603	605	1
603	887	1
603	937	1
603	1295	-2
603	1370	-2
603	1560	2
604	738	1
604	970	1
604	1455	-2
604	1484	-2
604	1829	2
605	674	1
605	802	1
605	844	1
605	887	1
605	1452	2
605	1560	2
605	1937	2
606	1408	-2
606	1602	2
606	1724	2
607	750	1
607	916	1
607	1129	-2
607	1495	2
607	1649	-2
608	698	1
608	876	1
608	936	1
608	1334	-2
608	1813	2
608	1817	2
609	630	1
609	968	1
609	1182	2
609	1533	-2
609	1839	2
610	632	1
610	1304	-2
610	1451	-2
610	1915	2
611	730	1
611	881	1
611	964	1
611	1017	1
611	1063	2
611	1606	-2
611	1894	2
612	692	1
612	977	1
612	1279	2
612	1648	-2
612	1909	-2
613	686	1
613	774	1
613	801	1
613	960	1
613	1143	-2
613	1561	-2
613	1796	2
614	1017	1
614	1114	-2
614	1348	2
614	1673	2
615	683	1
615	998	1
615	1365	2
615	1726	2
615	1860	-2
616	716	1
616	746	1
616	775	1
616	938	1
616	1547	-2
616	1691	-2
616	1695	-2
617	954	1
617	1525	-2
617	1713	2
617	1875	2
618	713	1
618	788	1
618	831	1
618	1278	-2
618	1687	2
618	1981	-2
619	684	1
619	708	1
619	967	1
619	1230	-2
619	1299	2
619	1710	-2
620	707	1
620	721	1
620	779	1
620	1337	-2
620	1753	2
620	1896	-2
621	660	1
621	801	1
621	1141	-2
621	1171	-2
621	1638	-2
622	646	1
622	909	1
622	964	1
622	1308	-2
622	1456	-2
622	1928	-2
623	755	1
623	1217	-2
623	1440	2
623	1617	2
624	780	1
624	787	1
624	804	1
624	991	1
624	1067	2
624	1144	-2
624	1551	-2
625	819	1
625	1173	2
625	1449	-2
625	1493	-2
626	836	1
626	880	1
626	1162	2
626	1747	2
626	1931	-2
627	726	1
627	799	1
627	1046	-2
627	1123	2
627	1714	2
628	690	1
628	926	1
628	1172	-2
628	1252	-2
628	1897	2
629	635	1
629	693	1
629	1683	2
629	1886	2
629	1989	-2
630	689	1
630	847	1
630	1182	2
630	1485	-2
630	1567	-2
631	879	1
631	1319	2
631	1591	2
631	1711	-2
632	1341	2
632	1451	-2
632	1965	-2
633	653	1
633	821	1
633	968	1
633	1054	-2
633	1158	-2
633	1445	2
634	814	1
634	829	1
634	1010	1
634	1179	2
634	1845	2
634	1866	-2
635	691	1
635	753	1
635	1023	1
635	1120	2
635	1683	2
635	1827	2
636	728	1
636	791	1
636	1055	-2
636	1607	2
636	1893	-2
637	682	1
637	743	1
637	1030	-2
637	1668	2
637	1842	-2
638	645	1
638	925	1
638	1426	2
638	1882	-2
638	1913	-2
639	855	1
639	1006	1
639	1053	2
639	1689	-2
639	1898	-2
640	725	1
640	924	1
640	1009	1
640	1537	2
640	1652	2
640	1935	2
641	786	1
641	917	1
641	949	1
641	1221	2
641	1494	2
641	2024	2
642	669	1
642	749	1
642	1027	-2
642	1165	2
642	1177	2
643	712	1
643	764	1
643	1410	-2
643	1731	2
643	1975	-2
644	967	1
644	1044	-2
644	1457	-2
644	1754	2
645	1395	2
645	1475	2
645	1882	-2
646	697	1
646	730	1
646	909	1
646	927	1
646	985	1
646	1308	-2
646	1684	2
646	1996	-2
647	688	1
647	724	1
647	905	1
647	1112	2
647	1331	2
647	1780	-2
648	1202	-2
648	1573	2
648	2033	2
649	1584	2
649	1883	2
649	1929	2
650	713	1
650	920	1
650	1194	-2
650	1204	2
650	1759	2
651	735	1
651	832	1
651	979	1
651	1015	1
651	1405	2
651	1774	-2
651	1859	-2
652	656	1
652	719	1
652	793	1
652	1006	1
652	1518	2
652	1704	2
652	1959	-2
653	918	1
653	968	1
653	980	1
653	1153	-2
653	1391	2
653	1445	2
654	953	1
654	1056	-2
654	1071	-2
654	2021	2
655	690	1
655	1020	1
655	1088	2
655	1219	-2
655	1716	2
656	793	1
656	1504	-2
656	1704	2
656	1938	2
657	962	1
657	1090	2
657	1571	-2
657	2011	2
658	677	1
658	781	1
658	794	1
658	963	1
658	1110	2
658	1782	-2
658	1850	2
659	660	1
659	850	1
659	971	1
659	1060	-2
659	1702	2
659	1743	-2
660	883	1
660	971	1
660	1060	-2
660	1141	-2
660	1574	-2
661	856	1
661	904	1
661	911	1
661	982	1
661	1342	-2
661	1698	2
661	1906	2
662	1026	2
662	1201	2
662	2030	-2
663	666	1
663	1018	1
663	1246	-2
663	1505	2
663	1957	-2
664	783	1
664	840	1
664	922	1
664	961	1
664	1257	-2
664	1675	2
664	1890	2
665	693	1
665	931	1
665	949	1
665	1528	-2
665	1632	2
665	1771	2
666	696	1
666	712	1
666	1018	1
666	1161	2
666	1218	2
666	1957	-2
667	710	1
667	885	1
667	897	1
667	1231	-2
667	1332	-2
667	1422	2
668	820	1
668	1051	2
668	1235	-2
668	1330	2
669	796	1
669	1165	2
669	1622	-2
669	1749	2
670	736	1
670	784	1
670	817	1
670	1447	2
670	1509	-2
670	1579	2
671	752	1
671	1592	2
671	1642	-2
671	1786	-2
672	893	1
672	1004	1
672	1291	-2
672	1390	2
672	1601	2
673	852	1
673	1397	2
673	1471	2
673	1685	-2
674	844	1
674	1245	2
674	1452	2
674	1688	-2
675	843	1
675	929	1
675	1350	2
675	1737	2
675	1848	2
676	745	1
676	832	1
676	1205	2
676	1836	-2
676	1837	-2
677	963	1
677	978	1
677	1005	1
677	1110	2
677	1570	2
677	1960	2
678	888	1
678	955	1
678	1083	-2
678	1327	-2
678	1832	2
679	693	1
679	979	1
679	992	1
679	1643	-2
679	1914	2
679	2046	2
680	755	1
680	761	1
680	1214	2
680	1531	2
680	1924	2
681	761	1
681	813	1
681	1492	2
681	1921	-2
681	2038	2
682	771	1
682	898	1
682	935	1
682	1198	-2
682	1612	2
682	1842	-2
683	818	1
683	845	1
683	998	1
683	1176	-2
683	1270	-2
683	1860	-2
684	870	1
684	966	1
684	1268	2
684	1552	-2
684	1710	-2
685	754	1
685	1036	-2
685	1709	2
685	1833	2
686	741	1
686	960	1
686	1310	-2
686	1523	2
686	1561	-2
687	806	1
687	807	1
687	852	1
687	1021	1
687	1040	-2
687	1589	2
687	1641	2
688	736	1
688	811	1
688	905	1
688	1082	-2
688	1780	-2
688	1794	-2
689	811	1
689	826	1
689	847	1
689	1567	-2
689	1627	-2
689	1744	2
690	984	1
690	1219	-2
690	1812	2
690	1897	2
691	803	1
691	906	1
691	963	1
691	1261	2
691	1824	-2
691	1827	2
692	943	1
692	1133	2
692	1186	2
692	1909	-2
693	992	1
693	1528	-2
693	1989	-2
693	2046	2
694	747	1
694	768	1
694	925	1
694	1430	-2
694	1595	2
694	1798	-2
695	815	1
695	1078	-2
695	1904	2
695	1983	2
696	702	1
696	807	1
696	1218	2
696	1343	-2
696	1349	2
697	730	1
697	773	1
697	1183	-2
697	1328	2
697	1684	2
698	936	1
698	1048	-2
698	1420	2
698	1817	2
699	769	1
699	788	1
699	892	1
699	1011	1
699	1070	2
699	1808	2
699	1943	-2
700	790	1
700	943	1
700	966	1
700	1222	-2
700	1901	2
700	1967	2
701	732	1
701	959	1
701	1101	-2
701	1819	-2
701	1918	2
702	1349	2
702	1468	2
702	1748	-2
703	903	1
703	961	1
703	1126	-2
703	1293	2
703	1583	2
704	766	1
704	828	1
704	913	1
704	1466	-2
704	1614	2
704	1958	2
705	837	1
705	1367	2
705	1594	2
705	1888	-2
706	1034	-2
706	1220	2
706	1472	2
707	721	1
707	802	1
707	920	1
707	995	1
707	1033	2
707	1694	2
707	1896	-2
708	731	1
708	1019	1
708	1230	-2
708	1247	2
708	1979	-2
709	893	1
709	937	1
709	1262	-2
709	1633	2
709	1861	-2
710	835	1
710	1023	1
710	1231	-2
710	1242	2
710	1325	2
711	912	1
711	1603	-2
711	1804	2
711	1911	-2
712	864	1
712	1161	2
712	1877	-2
712	1975	-2
713	788	1
713	1479	2
713	1687	2
713	1759	2
714	742	1
714	1272	-2
714	1540	2
714	1933	-2
715	1234	2
715	1446	2
715	2035	-2
716	782	1
716	844	1
716	1066	-2
716	1229	2
716	1695	-2
717	1381	2
717	1521	-2
717	1666	2
718	894	1
718	1007	1
718	1031	2
718	1149	-2
718	1286	-2
719	974	1
719	1518	2
719	1760	2
719	1946	-2
720	757	1
720	800	1
720	945	1
720	1155	-2
720	1658	2
720	1736	2
721	785	1
721	1654	-2
721	1811	-2
721	1896	-2
722	723	1
722	777	1
722	1665	2
722	1667	2
722	1950	2
723	888	1
723	1379	-2
723	1665	2
723	1700	-2
724	802	1
724	1009	1
724	1112	2
724	1164	-2
724	1185	-2
725	807	1
725	1256	-2
725	1546	2
725	1652	2
726	768	1
726	781	1
726	1035	-2
726	1473	-2
726	1714	2
727	792	1
727	911	1
727	926	1
727	1260	2
727	1720	-2
727	2047	2
728	864	1
728	867	1
728	954	1
728	1055	-2
728	1147	2
728	1634	2
729	996	1
729	1280	-2
729	1556	-2
729	2048	2
730	1017	1
730	1684	2
730	1894	2
730	1998	2
731	767	1
731	1210	-2
731	1803	-2
731	1979	-2
732	849	1
732	974	1
732	1098	-2
732	1819	-2
732	1940	2
733	928	1
733	1282	-2
733	1609	-2
733	1778	2
734	907	1
734	932	1
734	1001	1
734	1251	2
734	1707	2
734	1961	2
735	798	1
735	832	1
735	1175	-2
735	1237	2
735	1405	2
736	1579	2
736	1794	-2
736	1899	2
737	805	1
737	1239	2
737	1840	2
737	1869	-2
738	860	1
738	1484	-2
738	1762	-2
738	1799	2
739	871	1
739	1294	2
739	1323	2
739	1526	-2
740	748	1
740	870	1
740	924	1
740	935	1
740	1287	2
740	1671	2
740	1765	2
741	1132	2
741	1523	2
741	1828	-2
742	1399	-2
742	1661	2
742	1933	-2
743	810	1
743	842	1
743	869	1
743	1535	2
743	1668	2
743	1843	-2
744	828	1
744	962	1
744	1109	2
744	1463	2
744	1917	-2
745	832	1
745	993	1
745	1116	-2
745	1285	-2
745	1837	-2
746	775	1
746	901	1
746	1113	2
746	1547	-2
746	1977	-2
747	809	1
747	1798	-2
747	1941	-2
747	2018	-2
748	870	1
748	1671	2
748	1955	-2
748	1997	2
749	831	1
749	1177	2
749	1224	2
749	1978	2
750	1012	1
750	1117	-2
750	1129	-2
750	1532	2
751	770	1
751	905	1
751	912	1
751	1354	2
751	1387	2
751	1815	-2
752	1703	2
752	1732	-2
752	1786	-2
753	779	1
753	928	1
753	1023	1
753	1120	2
753	1145	2
753	1807	-2
754	912	1
754	955	1
754	1604	-2
754	1690	-2
754	1833	2
755	761	1
755	1440	2
755	1699	2
755	1924	2
756	820	1
756	1137	-2
756	1206	2
756	1980	-2
757	968	1
757	1068	-2
757	1647	-2
757	1736	2
758	887	1
758	971	1
758	1006	1
758	1108	-2
758	1181	-2
758	1991	2
759	776	1
759	972	1
759	1306	2
759	1596	2
759	1785	-2
760	766	1
760	1212	-2
760	1640	-2
760	1660	-2
761	1502	-2
761	1921	-2
761	1924	2
762	840	1
762	973	1
762	1376	-2
762	1846	2
762	1930	-2
763	975	1
763	1200	-2
763	1228	-2
763	1453	2
764	994	1
764	1410	-2
764	1424	2
764	1723	-2
765	1292	2
765	1413	-2
765	2043	2
766	879	1
766	1212	-2
766	1466	-2
766	1920	-2
767	858	1
767	1324	2
767	1625	2
767	1803	-2
768	940	1
768	1430	-2
768	1473	-2
768	1536	-2
769	910	1
769	1180	2
769	1808	2
769	2006	-2
770	1549	-2
770	1815	-2
770	2014	-2
771	935	1
771	1198	-2
771	1274	2
771	1905	2
772	895	1
772	1538	2
772	1766	-2
772	1984	2
773	1057	2
773	1174	-2
773	1328	2
774	1052	2
774	1236	2
774	1796	2
775	934	1
775	950	1
775	1232	2
775	1547	-2
775	1772	-2
776	1087	2
776	1596	2
776	2037	2
777	1423	2
777	1667	2
777	1669	2
778	906	1
778	961	1
778	1421	2
778	1500	-2
778	1608	-2
779	982	1
779	1753	2
779	1807	-2
779	1976	2
780	804	1
780	946	1
780	1004	1
780	1067	2
780	1605	2
780	1793	-2
781	794	1
781	1035	-2
781	1850	2
781	1982	2
782	969	1
782	1229	2
782	1360	2
782	1386	-2
783	1454	-2
783	1675	2
783	1916	-2
784	957	1
784	1122	2
784	1509	-2
784	1659	2
785	969	1
785	1356	2
785	1414	-2
785	1654	-2
786	947	1
786	1211	2
786	1613	-2
786	2024	2
787	1106	2
787	1144	-2
787	1874	2
788	841	1
788	860	1
788	892	1
788	1070	2
788	1687	2
788	1970	-2
789	811	1
789	1005	1
789	1208	-2
789	1481	2
789	1565	-2
790	953	1
790	990	1
790	1378	-2
790	1873	2
790	1967	2
791	876	1
791	899	1
791	1402	2
791	1881	2
791	1893	-2
792	837	1
792	873	1
792	1260	2
792	1416	2
792	1692	-2
793	992	1
793	997	1
793	1554	-2
793	1704	2
793	1999	-2
794	804	1
794	1094	-2
794	1216	2
794	1850	2
795	861	1
795	871	1
795	1178	2
795	1411	-2
795	1770	-2
796	833	1
796	1409	-2
796	1624	2
796	1749	2
797	994	1
797	1467	-2
797	1580	-2
797	1822	2
798	1018	1
798	1175	-2
798	1864	2
798	1969	2
799	952	1
799	999	1
799	1123	2
799	1825	2
799	1944	2
800	976	1
800	1375	-2
800	1658	2
800	1872	2
801	1022	1
801	1143	-2
801	1171	-2
801	1777	2
802	1033	2
802	1164	-2
802	1937	2
803	815	1
803	856	1
803	906	1
803	1261	2
803	1734	-2
803	2004	-2
804	1067	2
804	1094	-2
804	1444	-2
805	1239	2
805	1577	2
805	1951	-2
806	845	1
806	1021	1
806	1641	2
806	1768	-2
806	1871	-2
807	852	1
807	1040	-2
807	1256	-2
807	1343	-2
808	860	1
808	940	1
808	1248	-2
808	1787	2
808	1939	-2
809	861	1
809	1941	-2
809	1953	-2
809	2022	2
810	842	1
810	921	1
810	998	1
810	1169	2
810	1535	2
810	1656	2
811	1082	-2
811	1481	2
811	1744	2
812	983	1
812	1140	-2
812	1516	2
812	1885	2
813	864	1
813	903	1
813	1005	1
813	1629	2
813	2038	2
813	2042	2
814	848	1
814	936	1
814	1010	1
814	1179	2
814	1380	-2
814	1385	-2
815	820	1
815	856	1
815	1568	2
815	1983	2
815	2004	-2
816	914	1
816	1148	2
816	1203	2
816	1383	2
817	842	1
817	991	1
817	997	1
817	1131	-2
817	1447	2
817	1769	-2
818	958	1
818	1151	-2
818	1176	-2
818	1954	2
819	1016	1
819	1449	-2
819	1664	-2
819	1718	2
820	1051	2
820	1206	2
820	1568	2
821	866	1
821	896	1
821	1158	-2
821	1298	-2
821	1810	2
822	882	1
822	942	1
822	1486	-2
822	1966	-2
822	1992	-2
823	1107	2
823	1588	2
823	1742	-2
824	969	1
824	1037	-2
824	1322	2
824	1462	2
825	1345	-2
825	1437	-2
825	2044	-2
826	955	1
826	967	1
826	1439	-2
826	1627	-2
826	1779	-2
827	857	1
827	868	1
827	1159	2
827	1273	-2
827	1856	2
828	962	1
828	1163	-2
828	1463	2
828	1958	2
829	859	1
829	977	1
829	1597	-2
829	1866	-2
829	1947	-2
830	850	1
830	852	1
830	906	1
830	1000	1
830	1215	-2
830	1474	2
830	1674	2
831	832	1
831	1224	2
831	1278	-2
831	1814	-2
832	1405	2
832	1814	-2
832	1837	-2
833	1363	-2
833	1624	2
833	2008	2
834	900	1
834	1059	-2
834	1548	-2
834	1887	-2
835	932	1
835	1325	2
835	1542	2
835	1751	-2
836	853	1
836	884	1
836	1255	-2
836	1931	-2
836	2009	2
837	1515	2
837	1692	-2
837	1888	-2
838	908	1
838	939	1
838	970	1
838	1156	2
838	1309	-2
838	1491	-2
839	994	1
839	1199	-2
839	1284	-2
839	1321	2
840	946	1
840	1775	2
840	1890	2
840	1930	-2
841	860	1
841	865	1
841	1105	-2
841	1729	-2
841	1970	-2
842	878	1
842	991	1
842	1131	-2
842	1396	-2
842	1535	2
843	923	1
843	929	1
843	1459	-2
843	1737	2
843	1919	-2
844	942	1
844	1066	-2
844	1373	2
844	1452	2
845	1167	-2
845	1270	-2
845	1871	-2
846	954	1
846	971	1
846	972	1
846	1074	-2
846	1559	2
846	1956	-2
847	1567	-2
847	1835	-2
847	1963	2
848	880	1
848	1380	-2
848	1763	2
848	1857	2
849	1809	-2
849	1940	2
849	2015	2
850	1000	1
850	1474	2
850	1569	-2
850	1743	-2
851	859	1
851	897	1
851	1213	-2
851	1258	2
851	1973	-2
852	906	1
852	1040	-2
852	1215	-2
852	1397	2
853	928	1
853	959	1
853	1255	-2
853	1448	2
853	1745	2
854	900	1
854	981	1
854	1077	2
854	1314	2
854	1510	-2
855	919	1
855	986	1
855	1053	2
855	1160	2
855	1190	2
856	866	1
856	982	1
856	1534	2
856	1698	2
856	2004	-2
857	1015	1
857	1389	-2
857	1566	2
857	1856	2
858	1263	2
858	1324	2
858	1581	-2
859	1947	-2
859	1973	-2
859	2007	-2
860	1762	-2
860	1787	2
860	1970	-2
861	1178	2
861	1511	-2
861	2022	2
862	978	1
862	1187	2
862	1320	-2
862	1336	2
863	901	1
863	989	1
863	1000	1
863	1616	2
863	1645	2
863	2010	2
864	903	1
864	954	1
864	1147	2
864	1877	-2
864	2042	2
865	1105	-2
865	1508	2
865	1722	2
866	889	1
866	896	1
866	1039	-2
866	1534	2
866	1810	2
867	990	1
867	1134	2
867	1139	-2
867	1634	2
868	931	1
868	982	1
868	1159	2
868	1891	2
868	2020	2
869	882	1
869	948	1
869	1312	-2
869	1843	-2
869	1968	2
870	1266	2
870	1268	2
870	1671	2
871	1526	-2
871	1770	-2
871	1788	2
872	877	1
872	1476	2
872	1611	-2
872	1797	2
873	902	1
873	956	1
873	1371	2
873	1416	2
873	1517	2
874	974	1
874	1530	-2
874	1725	-2
874	1849	2
875	918	1
875	1127	2
875	1398	-2
875	1541	-2
876	965	1
876	1096	2
876	1334	-2
876	1881	2
877	962	1
877	1419	2
877	1476	2
877	1550	2
878	1396	-2
878	1489	-2
878	1655	-2
879	1249	2
879	1711	-2
879	1920	-2
880	1162	2
880	1582	-2
880	1763	2
881	1047	2
881	1063	2
881	1757	2
882	1312	-2
882	1486	-2
882	1585	-2
883	889	1
883	937	1
883	1038	2
883	1574	-2
883	1626	-2
884	956	1
884	1315	2
884	1507	-2
884	2009	2
885	1422	2
885	1431	-2
885	1974	-2
886	892	1
886	1858	-2
886	1892	-2
886	1990	-2
887	1108	-2
887	1560	2
887	1593	-2
888	1024	1
888	1351	-2
888	1700	-2
888	1832	2
889	1038	2
889	1039	-2
889	2017	-2
890	1359	-2
890	1663	2
890	1739	-2
891	930	1
891	1326	2
891	1826	-2
891	1878	2
892	1070	2
892	1677	2
892	1990	-2
893	1262	-2
893	1291	-2
893	1733	-2
894	1007	1
894	1031	2
894	1789	-2
894	1900	2
895	904	1
895	976	1
895	1338	-2
895	1766	-2
895	1773	2
896	987	1
896	1404	-2
896	1545	2
896	1810	2
897	913	1
897	1213	-2
897	1296	2
897	1332	-2
898	979	1
898	1612	2
898	1639	-2
898	1880	-2
899	1402	2
899	1657	2
899	1852	-2
900	1314	2
900	1362	-2
900	1887	-2
901	1045	-2
901	1113	2
901	1645	2
902	935	1
902	1244	2
902	1339	-2
902	1517	2
903	961	1
903	1293	2
903	1784	-2
903	2042	2
904	976	1
904	1338	-2
904	1342	-2
904	1347	-2
905	912	1
905	958	1
905	1225	2
905	1387	2
905	1780	-2
906	961	1
906	1215	-2
906	1261	2
906	1500	-2
907	1251	2
907	1435	-2
907	2028	-2
908	939	1
908	1309	-2
908	1619	2
908	1738	-2
909	1184	-2
909	1308	-2
909	2002	-2
910	949	1
910	1903	-2
910	2006	-2
910	2016	2
911	1708	-2
911	1906	2
911	2047	2
912	1387	2
912	1690	-2
912	1911	-2
913	1296	2
913	1501	-2
913	1614	2
914	965	1
914	1203	2
914	1406	2
914	1923	2
915	927	1
915	1335	-2
915	1620	2
915	1876	-2
916	1188	-2
916	1300	2
916	1649	-2
917	1221	2
917	1635	2
917	1651	2
918	1127	2
918	1153	-2
918	1196	2
919	957	1
919	1160	2
919	1483	-2
919	1962	-2
920	995	1
920	1194	-2
920	1558	2
920	1694	2
921	934	1
921	1043	2
921	1487	2
921	1656	2
922	961	1
922	1257	-2
922	1555	-2
922	1578	-2
923	1425	2
923	1670	-2
923	1919	-2
924	1009	1
924	1537	2
924	1765	2
924	1818	2
925	1426	2
925	1595	2
925	1795	2
926	1135	-2
926	1172	-2
926	1720	-2
927	985	1
927	1335	-2
927	1680	2
927	1996	-2
928	1145	2
928	1448	2
928	1778	2
929	1557	2
929	1737	2
929	1823	2
930	1130	2
930	1512	2
930	1826	-2
931	1124	2
931	1771	2
931	2020	2
932	1563	2
932	1707	2
932	1751	-2
933	941	1
933	1025	2
933	1281	-2
933	1600	-2
934	1043	2
934	1772	-2
934	1949	-2
935	1198	-2
935	1244	2
935	1287	2
936	1012	1
936	1385	-2
936	1458	2
936	1817	2
937	1295	-2
937	1626	-2
937	1861	-2
938	1305	2
938	1691	-2
938	1870	2
939	1269	2
939	1309	-2
939	1490	2
940	1019	1
940	1536	-2
940	1805	2
940	1939	-2
941	1042	2
941	1297	-2
941	1600	-2
942	1373	2
942	1496	-2
942	1966	-2
943	1133	2
943	1755	-2
943	1901	2
944	1028	2
944	1069	2
944	1628	2
945	1155	-2
945	1240	2
945	1783	-2
946	1353	-2
946	1605	2
946	1775	2
947	1613	-2
947	1831	2
947	1972	-2
948	1191	2
948	1968	2
948	1986	-2
949	1494	2
949	1632	2
949	2016	2
950	981	1
950	1232	2
950	1265	2
950	1433	-2
951	1022	1
951	1358	2
951	1498	2
951	1650	2
952	999	1
952	1024	1
952	1303	2
952	1316	2
952	1944	2
953	990	1
953	1056	-2
953	1378	-2
953	1693	2
954	1147	2
954	1713	2
954	1956	-2
955	967	1
955	1083	-2
955	1604	-2
955	1779	-2
956	1315	2
956	1371	2
956	2026	2
957	1079	2
957	1122	2
957	1962	-2
958	1225	2
958	1631	-2
958	1954	2
959	1101	-2
959	1125	2
959	1745	2
960	1352	-2
960	1561	-2
960	1696	2
961	1257	-2
961	1293	2
961	1500	-2
962	1419	2
962	1463	2
962	1571	-2
963	1110	2
963	1461	-2
963	1824	-2
964	1456	-2
964	1606	-2
964	1721	-2
965	1096	2
965	1152	-2
965	1923	2
966	980	1
966	1222	-2
966	1552	-2
966	1987	2
967	1299	2
967	1457	-2
967	1779	-2
968	1445	2
968	1533	-2
968	1647	-2
969	1322	2
969	1356	2
969	1360	2
970	1455	-2
970	1491	-2
970	1752	2
971	1060	-2
971	1074	-2
971	1181	-2
972	1002	1
972	1306	2
972	1480	-2
972	1559	2
973	1361	2
973	1846	2
973	1995	-2
974	1098	-2
974	1849	2
974	1946	-2
975	1091	2
975	1271	-2
975	1453	2
976	1338	-2
976	1407	-2
976	1872	2
977	1001	1
977	1014	1
977	1279	2
977	1597	-2
977	1800	2
978	1320	-2
978	1470	2
978	1960	2
979	1643	-2
979	1859	-2
979	1880	-2
980	1081	-2
980	1391	2
980	1987	2
981	1254	2
981	1265	2
981	1510	-2
982	1698	2
982	1891	2
982	1976	2
983	1313	-2
983	1844	-2
983	1885	2
984	1073	2
984	1812	2
984	1854	-2
985	1686	2
985	1706	2
985	1996	-2
986	1016	1
986	1190	2
986	1394	2
986	1514	2
987	999	1
987	1545	2
987	1678	-2
987	2001	-2
988	1080	2
988	1802	-2
988	2027	-2
989	1207	2
989	1616	2
989	1838	-2
990	995	1
990	1139	-2
990	1253	2
990	1378	-2
991	1131	-2
991	1539	-2
991	1551	-2
992	997	1
992	1934	2
992	1999	-2
992	2046	2
993	1021	1
993	1285	-2
993	1289	-2
993	1735	-2
994	1284	-2
994	1424	2
994	1822	2
995	1253	2
995	1694	2
995	1925	-2
996	1556	-2
996	1653	-2
996	1863	-2
997	1769	-2
997	1999	-2
997	2012	-2
998	1032	2
998	1169	2
998	1860	-2
999	1049	-2
999	1944	2
999	2001	-2
1000	1474	2
1000	1610	-2
1000	2010	2
1001	1014	1
1001	1682	2
1001	1800	2
1001	1961	2
1002	1372	-2
1002	1480	-2
1002	1801	-2
1003	1317	-2
1003	1758	-2
1003	2005	2
1004	1601	2
1004	1793	-2
1004	1902	2
1005	1208	-2
1005	1570	2
1005	1629	2
1006	1898	-2
1006	1959	-2
1006	1991	2
1007	1031	2
1007	1226	-2
1007	1855	2
1008	1340	2
1008	1400	-2
1008	2019	-2
1009	1185	-2
1009	1537	2
1009	1756	2
1010	1179	2
1010	1527	-2
1010	1730	-2
1011	1092	-2
1011	1943	-2
1011	1952	2
1012	1117	-2
1012	1458	2
1012	1679	2
1013	1085	-2
1013	1238	-2
1013	1590	2
1014	1522	-2
1014	1767	2
1014	1800	2
1015	1389	-2
1015	1429	2
1015	1774	-2
1016	1394	2
1016	1562	2
1016	1664	-2
1017	1348	2
1017	1520	-2
1017	1894	2
1018	1064	2
1018	1864	2
1018	1957	-2
1019	1099	2
1019	1247	2
1019	1805	2
1020	1029	2
1020	1075	2
1020	1088	2
1021	1382	-2
1021	1641	2
1021	1735	-2
1022	1650	2
1022	1777	2
1022	2045	-2
1023	1120	2
1023	1242	2
1023	1623	2
1024	1303	2
1024	1351	-2
1024	1746	2
