1	1	1
2	2	1
3	3	1
4	4	1
5	5	1
6	6	1
7	7	-3
8	8	1
9	9	1
10	10	-3
11	11	-1
12	12	1
13	13	-1
14	14	1
15	15	1
16	16	-1
17	17	1
18	18	1
19	19	1
20	20	1
21	21	-1
22	22	1
23	23	3
24	24	-1
25	25	1
26	26	-1
27	27	-1
28	28	-1
29	29	1
30	30	-1
31	31	-3
32	32	1
33	33	1
34	34	3
35	35	1
36	36	1
37	37	1
38	38	3
39	39	-1
40	40	-1
41	41	3
42	42	-1
43	43	-1
44	44	1
45	45	1
46	46	1
47	47	3
48	48	-1
49	49	1
50	50	-1
51	51	1
52	52	1
53	53	3
54	54	1
55	55	1
56	56	1
57	57	-1
58	58	-1
59	59	-1
60	60	-3
61	61	3
62	62	1
63	63	-3
64	64	3
65	65	3
66	66	-1
67	67	3
68	68	-1
69	69	-1
70	70	1
71	71	1
72	72	1
73	73	1
74	74	-3
75	75	1
76	76	1
77	77	-1
78	78	-1
79	79	3
80	80	3
81	81	-1
82	82	3
83	83	1
84	84	1
85	85	-3
86	86	-1
87	87	1
88	88	1
89	89	2
90	90	2
91	91	-2
92	92	-2
93	93	-2
94	94	-2
95	95	2
96	96	-2
97	97	2
98	98	-2
99	99	2
100	100	2
101	101	-2
102	102	-2
103	103	2
104	104	-2
105	105	-2
106	106	2
107	107	2
108	108	2
109	109	2
110	110	2
111	111	2
112	112	2
113	113	2
114	114	2
115	115	-2
116	116	-2
117	117	-2
118	118	-2
119	119	2
120	120	2
121	121	2
122	122	2
123	123	-2
124	124	2
125	125	2
126	126	2
127	127	-2
128	128	-2
129	129	2
130	130	2
131	131	2
132	132	-2
133	133	2
134	134	2
135	135	-2
136	136	2
137	137	2
138	138	2
139	139	2
140	140	2
141	141	-2
142	142	2
143	143	-2
144	144	2
145	145	-2
146	146	-2
147	147	2
148	148	2
149	149	2
150	150	-2
151	151	2
152	152	-2
153	153	-2
154	154	2
155	155	2
156	156	-2
157	157	-2
158	158	-2
159	159	2
160	160	-2
161	161	-2
162	162	-2
163	163	-2
164	164	-2
165	165	-2
166	166	2
167	167	-2
168	168	2
169	169	-2
170	170	2
171	171	-2
172	172	-2
173	173	2
174	174	2
175	175	2
176	176	-2
1	20	1
1	39	1
1	50	1
1	75	1
1	83	1
1	85	1
1	110	2
1	117	2
1	148	2
2	15	1
2	18	1
2	27	1
2	28	1
2	52	1
2	59	1
2	106	2
2	107	-2
2	124	2
3	14	1
3	19	1
3	31	1
3	55	1
3	77	1
3	88	1
3	93	-2
3	118	2
3	146	-2
4	5	1
4	29	1
4	40	1
4	49	1
4	53	1
4	76	1
4	142	-2
4	155	2
4	169	-2
5	29	1
5	38	1
5	50	1
5	75	1
5	87	1
5	98	-2
5	165	2
5	169	-2
6	28	1
6	52	1
6	63	1
6	77	1
6	84	1
6	87	1
6	100	-2
6	109	2
6	161	-2
7	12	1
7	25	1
7	26	1
7	32	1
7	60	1
7	86	1
7	123	2
7	166	-2
7	167	2
8	17	1
8	51	1
8	69	1
8	71	1
8	80	1
8	83	1
8	122	2
8	130	-2
8	131	2
9	35	1
9	36	1
9	37	1
9	62	1
9	67	1
9	85	1
9	147	2
9	149	-2
9	174	2
10	39	1
10	42	1
10	60	1
10	68	1
10	84	1
10	85	1
10	96	2
10	150	2
10	159	-2
11	35	1
11	40	1
11	45	1
11	55	1
11	74	1
11	79	1
11	115	-2
11	137	-2
11	172	2
12	17	1
12	25	1
12	39	1
12	43	1
12	45	1
12	99	2
12	156	-2
12	167	2
13	21	1
13	30	1
13	46	1
13	63	1
13	66	1
13	73	1
13	103	-2
13	140	-2
13	175	2
14	44	1
14	49	1
14	55	1
14	56	1
14	88	1
14	120	2
14	146	-2
14	160	2
15	56	1
15	59	1
15	70	2
15	72	1
15	106	2
15	108	2
15	162	2
16	33	1
16	41	1
16	48	2
16	52	1
16	81	1
16	112	-2
16	129	-2
16	136	2
17	36	1
17	45	1
17	47	1
17	83	1
17	99	2
17	130	-2
17	139	2
18	22	1
18	26	1
18	52	1
18	55	1
18	57	1
18	113	2
18	124	2
18	145	2
19	62	1
19	65	1
19	72	1
19	77	1
19	88	1
19	93	-2
19	102	2
19	133	2
20	29	1
20	34	1
20	59	1
20	83	2
20	89	-2
20	110	2
20	121	2
21	24	1
21	42	1
21	53	1
21	57	1
21	63	1
21	103	-2
21	114	-2
21	176	-2
22	31	1
22	50	1
22	55	1
22	79	1
22	84	1
22	97	2
22	101	2
22	113	2
23	33	1
23	41	1
23	45	1
23	53	1
23	75	1
23	80	1
23	90	2
23	116	-2
23	134	2
24	53	1
24	60	1
24	69	1
24	78	1
24	87	1
24	111	-2
24	144	-2
24	176	-2
25	49	1
25	67	1
25	68	1
25	82	1
25	127	-2
25	141	-2
25	167	2
26	32	1
26	57	1
26	61	1
26	66	1
26	125	2
26	145	2
26	166	-2
27	28	1
27	46	1
27	47	1
27	68	1
27	74	1
27	107	-2
27	138	-2
27	168	2
28	51	1
28	63	1
28	86	1
28	100	-2
28	107	-2
28	170	2
29	59	1
29	61	1
29	82	1
29	89	-2
29	151	2
29	169	-2
30	37	1
30	40	1
30	64	1
30	66	1
30	82	1
30	140	-2
30	143	2
30	171	-2
31	46	1
31	50	1
31	71	1
31	77	1
31	101	2
31	118	2
31	158	2
32	38	1
32	58	1
32	65	1
32	79	1
32	91	-2
32	154	2
32	166	-2
33	41	1
33	59	1
33	63	1
33	80	1
33	90	2
33	92	2
33	136	2
34	56	1
34	57	1
34	64	1
34	65	1
34	83	1
34	121	2
34	132	-2
34	152	-2
35	55	1
35	67	1
35	72	1
35	81	1
35	137	-2
35	147	2
35	157	-2
36	47	2
36	54	1
36	85	1
36	135	-2
36	139	2
36	149	-2
37	40	1
37	48	1
37	62	1
37	88	1
37	94	-2
37	143	2
37	174	2
38	58	1
38	71	1
38	80	1
38	87	1
38	91	-2
38	98	-2
38	164	-2
39	42	1
39	43	1
39	85	1
39	117	2
39	150	2
39	156	-2
40	49	1
40	79	1
40	115	-2
40	142	-2
40	143	2
41	44	1
41	73	1
41	75	1
41	134	2
41	136	2
41	153	-2
42	44	1
42	57	1
42	76	1
42	114	-2
42	119	2
42	150	2
43	54	1
43	76	1
43	81	1
43	86	1
43	95	-2
43	104	2
43	156	-2
44	73	1
44	76	1
44	88	1
44	119	2
44	153	-2
44	160	2
45	53	1
45	74	1
45	99	2
45	116	-2
45	172	2
46	47	1
46	71	1
46	73	1
46	158	2
46	168	2
46	175	2
47	54	1
47	135	-2
47	139	2
47	168	2
48	52	1
48	81	1
48	88	1
48	94	-2
48	112	-2
48	129	-2
49	56	1
49	67	1
49	120	2
49	141	-2
49	142	-2
50	75	2
50	101	2
50	148	2
50	165	2
51	58	1
51	78	1
51	80	1
51	86	1
51	105	2
51	131	2
51	170	2
52	84	1
52	112	-2
52	124	2
52	161	-2
53	76	1
53	116	-2
53	155	2
53	176	-2
54	67	1
54	76	1
54	78	1
54	95	-2
54	135	-2
54	173	2
55	113	2
55	137	-2
55	146	-2
56	65	1
56	70	1
56	120	2
56	152	-2
56	162	2
57	64	1
57	114	-2
57	132	-2
57	145	2
58	66	1
58	73	1
58	78	1
58	91	-2
58	105	2
58	126	-2
59	63	1
59	89	-2
59	92	2
59	106	2
60	78	1
60	85	1
60	86	1
60	96	2
60	111	-2
60	123	2
61	64	1
61	66	1
61	70	1
61	82	1
61	125	2
61	151	2
61	163	-2
62	65	1
62	69	1
62	74	1
62	128	2
62	133	2
62	174	2
63	92	2
63	100	-2
63	103	-2
64	70	1
64	82	1
64	132	-2
64	163	-2
64	171	-2
65	79	1
65	133	2
65	152	-2
65	154	2
66	73	1
66	125	2
66	126	-2
66	140	-2
67	78	1
67	141	-2
67	147	2
67	173	2
68	74	1
68	82	1
68	84	1
68	127	-2
68	138	-2
68	159	-2
69	71	1
69	74	1
69	87	1
69	122	2
69	128	2
69	144	-2
70	72	1
70	108	2
70	162	2
70	163	-2
71	80	1
71	122	2
71	158	2
71	164	-2
72	77	1
72	81	1
72	102	2
72	108	2
72	157	-2
73	126	-2
73	153	-2
73	175	2
74	128	2
74	138	-2
74	172	2
75	134	2
75	148	2
75	165	2
76	95	-2
76	119	2
76	155	2
77	87	1
77	102	2
77	109	2
77	118	2
78	105	2
78	111	-2
78	173	2
79	84	1
79	97	2
79	115	-2
79	154	2
80	90	2
80	131	2
80	164	-2
81	86	1
81	104	2
81	129	-2
81	157	-2
82	127	-2
82	151	2
82	171	-2
83	110	2
83	121	2
83	130	-2
84	97	2
84	159	-2
84	161	-2
85	96	2
85	117	2
85	149	-2
86	104	2
86	123	2
86	170	2
87	98	-2
87	109	2
87	144	-2
88	93	-2
88	94	-2
88	160	2
