1	1	-3
2	2	-1
3	3	-1
4	4	-3
5	5	-1
6	6	1
7	7	1
8	8	-1
9	9	-1
10	10	1
11	11	1
12	12	-1
13	13	3
14	14	1
15	15	-3
16	16	1
17	17	-3
18	18	-3
19	19	3
20	20	-1
21	21	3
22	22	-1
23	23	1
24	24	-1
25	25	3
26	26	3
27	27	1
28	28	1
29	29	-3
30	30	-1
31	31	-1
32	32	-3
33	33	-3
34	34	3
35	35	1
36	36	3
37	37	-1
38	38	-3
39	39	-3
40	40	-3
41	41	1
42	42	1
43	43	-1
44	44	-1
45	45	1
46	46	-1
47	47	-1
48	48	-1
49	49	1
50	50	3
51	51	1
52	52	-3
53	53	-1
54	54	1
55	55	-3
56	56	-3
57	57	-1
58	58	1
59	59	-1
60	60	-1
61	61	-1
62	62	1
63	63	-3
64	64	-1
65	65	-3
66	66	-1
67	67	3
68	68	3
69	69	1
70	70	1
71	71	1
72	72	3
73	73	3
74	74	3
75	75	-1
76	76	1
77	77	-3
78	78	-1
79	79	-3
80	80	-1
81	81	-1
82	82	1
83	83	1
84	84	-1
85	85	-1
86	86	-1
87	87	-3
88	88	-1
89	89	1
90	90	-1
91	91	-1
92	92	-3
93	93	-3
94	94	-1
95	95	-1
96	96	1
97	97	-1
98	98	-1
99	99	-1
100	100	1
101	101	-1
102	102	-1
103	103	3
104	104	3
105	105	-3
106	106	1
107	107	1
108	108	1
109	109	1
110	110	-3
111	111	-1
112	112	-3
113	113	1
114	114	1
115	115	-1
116	116	-1
117	117	1
118	118	-1
119	119	-1
120	120	-3
121	121	-1
122	122	-3
123	123	-1
124	124	-1
125	125	1
126	126	-1
127	127	-1
128	128	3
129	129	-3
130	130	-1
131	131	-1
132	132	1
133	133	-1
134	134	-1
135	135	1
136	136	-3
137	137	-3
138	138	-1
139	139	-1
140	140	-1
141	141	-1
142	142	-1
143	143	-1
144	144	-3
145	145	-3
146	146	1
147	147	1
148	148	-1
149	149	-1
150	150	-1
151	151	-3
152	152	1
153	153	2
154	154	2
155	155	2
156	156	-2
157	157	2
158	158	2
159	159	-2
160	160	2
161	161	2
162	162	2
163	163	-2
164	164	2
165	165	2
166	166	2
167	167	2
168	168	2
169	169	-2
170	170	-2
171	171	-2
172	172	-2
173	173	2
174	174	2
175	175	-2
176	176	-2
177	177	-2
178	178	-2
179	179	-2
180	180	2
181	181	-2
182	182	2
183	183	-2
184	184	-2
185	185	-2
186	186	2
187	187	2
188	188	2
189	189	2
190	190	-2
191	191	-2
192	192	2
193	193	2
194	194	-2
195	195	-2
196	196	-2
197	197	2
198	198	2
199	199	2
200	200	2
201	201	-2
202	202	-2
203	203	2
204	204	-2
205	205	2
206	206	-2
207	207	-2
208	208	-2
209	209	-2
210	210	-2
211	211	-2
212	212	2
213	213	-2
214	214	2
215	215	2
216	216	2
217	217	-2
218	218	-2
219	219	-2
220	220	-2
221	221	2
222	222	2
223	223	2
224	224	-2
225	225	2
226	226	2
227	227	-2
228	228	2
229	229	-2
230	230	2
231	231	2
232	232	2
233	233	2
234	234	2
235	235	-2
236	236	-2
237	237	-2
238	238	-2
239	239	2
240	240	-2
241	241	2
242	242	-2
243	243	-2
244	244	2
245	245	2
246	246	-2
247	247	-2
248	248	-2
249	249	-2
250	250	-2
251	251	2
252	252	2
253	253	2
254	254	-2
255	255	2
256	256	2
257	257	2
258	258	2
259	259	-2
260	260	2
261	261	-2
262	262	2
263	263	2
264	264	-2
265	265	2
266	266	-2
267	267	2
268	268	2
269	269	-2
270	270	2
271	271	2
272	272	2
273	273	-2
274	274	2
275	275	-2
276	276	2
277	277	-2
278	278	-2
279	279	-2
280	280	-2
281	281	2
282	282	2
283	283	2
284	284	2
285	285	2
286	286	2
287	287	-2
288	288	-2
289	289	2
290	290	-2
291	291	2
292	292	2
293	293	2
294	294	-2
295	295	-2
296	296	-2
297	297	2
298	298	2
299	299	2
300	300	2
301	301	2
302	302	-2
303	303	-2
304	304	2
1	51	1
1	55	1
1	81	1
1	91	1
1	123	1
1	140	1
1	181	2
1	219	2
1	232	-2
2	14	1
2	52	1
2	69	1
2	77	1
2	79	1
2	148	1
2	154	-2
2	166	2
2	206	2
3	26	1
3	46	1
3	84	1
3	86	1
3	123	1
3	143	1
3	177	-2
3	275	2
3	292	-2
4	37	1
4	43	1
4	92	1
4	111	1
4	129	1
4	138	1
4	168	-2
4	188	-2
4	198	-2
5	18	1
5	20	1
5	90	1
5	97	1
5	108	1
5	112	1
5	161	-2
5	204	2
5	298	2
6	20	1
6	30	1
6	78	1
6	100	1
6	128	1
6	135	1
6	178	-2
6	208	-2
6	303	2
7	26	1
7	76	1
7	95	1
7	101	1
7	125	1
7	141	1
7	164	-2
7	257	2
7	270	2
8	23	1
8	35	1
8	39	1
8	44	1
8	119	1
8	142	1
8	159	2
8	172	2
8	249	-2
9	10	1
9	43	1
9	53	1
9	58	1
9	77	1
9	127	1
9	237	2
9	267	-2
9	284	2
10	76	1
10	98	1
10	104	1
10	127	1
10	135	1
10	186	2
10	237	2
10	256	2
11	13	1
11	34	1
11	65	1
11	76	1
11	86	1
11	132	1
11	230	-2
11	244	2
11	285	2
12	23	1
12	33	1
12	110	1
12	113	1
12	114	1
12	128	1
12	175	-2
12	195	2
12	269	2
13	44	1
13	51	1
13	76	1
13	97	1
13	114	1
13	213	-2
13	244	2
13	277	-2
14	26	1
14	111	1
14	130	1
14	131	1
14	148	1
14	158	-2
14	166	2
14	205	2
15	24	1
15	62	1
15	71	1
15	98	1
15	106	1
15	144	1
15	182	-2
15	201	2
15	240	2
16	42	1
16	90	1
16	93	1
16	100	1
16	128	1
16	149	1
16	170	2
16	200	2
16	224	-2
17	22	1
17	65	1
17	78	1
17	87	1
17	125	1
17	151	1
17	197	-2
17	248	2
17	268	-2
18	29	1
18	56	1
18	90	1
18	115	1
18	120	1
18	194	2
18	204	2
18	253	-2
19	34	1
19	62	1
19	83	1
19	101	1
19	103	1
19	133	1
19	167	2
19	250	-2
19	274	2
20	30	1
20	42	1
20	108	1
20	151	1
20	211	2
20	298	2
20	303	2
21	28	1
21	31	1
21	73	1
21	82	1
21	114	1
21	118	1
21	210	-2
21	227	-2
21	301	2
22	50	1
22	78	1
22	80	1
22	140	1
22	152	1
22	197	-2
22	243	2
22	258	2
23	119	1
23	128	1
23	135	1
23	145	1
23	175	-2
23	241	-2
23	249	-2
24	58	1
24	68	1
24	95	1
24	106	1
24	144	1
24	155	-2
24	240	2
24	291	2
25	28	1
25	49	1
25	54	1
25	71	1
25	106	1
25	116	1
25	218	-2
25	225	2
25	273	-2
26	111	1
26	123	1
26	125	1
26	177	-2
26	205	2
26	257	2
27	49	1
27	69	1
27	74	1
27	100	1
27	126	1
27	130	1
27	242	-2
27	288	2
27	295	-2
28	31	1
28	49	1
28	118	1
28	136	1
28	210	-2
28	217	2
28	273	-2
29	93	2
29	101	1
29	115	1
29	119	1
29	185	2
29	234	-2
29	253	-2
30	87	1
30	94	1
30	95	1
30	125	1
30	202	-2
30	280	2
30	303	2
31	59	1
31	82	1
31	120	1
31	136	1
31	217	2
31	227	-2
31	254	2
32	55	1
32	63	1
32	64	1
32	78	1
32	140	1
32	148	1
32	189	-2
32	191	2
32	283	-2
33	52	1
33	87	1
33	113	1
33	121	1
33	144	1
33	251	-2
33	269	2
33	279	2
34	37	1
34	86	1
34	131	1
34	133	1
34	167	2
34	282	2
34	285	2
35	46	1
35	74	1
35	117	1
35	142	2
35	159	2
35	264	-2
35	278	-2
36	50	1
36	51	1
36	130	1
36	146	1
36	149	1
36	150	1
36	174	2
36	183	-2
36	300	2
37	92	1
37	129	1
37	131	1
37	143	1
37	188	-2
37	223	-2
37	282	2
38	40	1
38	48	1
38	80	1
38	122	1
38	141	1
38	151	1
38	193	-2
38	196	2
38	262	-2
39	44	1
39	97	1
39	112	1
39	120	1
39	144	1
39	172	2
39	180	-2
39	238	2
40	53	1
40	116	1
40	121	1
40	137	1
40	141	1
40	236	2
40	262	-2
40	263	-2
41	73	1
41	83	1
41	89	1
41	103	1
41	105	1
41	145	1
41	156	-2
41	190	-2
41	212	-2
42	48	1
42	90	1
42	147	1
42	151	1
42	211	2
42	215	2
42	224	-2
43	56	1
43	58	1
43	111	1
43	118	1
43	168	-2
43	252	-2
43	284	2
44	51	1
44	110	1
44	133	1
44	172	2
44	271	-2
44	277	-2
45	53	1
45	66	1
45	67	1
45	72	1
45	84	1
45	127	1
45	221	-2
45	255	2
45	260	2
46	86	1
46	117	1
46	138	1
46	143	1
46	235	2
46	264	-2
46	275	2
47	56	1
47	57	1
47	61	1
47	102	1
47	108	1
47	113	1
47	171	2
47	290	-2
47	293	-2
48	65	1
48	85	1
48	122	1
48	147	1
48	192	-2
48	193	-2
48	215	2
49	63	1
49	69	1
49	99	1
49	209	2
49	242	-2
49	273	-2
50	64	1
50	138	1
50	140	1
50	150	1
50	183	-2
50	226	2
50	258	2
51	55	1
51	146	1
51	174	2
51	181	2
51	277	-2
52	79	1
52	116	1
52	144	1
52	147	1
52	154	-2
52	246	2
52	279	2
53	67	1
53	77	1
53	116	1
53	236	2
53	255	2
53	267	-2
54	60	1
54	75	1
54	106	1
54	122	1
54	152	1
54	214	-2
54	218	-2
54	302	-2
55	78	1
55	134	1
55	145	1
55	181	2
55	191	2
55	289	-2
56	108	1
56	118	1
56	120	1
56	194	2
56	252	-2
56	293	-2
57	63	1
57	64	1
57	88	1
57	102	1
57	113	1
57	162	-2
57	245	-2
57	290	-2
58	67	1
58	71	1
58	95	1
58	155	-2
58	222	2
58	284	2
59	66	1
59	107	2
59	120	1
59	122	1
59	153	-2
59	254	2
59	281	2
60	74	1
60	75	1
60	122	1
60	137	1
60	152	1
60	214	-2
60	233	-2
60	247	-2
61	62	1
61	81	1
61	102	1
61	117	1
61	139	1
61	171	2
61	296	-2
61	304	-2
62	71	1
62	103	1
62	117	1
62	201	2
62	274	2
62	296	-2
63	99	1
63	102	1
63	140	1
63	189	-2
63	209	2
63	245	-2
64	88	1
64	138	1
64	148	1
64	162	-2
64	226	2
64	283	-2
65	85	1
65	125	1
65	132	1
65	192	-2
65	230	-2
65	248	2
66	84	1
66	107	1
66	137	1
66	146	1
66	221	-2
66	281	2
66	286	-2
67	71	1
67	81	1
67	102	1
67	199	2
67	222	2
67	255	2
68	85	1
68	104	1
68	106	1
68	132	1
68	143	1
68	203	2
68	266	-2
68	291	2
69	77	1
69	121	1
69	132	1
69	206	2
69	242	-2
69	276	2
70	84	1
70	99	1
70	108	1
70	118	1
70	124	1
70	126	1
70	173	2
70	187	2
70	294	2
71	116	1
71	201	2
71	222	2
71	225	2
72	82	1
72	96	1
72	109	1
72	115	1
72	127	1
72	260	2
72	265	2
72	287	-2
73	103	2
73	113	1
73	114	1
73	190	-2
73	207	-2
73	301	2
74	126	1
74	142	1
74	152	1
74	247	-2
74	278	-2
74	295	-2
75	91	1
75	98	1
75	137	1
75	152	1
75	233	-2
75	272	-2
75	302	-2
76	101	1
76	135	1
76	164	-2
76	186	2
76	244	2
77	79	1
77	119	1
77	206	2
77	231	-2
77	267	-2
78	128	1
78	191	2
78	197	-2
78	208	-2
79	92	1
79	94	1
79	119	1
79	154	-2
79	231	-2
79	259	2
80	91	1
80	139	1
80	151	1
80	152	1
80	184	-2
80	196	2
80	243	2
81	102	1
81	139	1
81	140	1
81	199	2
81	219	2
81	304	-2
82	90	1
82	115	1
82	134	1
82	165	-2
82	227	-2
82	265	2
83	89	1
83	101	1
83	111	1
83	141	1
83	156	-2
83	250	-2
83	297	-2
84	86	1
84	99	1
84	187	2
84	221	-2
84	292	-2
85	104	1
85	136	1
85	139	1
85	192	-2
85	228	-2
85	266	-2
86	138	1
86	235	2
86	285	2
86	292	-2
87	95	1
87	121	1
87	151	1
87	251	-2
87	268	-2
87	280	2
88	105	1
88	107	1
88	126	1
88	146	1
88	162	-2
88	220	-2
88	239	-2
89	109	1
89	112	1
89	129	1
89	147	1
89	156	-2
89	176	-2
89	229	2
90	134	1
90	165	-2
90	204	2
90	224	-2
91	98	1
91	123	1
91	139	1
91	184	-2
91	232	-2
91	272	-2
92	94	1
92	138	1
92	143	1
92	198	-2
92	223	-2
92	259	2
93	101	1
93	119	1
93	149	1
93	170	2
93	185	2
93	234	-2
94	125	1
94	148	1
94	150	1
94	202	-2
94	259	2
94	299	-2
95	141	1
95	155	-2
95	270	2
95	280	2
96	99	1
96	104	1
96	109	1
96	134	1
96	142	1
96	163	-2
96	169	2
96	287	-2
97	112	1
97	114	1
97	144	1
97	161	-2
97	213	-2
97	238	2
98	104	1
98	106	1
98	182	-2
98	256	2
98	272	-2
99	142	1
99	169	2
99	187	2
99	209	2
100	128	1
100	130	1
100	135	1
100	178	-2
100	200	2
100	288	2
101	164	-2
101	234	-2
101	250	-2
102	171	2
102	199	2
102	245	-2
103	113	1
103	190	-2
103	207	-2
103	274	2
104	134	1
104	163	-2
104	256	2
104	266	-2
105	115	1
105	123	1
105	126	1
105	145	1
105	212	-2
105	216	-2
105	239	-2
106	182	-2
106	218	-2
106	291	2
107	122	1
107	146	1
107	153	-2
107	220	-2
107	281	2
108	124	1
108	173	2
108	293	-2
108	298	2
109	117	1
109	124	1
109	147	1
109	160	-2
109	176	-2
109	287	-2
110	114	1
110	133	1
110	136	1
110	150	1
110	195	2
110	261	2
110	271	-2
111	141	1
111	168	-2
111	205	2
111	297	-2
112	120	1
112	129	1
112	161	-2
112	180	-2
112	229	2
113	207	-2
113	269	2
113	290	-2
114	195	2
114	213	-2
114	301	2
115	123	1
115	216	-2
115	253	-2
115	265	2
116	147	1
116	225	2
116	236	2
116	246	2
117	124	1
117	160	-2
117	264	-2
117	296	-2
118	126	1
118	210	-2
118	252	-2
118	294	2
119	185	2
119	231	-2
119	249	-2
120	180	-2
120	194	2
120	254	2
121	132	1
121	137	1
121	251	-2
121	263	-2
121	276	2
122	153	-2
122	193	-2
122	214	-2
123	177	-2
123	216	-2
123	232	-2
124	129	1
124	149	1
124	157	-2
124	160	-2
124	173	2
125	202	-2
125	248	2
125	257	2
126	239	-2
126	294	2
126	295	-2
127	131	1
127	133	1
127	179	2
127	237	2
127	260	2
128	175	-2
128	200	2
128	208	-2
129	149	1
129	157	-2
129	188	-2
129	229	2
130	131	1
130	149	1
130	158	-2
130	288	2
130	300	2
131	133	1
131	158	-2
131	179	2
131	282	2
132	143	1
132	203	2
132	230	-2
132	276	2
133	167	2
133	179	2
133	271	-2
134	145	1
134	163	-2
134	165	-2
134	289	-2
135	145	1
135	178	-2
135	186	2
135	241	-2
136	139	1
136	150	1
136	217	2
136	228	-2
136	261	2
137	146	1
137	233	-2
137	263	-2
137	286	-2
138	198	-2
138	226	2
138	235	2
139	184	-2
139	228	-2
139	304	-2
140	189	-2
140	219	2
140	258	2
141	262	-2
141	270	2
141	297	-2
142	159	2
142	169	2
142	278	-2
143	203	2
143	223	-2
143	275	2
144	238	2
144	240	2
144	279	2
145	212	-2
145	241	-2
145	289	-2
146	174	2
146	220	-2
146	286	-2
147	176	-2
147	215	2
147	246	2
148	150	1
148	166	2
148	283	-2
148	299	-2
149	157	-2
149	170	2
149	300	2
150	183	-2
150	261	2
150	299	-2
151	196	2
151	211	2
151	268	-2
152	243	2
152	247	-2
152	302	-2
