1	1	1
2	2	-3
3	3	1
4	4	-1
5	5	-1
6	6	-3
7	7	-1
8	8	1
9	9	-1
10	10	1
11	11	1
12	12	-3
13	13	1
14	14	-1
15	15	1
16	16	-1
17	17	1
18	18	1
19	19	-3
20	20	-1
21	21	1
22	22	1
23	23	3
24	24	1
25	25	-1
26	26	-1
27	27	1
28	28	1
29	29	3
30	30	1
31	31	1
32	32	-3
33	33	-3
34	34	-1
35	35	1
36	36	1
37	37	1
38	38	-1
39	39	-3
40	40	-1
41	41	1
42	42	-3
43	43	-1
44	44	-1
45	45	-1
46	46	1
47	47	3
48	48	-3
49	49	-3
50	50	1
51	51	-3
52	52	-1
53	53	-1
54	54	1
55	55	1
56	56	-1
57	57	1
58	58	-1
59	59	-3
60	60	-1
61	61	-3
62	62	1
63	63	1
64	64	1
65	65	-1
66	66	3
67	67	-1
68	68	-1
69	69	1
70	70	1
71	71	1
72	72	-1
73	73	-1
74	74	-1
75	75	-1
76	76	-1
77	77	-1
78	78	1
79	79	-1
80	80	1
81	81	1
82	82	1
83	83	3
84	84	-1
85	85	-1
86	86	3
87	87	1
88	88	-1
89	89	1
90	90	-3
91	91	-1
92	92	1
93	93	-1
94	94	-1
95	95	1
96	96	1
97	97	-3
98	98	3
99	99	-3
100	100	-3
101	101	3
102	102	3
103	103	-3
104	104	-1
105	105	1
106	106	1
107	107	3
108	108	1
109	109	1
110	110	-1
111	111	-1
112	112	-1
113	113	1
114	114	-3
115	115	-1
116	116	-1
117	117	3
118	118	1
119	119	-1
120	120	3
121	121	3
122	122	1
123	123	-1
124	124	1
125	125	1
126	126	3
127	127	1
128	128	1
129	129	1
130	130	-1
131	131	-3
132	132	-3
133	133	-1
134	134	3
135	135	1
136	136	-3
137	137	-1
138	138	-1
139	139	1
140	140	-1
141	141	-1
142	142	1
143	143	-1
144	144	1
145	145	-1
146	146	-1
147	147	-1
148	148	-1
149	149	-3
150	150	-1
151	151	3
152	152	-1
153	153	1
154	154	1
155	155	1
156	156	1
157	157	-1
158	158	-1
159	159	-1
160	160	1
161	161	1
162	162	1
163	163	-1
164	164	3
165	165	-1
166	166	3
167	167	-1
168	168	-1
169	169	3
170	170	-1
171	171	-3
172	172	-1
173	173	1
174	174	-1
175	175	3
176	176	-1
177	177	-1
178	178	-3
179	179	-1
180	180	-1
181	181	-1
182	182	-1
183	183	-3
184	184	-1
185	185	1
186	186	-1
187	187	3
188	188	-1
189	189	3
190	190	1
191	191	1
192	192	3
193	193	-1
194	194	-3
195	195	-1
196	196	1
197	197	-1
198	198	-1
199	199	-3
200	200	3
201	201	1
202	202	1
203	203	3
204	204	-1
205	205	-1
206	206	-1
207	207	1
208	208	-3
209	209	-2
210	210	2
211	211	-2
212	212	-2
213	213	2
214	214	2
215	215	2
216	216	-2
217	217	-2
218	218	-2
219	219	-2
220	220	2
221	221	2
222	222	2
223	223	2
224	224	2
225	225	-2
226	226	-2
227	227	2
228	228	2
229	229	2
230	230	-2
231	231	-2
232	232	2
233	233	2
234	234	-2
235	235	2
236	236	-2
237	237	-2
238	238	-2
239	239	-2
240	240	-2
241	241	2
242	242	-2
243	243	-2
244	244	2
245	245	-2
246	246	2
247	247	2
248	248	2
249	249	-2
250	250	2
251	251	-2
252	252	2
253	253	2
254	254	-2
255	255	2
256	256	2
257	257	2
258	258	2
259	259	2
260	260	2
261	261	2
262	262	2
263	263	-2
264	264	2
265	265	-2
266	266	2
267	267	2
268	268	-2
269	269	2
270	270	-2
271	271	-2
272	272	2
273	273	2
274	274	-2
275	275	2
276	276	-2
277	277	-2
278	278	2
279	279	-2
280	280	-2
281	281	-2
282	282	2
283	283	2
284	284	-2
285	285	-2
286	286	-2
287	287	2
288	288	-2
289	289	2
290	290	-2
291	291	2
292	292	2
293	293	-2
294	294	-2
295	295	2
296	296	2
297	297	-2
298	298	2
299	299	-2
300	300	2
301	301	-2
302	302	2
303	303	2
304	304	2
305	305	-2
306	306	2
307	307	-2
308	308	2
309	309	2
310	310	2
311	311	-2
312	312	2
313	313	2
314	314	2
315	315	2
316	316	-2
317	317	2
318	318	-2
319	319	2
320	320	2
321	321	2
322	322	-2
323	323	2
324	324	-2
325	325	2
326	326	2
327	327	-2
328	328	-2
329	329	2
330	330	2
331	331	2
332	332	-2
333	333	2
334	334	-2
335	335	2
336	336	-2
337	337	-2
338	338	-2
339	339	-2
340	340	-2
341	341	-2
342	342	2
343	343	2
344	344	-2
345	345	2
346	346	-2
347	347	-2
348	348	-2
349	349	-2
350	350	-2
351	351	2
352	352	2
353	353	2
354	354	2
355	355	2
356	356	2
357	357	-2
358	358	-2
359	359	-2
360	360	2
361	361	2
362	362	2
363	363	2
364	364	-2
365	365	-2
366	366	2
367	367	-2
368	368	-2
369	369	-2
370	370	-2
371	371	-2
372	372	2
373	373	-2
374	374	-2
375	375	-2
376	376	2
377	377	-2
378	378	2
379	379	2
380	380	-2
381	381	2
382	382	2
383	383	2
384	384	2
385	385	2
386	386	2
387	387	2
388	388	-2
389	389	2
390	390	2
391	391	-2
392	392	2
393	393	2
394	394	2
395	395	2
396	396	2
397	397	-2
398	398	2
399	399	2
400	400	2
401	401	2
402	402	2
403	403	2
404	404	2
405	405	2
406	406	-2
407	407	2
408	408	2
409	409	-2
410	410	-2
411	411	2
412	412	2
413	413	2
414	414	2
415	415	2
416	416	-2
1	13	1
1	28	1
1	104	1
1	122	1
1	134	1
1	146	1
1	225	-2
1	305	2
1	396	2
2	38	1
2	123	1
2	133	1
2	172	1
2	198	1
2	204	1
2	263	2
2	302	-2
2	350	2
3	40	1
3	56	1
3	63	1
3	102	1
3	139	1
3	178	1
3	241	2
3	261	2
3	308	-2
4	19	1
4	41	1
4	110	1
4	137	1
4	143	1
4	175	1
4	245	2
4	331	2
4	394	-2
5	6	2
5	21	1
5	119	1
5	141	1
5	205	1
5	304	2
5	326	-2
5	387	-2
6	21	1
6	33	1
6	141	1
6	144	1
6	307	2
6	326	-2
6	387	-2
7	14	1
7	60	1
7	87	1
7	102	1
7	112	1
7	137	1
7	310	2
7	339	2
7	404	-2
8	36	1
8	53	1
8	77	1
8	138	1
8	169	1
8	203	1
8	218	2
8	249	-2
8	362	2
9	14	1
9	28	1
9	40	1
9	50	1
9	63	1
9	104	1
9	301	2
9	329	-2
9	355	2
10	65	1
10	66	1
10	136	1
10	155	1
10	174	1
10	200	1
10	314	2
10	398	-2
10	415	2
11	34	1
11	71	1
11	87	1
11	124	1
11	163	1
11	188	1
11	359	-2
11	392	2
11	409	2
12	19	1
12	42	1
12	60	1
12	80	1
12	158	1
12	165	1
12	274	2
12	361	-2
12	395	-2
13	104	1
13	118	1
13	134	1
13	145	1
13	164	1
13	223	-2
13	386	2
13	396	2
14	28	1
14	47	1
14	60	1
14	154	1
14	301	2
14	330	2
14	339	2
15	22	1
15	78	1
15	131	1
15	140	1
15	169	1
15	189	1
15	315	-2
15	336	-2
15	379	2
16	61	1
16	74	1
16	80	1
16	88	1
16	181	1
16	184	1
16	303	2
16	319	-2
16	349	2
17	30	1
17	34	1
17	85	1
17	94	1
17	115	1
17	188	1
17	224	-2
17	259	2
17	393	2
18	20	1
18	75	1
18	102	1
18	106	1
18	116	1
18	168	1
18	221	2
18	250	-2
18	400	2
19	38	1
19	43	1
19	80	1
19	143	1
19	257	-2
19	394	-2
19	395	-2
20	76	1
20	93	1
20	106	1
20	111	1
20	124	1
20	238	2
20	286	2
20	400	2
21	122	1
21	151	1
21	166	1
21	181	1
21	326	-2
21	343	2
21	380	-2
22	54	1
22	162	1
22	189	1
22	194	1
22	200	1
22	254	-2
22	335	-2
22	379	2
23	29	1
23	83	1
23	91	1
23	96	1
23	111	1
23	184	1
23	279	-2
23	385	2
23	411	2
24	68	1
24	69	1
24	99	1
24	139	1
24	189	1
24	191	1
24	260	2
24	347	-2
24	366	-2
25	84	1
25	101	1
25	131	1
25	147	1
25	156	2
25	277	2
25	281	2
25	405	2
26	35	2
26	48	1
26	74	1
26	179	1
26	194	1
26	288	2
26	323	-2
26	327	-2
27	70	1
27	87	1
27	147	1
27	151	1
27	152	1
27	208	1
27	239	-2
27	371	2
27	374	-2
28	81	1
28	122	1
28	204	1
28	225	-2
28	301	2
28	321	2
29	64	1
29	91	1
29	125	1
29	139	1
29	180	1
29	219	-2
29	406	-2
29	411	2
30	94	1
30	128	1
30	157	1
30	166	1
30	172	1
30	283	-2
30	368	-2
30	393	2
31	64	1
31	88	1
31	105	1
31	150	1
31	163	1
31	186	1
31	211	-2
31	232	-2
31	262	2
32	75	1
32	79	1
32	89	1
32	90	1
32	136	1
32	182	1
32	244	-2
32	280	2
32	391	2
33	72	1
33	112	1
33	114	1
33	125	1
33	144	1
33	265	2
33	307	2
33	367	2
34	77	1
34	115	1
34	124	1
34	184	1
34	224	-2
34	242	2
34	359	-2
35	62	1
35	84	1
35	179	1
35	194	1
35	288	2
35	327	-2
35	381	2
36	47	1
36	77	2
36	91	1
36	108	1
36	229	-2
36	353	2
36	362	2
37	46	1
37	117	1
37	150	1
37	192	1
37	202	1
37	205	1
37	216	-2
37	264	-2
37	324	-2
38	43	1
38	123	2
38	125	1
38	257	-2
38	276	-2
38	350	2
39	42	1
39	44	1
39	152	1
39	162	1
39	170	1
39	190	1
39	231	2
39	282	-2
39	332	2
40	63	1
40	135	1
40	153	1
40	178	1
40	217	-2
40	308	-2
40	329	-2
41	88	1
41	95	1
41	109	1
41	175	1
41	197	1
41	278	-2
41	331	2
41	348	-2
42	152	1
42	153	1
42	158	1
42	191	1
42	231	2
42	354	-2
42	361	-2
43	52	1
43	96	1
43	193	1
43	207	1
43	257	-2
43	267	-2
43	382	2
44	61	1
44	107	1
44	136	1
44	162	1
44	185	1
44	312	2
44	332	2
44	360	-2
45	72	1
45	108	1
45	115	1
45	161	1
45	165	1
45	208	1
45	289	2
45	296	-2
45	345	-2
46	85	1
46	98	1
46	127	1
46	192	1
46	199	1
46	228	2
46	252	-2
46	324	-2
47	108	1
47	116	1
47	154	1
47	203	1
47	240	-2
47	330	2
47	353	2
48	74	1
48	82	1
48	93	1
48	109	1
48	205	1
48	293	2
48	323	-2
48	351	-2
49	59	1
49	76	1
49	91	1
49	99	1
49	149	1
49	178	1
49	209	2
49	375	2
49	412	-2
50	67	1
50	104	1
50	160	1
50	206	1
50	207	1
50	251	-2
50	306	-2
50	355	2
51	71	1
51	106	1
51	122	1
51	132	1
51	149	1
51	168	1
51	220	-2
51	363	-2
51	397	2
52	55	1
52	85	1
52	173	1
52	193	1
52	200	1
52	230	-2
52	267	-2
52	372	-2
53	66	1
53	67	1
53	113	1
53	121	1
53	138	1
53	212	-2
53	218	2
53	235	-2
54	72	1
54	80	1
54	117	1
54	194	1
54	196	1
54	335	-2
54	352	2
54	414	2
55	94	1
55	98	1
55	126	1
55	200	1
55	206	1
55	230	-2
55	390	-2
55	410	-2
56	65	1
56	123	1
56	139	1
56	155	1
56	172	1
56	261	2
56	294	2
56	342	-2
57	60	1
57	92	1
57	95	1
57	106	1
57	119	1
57	143	1
57	243	2
57	344	-2
57	378	2
58	59	1
58	82	1
58	150	1
58	167	1
58	175	1
58	195	1
58	271	2
58	317	2
58	399	-2
59	81	1
59	91	1
59	150	1
59	170	1
59	256	-2
59	271	2
59	412	-2
60	143	1
60	165	1
60	274	2
60	339	2
60	344	-2
61	88	1
61	131	1
61	136	1
61	177	1
61	319	-2
61	360	-2
61	389	-2
62	84	1
62	124	1
62	133	1
62	138	1
62	149	1
62	272	-2
62	285	-2
62	381	2
63	102	1
63	130	1
63	195	1
63	241	2
63	329	-2
63	413	2
64	79	1
64	88	1
64	178	1
64	180	1
64	262	2
64	356	-2
64	406	-2
65	92	1
65	136	1
65	155	1
65	203	1
65	214	2
65	342	-2
65	398	-2
66	121	1
66	127	1
66	134	1
66	174	1
66	212	-2
66	266	2
66	415	2
67	113	1
67	176	1
67	183	1
67	206	1
67	235	-2
67	251	-2
67	402	-2
68	69	1
68	154	1
68	176	1
68	180	1
68	202	1
68	222	-2
68	260	2
68	358	2
69	121	1
69	138	1
69	153	1
69	199	1
69	210	2
69	260	2
69	300	-2
70	148	1
70	152	1
70	161	1
70	165	1
70	190	1
70	239	-2
70	291	-2
70	341	-2
71	87	1
71	122	1
71	167	1
71	196	1
71	220	-2
71	392	2
71	401	2
72	108	1
72	112	1
72	196	1
72	265	2
72	296	-2
72	414	2
73	140	1
73	143	1
73	171	1
73	193	1
73	196	1
73	201	1
73	246	-2
73	334	-2
73	416	2
74	80	1
74	96	1
74	194	1
74	290	2
74	303	2
74	323	-2
75	79	1
75	116	1
75	169	1
75	192	1
75	244	-2
75	250	-2
75	255	2
76	93	1
76	126	1
76	144	1
76	178	1
76	238	2
76	313	2
76	375	2
77	91	1
77	184	1
77	229	-2
77	242	2
77	362	2
78	97	1
78	126	1
78	129	1
78	135	1
78	169	1
78	311	2
78	336	-2
78	365	-2
79	86	1
79	178	1
79	187	1
79	244	-2
79	337	-2
79	356	-2
80	117	1
80	303	2
80	352	2
80	395	-2
81	164	1
81	170	1
81	173	1
81	204	1
81	256	-2
81	321	2
81	383	2
82	93	1
82	109	1
82	120	1
82	175	1
82	269	2
82	293	2
82	317	2
83	111	1
83	120	1
83	175	1
83	190	1
83	207	1
83	346	-2
83	385	2
83	408	2
84	146	1
84	156	1
84	171	1
84	277	2
84	295	-2
84	381	2
85	173	1
85	188	1
85	199	1
85	252	-2
85	259	2
85	372	-2
86	107	1
86	113	1
86	156	1
86	164	1
86	187	1
86	248	2
86	284	-2
86	337	-2
87	112	1
87	151	1
87	374	-2
87	392	2
87	404	-2
88	197	1
88	262	2
88	278	-2
88	319	-2
89	90	1
89	128	1
89	129	1
89	141	1
89	161	1
89	280	2
89	403	2
89	407	2
90	132	1
90	193	1
90	195	1
90	204	1
90	236	2
90	280	2
90	369	2
91	229	-2
91	411	2
91	412	-2
92	106	1
92	142	1
92	152	1
92	203	1
92	214	2
92	233	-2
92	378	2
93	120	1
93	205	1
93	238	2
93	269	2
93	351	-2
94	110	1
94	141	1
94	206	1
94	273	-2
94	390	-2
94	393	2
95	109	1
95	119	1
95	133	1
95	146	1
95	226	-2
95	243	2
95	348	-2
96	184	1
96	194	1
96	207	1
96	279	-2
96	290	2
96	382	2
97	129	1
97	171	1
97	177	1
97	181	1
97	198	1
97	311	2
97	377	2
97	384	-2
98	126	1
98	127	1
98	140	1
98	191	1
98	228	2
98	237	-2
98	410	-2
99	139	1
99	149	1
99	157	1
99	183	1
99	209	2
99	234	2
99	366	-2
100	118	1
100	130	2
100	137	1
100	158	1
100	179	1
100	253	-2
100	320	-2
100	364	2
101	105	1
101	110	1
101	145	1
101	154	1
101	156	1
101	215	2
101	338	-2
101	405	2
102	137	1
102	168	1
102	221	2
102	241	2
102	310	2
103	116	1
103	148	1
103	159	1
103	197	1
103	201	1
103	208	1
103	227	-2
103	292	-2
103	325	-2
104	145	1
104	146	1
104	223	-2
104	305	2
104	355	2
105	110	1
105	151	1
105	157	1
105	186	1
105	215	2
105	232	-2
105	297	-2
106	132	1
106	363	-2
106	378	2
106	400	2
107	148	1
107	156	1
107	185	1
107	187	1
107	248	2
107	312	2
107	373	-2
108	129	1
108	142	1
108	296	-2
108	298	2
108	353	2
109	162	1
109	177	1
109	293	2
109	299	-2
109	348	-2
110	137	1
110	141	1
110	215	2
110	245	2
110	273	-2
111	114	1
111	124	1
111	185	1
111	286	2
111	316	2
111	385	2
112	128	1
112	160	1
112	265	2
112	388	-2
112	404	-2
113	134	1
113	164	1
113	189	1
113	235	-2
113	284	-2
113	322	-2
114	125	1
114	174	1
114	182	1
114	185	1
114	275	-2
114	316	2
114	367	2
115	145	1
115	161	1
115	167	1
115	224	-2
115	289	2
115	318	2
116	203	1
116	208	1
116	240	-2
116	250	-2
116	325	-2
117	197	1
117	201	1
117	202	1
117	216	-2
117	352	2
117	376	2
118	130	1
118	158	1
118	164	1
118	182	1
118	320	-2
118	357	-2
118	386	2
119	127	1
119	183	1
119	205	1
119	243	2
119	270	2
119	304	2
120	173	1
120	185	1
120	207	1
120	269	2
120	340	-2
120	408	2
121	153	1
121	198	1
121	202	1
121	210	2
121	212	-2
121	258	2
122	151	1
122	220	-2
122	225	-2
122	343	2
123	125	1
123	172	1
123	276	-2
123	294	2
123	350	2
124	138	1
124	285	-2
124	286	2
124	359	-2
125	139	1
125	219	-2
125	276	-2
125	367	2
126	135	1
126	144	1
126	313	2
126	365	-2
126	410	-2
127	134	1
127	183	1
127	228	2
127	266	2
127	270	2
128	157	1
128	160	1
128	161	1
128	283	-2
128	388	-2
128	407	2
129	141	1
129	142	1
129	298	2
129	311	2
129	403	2
130	158	1
130	195	1
130	320	-2
130	364	2
130	413	2
131	140	1
131	147	1
131	177	1
131	281	2
131	315	-2
131	389	-2
132	135	1
132	168	1
132	204	1
132	213	-2
132	236	2
132	363	-2
133	146	1
133	149	1
133	198	1
133	226	-2
133	272	-2
133	302	-2
134	189	1
134	266	2
134	322	-2
134	396	2
135	153	1
135	168	1
135	213	-2
135	217	-2
135	365	-2
136	182	1
136	360	-2
136	391	2
136	398	-2
137	179	1
137	245	2
137	253	-2
137	310	2
138	199	1
138	218	2
138	285	-2
138	300	-2
139	219	-2
139	261	2
139	366	-2
140	191	1
140	196	1
140	237	-2
140	246	-2
140	315	-2
141	273	-2
141	387	-2
141	403	2
142	144	1
142	152	1
142	166	1
142	233	-2
142	298	2
142	309	2
143	171	1
143	344	-2
143	394	-2
143	416	2
144	166	1
144	307	2
144	309	2
144	313	2
145	154	1
145	167	1
145	223	-2
145	318	2
145	338	-2
146	171	1
146	226	-2
146	295	-2
146	305	2
147	187	1
147	192	1
147	208	1
147	281	2
147	328	-2
147	371	2
148	161	1
148	187	1
148	201	1
148	227	-2
148	291	-2
148	373	-2
149	168	1
149	209	2
149	272	-2
149	397	2
150	163	1
150	205	1
150	211	-2
150	264	-2
150	271	2
151	157	1
151	297	-2
151	343	2
151	374	-2
152	231	2
152	233	-2
152	239	-2
153	191	1
153	210	2
153	217	-2
153	354	-2
154	202	1
154	330	2
154	338	-2
154	358	2
155	176	1
155	186	1
155	200	1
155	287	2
155	314	2
155	342	-2
156	248	2
156	277	2
156	405	2
157	183	1
157	234	2
157	283	-2
157	297	-2
158	182	1
158	357	-2
158	361	-2
158	364	2
159	160	1
159	170	1
159	180	1
159	197	1
159	199	1
159	268	2
159	292	-2
159	370	-2
160	170	1
160	207	1
160	306	-2
160	370	-2
160	388	-2
161	289	2
161	291	-2
161	407	2
162	177	1
162	200	1
162	254	-2
162	299	-2
162	332	2
163	186	1
163	188	1
163	206	1
163	211	-2
163	333	-2
163	409	2
164	173	1
164	284	-2
164	383	2
164	386	2
165	190	1
165	208	1
165	274	2
165	341	-2
165	345	-2
166	172	1
166	181	1
166	309	2
166	368	-2
166	380	-2
167	195	1
167	196	1
167	318	2
167	399	-2
167	401	2
168	213	-2
168	221	2
168	397	2
169	192	1
169	203	1
169	249	-2
169	255	2
169	336	-2
170	190	1
170	256	-2
170	282	-2
170	370	-2
171	177	1
171	295	-2
171	377	2
171	416	2
172	204	1
172	263	2
172	294	2
172	368	-2
173	185	1
173	340	-2
173	372	-2
173	383	2
174	179	1
174	182	1
174	188	1
174	247	-2
174	275	-2
174	415	2
175	190	1
175	317	2
175	331	2
175	346	-2
176	180	1
176	183	1
176	186	1
176	222	-2
176	287	2
176	402	-2
177	299	-2
177	377	2
177	389	-2
178	308	-2
178	356	-2
178	375	2
179	188	1
179	247	-2
179	253	-2
179	327	-2
180	199	1
180	222	-2
180	268	2
180	406	-2
181	184	1
181	198	1
181	349	2
181	380	-2
181	384	-2
182	275	-2
182	357	-2
182	391	2
183	234	2
183	270	2
183	402	-2
184	242	2
184	279	-2
184	349	2
185	312	2
185	316	2
185	340	-2
186	206	1
186	232	-2
186	287	2
186	333	-2
187	192	1
187	328	-2
187	337	-2
187	373	-2
188	247	-2
188	259	2
188	409	2
189	191	1
189	322	-2
189	347	-2
189	379	2
190	282	-2
190	341	-2
190	346	-2
191	237	-2
191	347	-2
191	354	-2
192	255	2
192	324	-2
192	328	-2
193	195	1
193	201	1
193	267	-2
193	334	-2
193	369	2
194	288	2
194	290	2
194	335	-2
195	369	2
195	399	-2
195	413	2
196	246	-2
196	401	2
196	414	2
197	201	1
197	278	-2
197	292	-2
197	376	2
198	202	1
198	258	2
198	302	-2
198	384	-2
199	252	-2
199	268	2
199	300	-2
200	230	-2
200	254	-2
200	314	2
201	227	-2
201	334	-2
201	376	2
202	216	-2
202	258	2
202	358	2
203	214	2
203	240	-2
203	249	-2
204	236	2
204	263	2
204	321	2
205	264	-2
205	304	2
205	351	-2
206	251	-2
206	333	-2
206	390	-2
207	306	-2
207	382	2
207	408	2
208	325	-2
208	345	-2
208	371	2
