1	1	3
2	2	-1
3	3	-1
4	4	1
5	5	1
6	6	-1
7	7	-3
8	8	-1
9	9	1
10	10	-3
11	11	1
12	12	-1
13	13	3
14	14	3
15	15	-1
16	16	1
17	17	-1
18	18	1
19	19	1
20	20	1
21	21	1
22	22	1
23	23	-3
24	24	-1
25	25	1
26	26	1
27	27	1
28	28	-1
29	29	-1
30	30	-1
31	31	3
32	32	-1
33	33	1
34	34	1
35	35	3
36	36	1
37	37	-1
38	38	-1
39	39	-3
40	40	-1
41	41	1
42	42	-3
43	43	-3
44	44	1
45	45	1
46	46	-3
47	47	1
48	48	-1
49	49	-1
50	50	1
51	51	1
52	52	1
53	53	1
54	54	-1
55	55	3
56	56	1
57	57	-1
58	58	1
59	59	-1
60	60	1
61	61	-1
62	62	-1
63	63	1
64	64	-1
65	65	1
66	66	-3
67	67	-3
68	68	1
69	69	-1
70	70	-1
71	71	-1
72	72	1
73	73	-1
74	74	-1
75	75	1
76	76	1
77	77	-1
78	78	1
79	79	3
80	80	1
81	81	1
82	82	-1
83	83	-1
84	84	1
85	85	1
86	86	-1
87	87	1
88	88	1
89	89	-1
90	90	1
91	91	1
92	92	1
93	93	-1
94	94	-1
95	95	1
96	96	3
97	97	-3
98	98	-1
99	99	-3
100	100	-3
101	101	-1
102	102	-1
103	103	-1
104	104	-1
105	105	1
106	106	-1
107	107	3
108	108	-3
109	109	-1
110	110	-3
111	111	1
112	112	3
113	113	-1
114	114	-1
115	115	-1
116	116	1
117	117	3
118	118	1
119	119	1
120	120	1
121	121	-1
122	122	-1
123	123	3
124	124	1
125	125	3
126	126	-1
127	127	1
128	128	1
129	129	1
130	130	1
131	131	-1
132	132	-1
133	133	1
134	134	3
135	135	1
136	136	1
137	137	1
138	138	-1
139	139	3
140	140	-1
141	141	1
142	142	1
143	143	-1
144	144	1
145	145	-1
146	146	-3
147	147	1
148	148	1
149	149	1
150	150	3
151	151	1
152	152	-3
153	153	1
154	154	-1
155	155	-3
156	156	-1
157	157	-1
158	158	3
159	159	-1
160	160	-3
161	161	-3
162	162	1
163	163	-1
164	164	3
165	165	-1
166	166	-1
167	167	-1
168	168	1
169	169	-3
170	170	-3
171	171	1
172	172	-1
173	173	1
174	174	-1
175	175	1
176	176	1
177	177	1
178	178	1
179	179	-1
180	180	-1
181	181	1
182	182	-3
183	183	1
184	184	-1
185	185	-3
186	186	-1
187	187	-1
188	188	3
189	189	-3
190	190	1
191	191	-1
192	192	-1
193	193	1
194	194	-1
195	195	-1
196	196	-3
197	197	3
198	198	1
199	199	-1
200	200	-3
201	201	-1
202	202	-1
203	203	-1
204	204	-1
205	205	-3
206	206	1
207	207	-1
208	208	-1
209	209	-1
210	210	-3
211	211	1
212	212	1
213	213	1
214	214	-3
215	215	1
216	216	-1
217	217	-1
218	218	3
219	219	3
220	220	1
221	221	-1
222	222	-1
223	223	1
224	224	1
225	225	2
226	226	-2
227	227	2
228	228	-2
229	229	2
230	230	-2
231	231	2
232	232	2
233	233	-2
234	234	-2
235	235	2
236	236	-2
237	237	-2
238	238	2
239	239	-2
240	240	-2
241	241	2
242	242	2
243	243	2
244	244	-2
245	245	2
246	246	-2
247	247	-2
248	248	2
249	249	-2
250	250	2
251	251	2
252	252	2
253	253	2
254	254	2
255	255	-2
256	256	-2
257	257	-2
258	258	2
259	259	2
260	260	-2
261	261	2
262	262	-2
263	263	2
264	264	2
265	265	2
266	266	2
267	267	-2
268	268	-2
269	269	2
270	270	2
271	271	-2
272	272	2
273	273	2
274	274	-2
275	275	-2
276	276	-2
277	277	-2
278	278	-2
279	279	2
280	280	2
281	281	2
282	282	2
283	283	-2
284	284	2
285	285	-2
286	286	-2
287	287	-2
288	288	2
289	289	-2
290	290	2
291	291	2
292	292	-2
293	293	2
294	294	-2
295	295	-2
296	296	2
297	297	-2
298	298	-2
299	299	2
300	300	-2
301	301	2
302	302	-2
303	303	2
304	304	-2
305	305	-2
306	306	-2
307	307	2
308	308	2
309	309	2
310	310	2
311	311	2
312	312	-2
313	313	2
314	314	-2
315	315	-2
316	316	-2
317	317	-2
318	318	-2
319	319	2
320	320	-2
321	321	2
322	322	2
323	323	2
324	324	2
325	325	2
326	326	-2
327	327	-2
328	328	2
329	329	2
330	330	-2
331	331	-2
332	332	-2
333	333	2
334	334	-2
335	335	2
336	336	-2
337	337	-2
338	338	-2
339	339	2
340	340	-2
341	341	2
342	342	-2
343	343	2
344	344	2
345	345	-2
346	346	-2
347	347	2
348	348	2
349	349	-2
350	350	-2
351	351	2
352	352	-2
353	353	-2
354	354	2
355	355	2
356	356	-2
357	357	-2
358	358	-2
359	359	2
360	360	-2
361	361	2
362	362	2
363	363	2
364	364	2
365	365	2
366	366	-2
367	367	-2
368	368	2
369	369	2
370	370	-2
371	371	-2
372	372	2
373	373	-2
374	374	-2
375	375	-2
376	376	2
377	377	-2
378	378	-2
379	379	-2
380	380	2
381	381	-2
382	382	2
383	383	2
384	384	2
385	385	-2
386	386	2
387	387	2
388	388	-2
389	389	2
390	390	-2
391	391	2
392	392	-2
393	393	2
394	394	2
395	395	2
396	396	-2
397	397	-2
398	398	-2
399	399	2
400	400	-2
401	401	2
402	402	2
403	403	-2
404	404	-2
405	405	2
406	406	-2
407	407	2
408	408	-2
409	409	-2
410	410	2
411	411	2
412	412	2
413	413	-2
414	414	2
415	415	2
416	416	-2
417	417	2
418	418	2
419	419	2
420	420	2
421	421	2
422	422	-2
423	423	-2
424	424	-2
425	425	-2
426	426	-2
427	427	-2
428	428	-2
429	429	2
430	430	2
431	431	-2
432	432	2
433	433	2
434	434	-2
435	435	-2
436	436	2
437	437	2
438	438	2
439	439	2
440	440	-2
441	441	2
442	442	-2
443	443	2
444	444	-2
445	445	2
446	446	-2
447	447	2
448	448	2
1	51	1
1	117	1
1	118	1
1	188	1
1	212	1
1	215	1
1	231	2
1	325	2
1	410	2
2	3	1
2	9	1
2	45	1
2	100	1
2	155	1
2	200	1
2	257	2
2	266	-2
2	276	-2
3	81	1
3	131	1
3	171	1
3	198	1
3	200	1
3	257	2
3	308	-2
3	328	2
4	79	1
4	96	1
4	98	1
4	112	1
4	124	1
4	184	1
4	323	-2
4	354	2
4	375	-2
5	32	1
5	76	1
5	126	1
5	134	1
5	175	1
5	218	1
5	278	-2
5	361	2
5	420	-2
6	20	1
6	97	1
6	115	1
6	123	1
6	195	1
6	202	1
6	283	2
6	288	2
6	408	2
7	43	1
7	73	1
7	86	1
7	106	1
7	156	1
7	189	1
7	330	2
7	360	2
7	438	-2
8	21	1
8	42	1
8	54	1
8	74	1
8	124	1
8	154	1
8	241	2
8	245	-2
8	440	2
9	16	1
9	45	1
9	160	1
9	161	1
9	164	1
9	276	-2
9	424	-2
9	431	2
10	32	1
10	66	1
10	99	1
10	138	1
10	198	1
10	200	1
10	259	-2
10	277	2
10	389	-2
11	44	1
11	80	1
11	170	1
11	177	2
11	203	1
11	244	-2
11	271	2
11	341	2
12	50	1
12	76	1
12	140	1
12	152	1
12	170	1
12	193	1
12	281	-2
12	292	-2
12	367	2
13	68	1
13	84	1
13	148	1
13	153	1
13	183	1
13	184	1
13	317	-2
13	337	-2
13	340	-2
14	22	1
14	70	1
14	80	1
14	84	1
14	107	1
14	129	1
14	380	2
14	396	-2
14	412	2
15	31	1
15	85	1
15	94	1
15	95	1
15	143	1
15	205	1
15	268	2
15	343	2
15	407	-2
16	48	1
16	96	1
16	110	1
16	164	1
16	165	1
16	235	2
16	394	-2
16	424	-2
17	35	1
17	53	1
17	137	1
17	157	1
17	164	1
17	167	1
17	345	2
17	358	-2
17	395	-2
18	53	1
18	58	1
18	126	1
18	190	1
18	195	1
18	206	1
18	232	2
18	413	-2
18	446	2
19	90	1
19	97	1
19	104	1
19	105	1
19	141	1
19	211	1
19	251	2
19	252	-2
19	335	2
20	58	1
20	92	1
20	100	1
20	123	1
20	220	1
20	288	2
20	351	-2
20	372	2
21	30	1
21	54	1
21	82	1
21	83	1
21	123	1
21	241	2
21	295	2
21	436	2
22	40	1
22	46	1
22	80	1
22	123	1
22	180	1
22	290	2
22	398	2
22	412	2
23	28	1
23	42	1
23	121	1
23	146	1
23	149	1
23	210	1
23	366	2
23	399	-2
23	426	2
24	55	1
24	61	1
24	71	1
24	143	1
24	211	1
24	220	1
24	226	-2
24	363	-2
24	434	2
25	54	1
25	59	1
25	64	1
25	71	1
25	87	1
25	218	1
25	246	-2
25	315	2
25	415	2
26	119	1
26	156	1
26	158	1
26	203	1
26	210	1
26	221	1
26	239	2
26	279	2
26	309	2
27	39	1
27	90	1
27	92	1
27	117	1
27	143	1
27	213	1
27	316	-2
27	319	-2
27	322	2
28	67	1
28	75	1
28	149	1
28	181	1
28	204	1
28	247	-2
28	370	2
28	399	-2
29	56	1
29	74	1
29	88	1
29	117	1
29	148	1
29	196	1
29	342	2
29	405	-2
29	429	2
30	78	1
30	83	1
30	113	1
30	199	1
30	224	1
30	295	2
30	374	-2
30	439	-2
31	90	1
31	95	1
31	139	1
31	179	1
31	219	1
31	333	2
31	343	2
31	387	2
32	45	1
32	134	1
32	165	1
32	200	1
32	310	-2
32	361	2
32	389	-2
33	79	1
33	86	1
33	91	1
33	101	1
33	151	1
33	186	1
33	240	-2
33	362	2
33	423	2
34	60	1
34	112	1
34	120	1
34	169	1
34	174	1
34	223	1
34	262	2
34	300	-2
34	427	-2
35	93	1
35	102	1
35	107	1
35	136	1
35	164	1
35	347	2
35	358	-2
35	417	2
36	41	1
36	111	1
36	141	2
36	175	1
36	186	1
36	286	2
36	428	-2
36	444	-2
37	92	1
37	109	2
37	130	1
37	168	1
37	222	1
37	243	-2
37	250	2
37	275	2
38	49	1
38	64	1
38	91	1
38	171	1
38	203	1
38	209	1
38	261	2
38	282	-2
38	403	2
39	70	1
39	90	1
39	110	1
39	146	1
39	196	1
39	248	-2
39	319	-2
39	400	2
40	46	1
40	67	1
40	139	1
40	174	1
40	217	1
40	270	2
40	398	2
40	422	2
41	64	1
41	121	1
41	134	1
41	141	1
41	194	1
41	267	2
41	442	-2
41	444	-2
42	74	1
42	104	1
42	121	1
42	155	1
42	245	-2
42	366	2
42	381	2
43	77	1
43	78	1
43	144	1
43	189	1
43	216	1
43	330	2
43	355	-2
43	391	-2
44	136	1
44	149	1
44	177	2
44	202	1
44	228	-2
44	332	2
44	341	2
45	53	1
45	74	1
45	165	1
45	276	-2
45	310	-2
45	409	-2
46	98	1
46	126	1
46	215	1
46	217	1
46	236	2
46	263	-2
46	398	2
47	103	1
47	106	1
47	109	1
47	132	1
47	174	1
47	224	1
47	230	-2
47	379	-2
47	416	2
48	59	1
48	96	1
48	146	1
48	185	1
48	189	1
48	235	2
48	378	2
48	401	-2
49	106	1
49	144	1
49	173	1
49	181	1
49	209	1
49	377	2
49	402	2
49	403	2
50	52	1
50	76	1
50	122	1
50	167	1
50	207	1
50	292	-2
50	303	-2
50	430	2
51	65	1
51	118	1
51	162	1
51	176	1
51	214	1
51	329	-2
51	346	-2
51	410	2
52	56	1
52	119	1
52	167	1
52	188	1
52	222	1
52	237	2
52	406	-2
52	430	2
53	58	1
53	74	1
53	157	1
53	395	-2
53	409	-2
53	413	-2
54	64	1
54	161	1
54	179	1
54	241	2
54	315	2
54	327	2
55	61	1
55	88	1
55	89	1
55	201	1
55	216	1
55	226	-2
55	359	2
55	437	2
56	111	1
56	165	1
56	188	1
56	196	1
56	258	2
56	405	-2
56	406	-2
57	99	1
57	118	1
57	131	1
57	172	1
57	187	1
57	211	1
57	229	-2
57	260	2
57	448	2
58	100	1
58	107	1
58	150	1
58	351	-2
58	413	-2
58	421	2
59	105	1
59	189	1
59	216	1
59	218	1
59	246	-2
59	353	2
59	378	2
60	78	1
60	120	1
60	121	1
60	156	1
60	221	1
60	227	-2
60	296	2
60	300	-2
61	95	1
61	132	1
61	182	1
61	192	1
61	226	-2
61	285	2
61	414	-2
62	71	1
62	93	1
62	104	1
62	134	1
62	163	1
62	201	1
62	269	-2
62	307	-2
62	338	-2
63	65	1
63	145	1
63	147	1
63	188	1
63	198	1
63	205	1
63	291	2
63	313	2
63	418	-2
64	121	1
64	171	1
64	261	2
64	267	2
64	315	2
65	176	1
65	198	1
65	209	1
65	214	1
65	313	2
65	329	-2
65	369	2
66	159	1
66	186	1
66	189	1
66	198	1
66	224	1
66	255	2
66	277	2
66	388	2
67	75	1
67	100	1
67	108	1
67	174	1
67	274	2
67	370	2
67	422	2
68	95	1
68	120	1
68	169	1
68	184	1
68	199	1
68	272	2
68	337	-2
68	383	-2
69	84	1
69	135	2
69	142	1
69	145	1
69	163	1
69	265	-2
69	324	2
69	425	2
70	107	1
70	114	1
70	160	1
70	196	1
70	314	2
70	396	-2
70	400	2
71	87	1
71	201	1
71	211	1
71	269	-2
71	415	2
71	434	2
72	85	1
72	86	1
72	133	1
72	158	1
72	204	1
72	208	1
72	233	2
72	256	-2
72	294	-2
73	79	1
73	83	1
73	103	1
73	106	1
73	115	1
73	302	-2
73	360	2
73	386	-2
74	148	1
74	245	-2
74	342	2
74	409	-2
75	136	1
75	144	1
75	149	1
75	223	1
75	253	2
75	364	2
75	370	2
76	126	1
76	197	1
76	219	1
76	292	-2
76	382	2
76	420	-2
77	78	1
77	137	1
77	180	1
77	190	1
77	210	1
77	334	-2
77	352	2
77	391	-2
78	121	1
78	224	1
78	296	2
78	374	-2
78	391	-2
79	83	1
79	101	1
79	124	1
79	302	-2
79	354	2
79	362	2
80	127	1
80	159	1
80	170	1
80	271	2
80	312	-2
80	412	2
81	112	1
81	183	1
81	194	1
81	198	1
81	206	1
81	298	2
81	328	2
81	419	2
82	123	1
82	163	1
82	166	1
82	184	1
82	214	1
82	289	2
82	432	-2
82	436	2
83	114	1
83	153	1
83	295	2
83	302	-2
83	435	2
84	129	1
84	148	1
84	163	1
84	317	-2
84	380	2
84	425	2
85	116	1
85	128	1
85	133	1
85	205	1
85	256	-2
85	268	2
85	350	-2
86	156	1
86	158	1
86	186	1
86	294	-2
86	423	2
86	438	-2
87	129	1
87	206	1
87	207	1
87	220	1
87	273	-2
87	415	2
87	433	2
88	103	1
88	117	1
88	172	1
88	216	1
88	301	-2
88	429	2
88	437	2
89	147	1
89	162	1
89	166	1
89	201	1
89	217	1
89	280	-2
89	357	2
89	359	2
90	139	1
90	211	1
90	319	-2
90	333	2
90	335	2
91	128	1
91	151	1
91	193	1
91	203	1
91	240	-2
91	254	2
91	282	-2
92	130	1
92	143	1
92	220	1
92	243	-2
92	322	2
92	372	2
93	104	1
93	136	1
93	155	1
93	168	1
93	307	-2
93	347	2
93	393	-2
94	110	1
94	114	1
94	143	1
94	185	1
94	213	1
94	321	-2
94	326	-2
94	407	-2
95	120	1
95	132	1
95	272	2
95	343	2
95	414	-2
96	112	1
96	168	1
96	199	1
96	235	2
96	375	-2
96	404	-2
97	128	1
97	140	1
97	141	1
97	195	1
97	252	-2
97	408	2
97	443	-2
98	178	1
98	184	1
98	197	1
98	215	1
98	236	2
98	242	2
98	323	-2
99	138	1
99	151	1
99	152	1
99	187	1
99	229	-2
99	259	-2
99	331	2
100	108	1
100	155	1
100	266	-2
100	274	2
100	351	-2
101	108	1
101	122	1
101	161	1
101	179	1
101	362	2
101	368	-2
101	373	2
102	107	1
102	160	1
102	172	1
102	196	1
102	212	1
102	287	2
102	304	2
102	417	2
103	115	1
103	172	1
103	224	1
103	301	-2
103	379	-2
103	386	-2
104	105	1
104	155	1
104	251	2
104	307	-2
104	381	2
105	151	1
105	154	1
105	216	1
105	234	-2
105	251	2
105	353	2
106	174	1
106	181	1
106	230	-2
106	360	2
106	377	2
107	150	1
107	396	-2
107	417	2
107	421	2
108	138	1
108	170	1
108	179	1
108	274	2
108	306	2
108	373	2
109	132	1
109	168	1
109	222	1
109	250	2
109	275	2
109	416	2
110	146	1
110	165	1
110	185	1
110	248	-2
110	321	-2
110	394	-2
111	165	1
111	171	1
111	175	1
111	207	1
111	258	2
111	286	2
111	445	2
112	206	1
112	223	1
112	375	-2
112	419	2
112	427	-2
113	125	1
113	133	1
113	142	1
113	167	1
113	199	1
113	293	-2
113	365	2
113	439	-2
114	153	1
114	160	1
114	213	1
114	314	2
114	326	-2
114	435	2
115	190	1
115	192	1
115	202	1
115	283	2
115	356	-2
115	386	-2
116	128	1
116	148	1
116	176	1
116	181	1
116	200	1
116	238	-2
116	318	-2
116	350	-2
117	188	1
117	213	1
117	231	2
117	316	-2
117	429	2
118	125	1
118	131	1
118	140	1
118	260	2
118	390	-2
118	410	2
119	131	1
119	150	1
119	156	1
119	222	1
119	237	2
119	305	-2
119	309	2
120	154	1
120	180	1
120	272	2
120	300	-2
120	339	-2
121	267	2
121	296	2
121	366	2
122	129	1
122	153	1
122	161	1
122	207	1
122	303	-2
122	368	-2
122	385	-2
123	180	1
123	288	2
123	290	2
123	436	2
124	154	1
124	164	1
124	219	1
124	344	2
124	354	2
124	440	2
125	133	1
125	140	1
125	162	1
125	191	1
125	311	2
125	365	2
125	390	-2
126	195	1
126	217	1
126	232	2
126	263	-2
126	420	-2
127	159	1
127	173	1
127	182	1
127	209	1
127	212	1
127	249	-2
127	297	2
127	312	-2
128	140	1
128	193	1
128	254	2
128	350	-2
128	443	-2
129	153	1
129	207	1
129	273	-2
129	380	2
129	385	-2
130	138	1
130	157	1
130	166	1
130	222	1
130	243	-2
130	264	2
130	384	2
131	150	1
131	171	1
131	260	2
131	305	-2
131	308	-2
132	135	1
132	208	1
132	336	-2
132	414	-2
132	416	2
133	152	1
133	182	1
133	256	-2
133	365	2
133	371	2
134	163	1
134	194	1
134	338	-2
134	361	2
134	442	-2
135	142	1
135	145	1
135	208	1
135	265	-2
135	324	2
135	336	-2
136	149	1
136	177	1
136	332	2
136	347	2
136	364	2
137	145	1
137	167	1
137	178	1
137	190	1
137	334	-2
137	345	2
137	349	-2
138	170	1
138	222	1
138	259	-2
138	306	2
138	384	2
139	187	1
139	217	1
139	218	1
139	270	2
139	299	2
139	333	2
140	193	1
140	367	2
140	390	-2
140	443	-2
141	186	1
141	252	-2
141	428	-2
141	444	-2
142	167	1
142	175	1
142	183	1
142	293	-2
142	324	2
142	397	-2
143	220	1
143	322	2
143	363	-2
143	407	-2
144	173	1
144	216	1
144	223	1
144	253	2
144	355	-2
144	402	2
145	178	1
145	205	1
145	265	-2
145	349	-2
145	418	-2
146	185	1
146	210	1
146	248	-2
146	401	-2
146	426	2
147	150	1
147	158	1
147	166	1
147	188	1
147	291	2
147	357	2
147	411	2
148	181	1
148	317	-2
148	318	-2
148	342	2
149	202	1
149	228	-2
149	364	2
149	399	-2
150	158	1
150	305	-2
150	411	2
150	421	2
151	152	1
151	154	1
151	234	-2
151	240	-2
151	331	2
152	170	1
152	182	1
152	281	-2
152	331	2
152	371	2
153	183	1
153	340	-2
153	385	-2
153	435	2
154	180	1
154	234	-2
154	339	-2
154	440	2
155	168	1
155	266	-2
155	381	2
155	393	-2
156	221	1
156	227	-2
156	309	2
156	438	-2
157	166	1
157	191	1
157	194	1
157	264	2
157	392	2
157	395	-2
158	221	1
158	279	2
158	294	-2
158	411	2
159	191	1
159	214	1
159	224	1
159	225	-2
159	255	2
159	312	-2
160	161	1
160	172	1
160	287	2
160	314	2
160	431	2
161	179	1
161	327	2
161	368	-2
161	431	2
162	176	1
162	191	1
162	217	1
162	280	-2
162	311	2
162	346	-2
163	214	1
163	289	2
163	338	-2
163	425	2
164	219	1
164	344	2
164	358	-2
164	424	-2
165	258	2
165	310	-2
165	394	-2
166	184	1
166	264	2
166	357	2
166	432	-2
167	293	-2
167	345	2
167	430	2
168	199	1
168	250	2
168	393	-2
168	404	-2
169	174	1
169	195	1
169	199	1
169	201	1
169	262	2
169	320	2
169	383	-2
170	271	2
170	281	-2
170	306	2
171	207	1
171	261	2
171	308	-2
171	445	2
172	211	1
172	287	2
172	301	-2
172	448	2
173	202	1
173	212	1
173	221	1
173	249	-2
173	402	2
173	441	-2
174	230	-2
174	262	2
174	422	2
175	183	1
175	218	1
175	278	-2
175	286	2
175	397	-2
176	200	1
176	209	1
176	238	-2
176	346	-2
176	369	2
177	203	1
177	244	-2
177	332	2
177	341	2
178	187	1
178	197	1
178	205	1
178	242	2
178	349	-2
178	376	-2
179	219	1
179	327	2
179	373	2
179	387	2
180	210	1
180	290	2
180	339	-2
180	352	2
181	204	1
181	247	-2
181	318	-2
181	377	2
182	192	1
182	209	1
182	285	2
182	297	2
182	371	2
183	194	1
183	298	2
183	340	-2
183	397	-2
184	323	-2
184	337	-2
184	432	-2
185	204	1
185	213	1
185	284	-2
185	321	-2
185	401	-2
186	189	1
186	388	2
186	423	2
186	428	-2
187	205	1
187	218	1
187	229	-2
187	299	2
187	376	-2
188	231	2
188	291	2
188	406	-2
189	330	2
189	378	2
189	388	2
190	192	1
190	206	1
190	334	-2
190	356	-2
190	446	2
191	194	1
191	214	1
191	225	-2
191	311	2
191	392	2
192	208	1
192	223	1
192	285	2
192	348	-2
192	356	-2
193	197	1
193	215	1
193	254	2
193	367	2
193	447	2
194	298	2
194	392	2
194	442	-2
195	201	1
195	232	2
195	320	2
195	408	2
196	212	1
196	304	2
196	400	2
196	405	-2
197	215	1
197	219	1
197	242	2
197	382	2
197	447	2
198	277	2
198	313	2
198	328	2
199	383	-2
199	404	-2
199	439	-2
200	238	-2
200	257	2
200	389	-2
201	269	-2
201	320	2
201	359	2
202	221	1
202	228	-2
202	283	2
202	441	-2
203	210	1
203	239	2
203	244	-2
203	282	-2
204	208	1
204	213	1
204	233	2
204	247	-2
204	284	-2
205	268	2
205	376	-2
205	418	-2
206	220	1
206	419	2
206	433	2
206	446	2
207	273	-2
207	303	-2
207	445	2
208	223	1
208	233	2
208	336	-2
208	348	-2
209	297	2
209	369	2
209	403	2
210	239	2
210	352	2
210	426	2
211	335	2
211	434	2
211	448	2
212	215	1
212	249	-2
212	304	2
212	325	2
213	284	-2
213	316	-2
213	326	-2
214	225	-2
214	289	2
214	329	-2
215	236	2
215	325	2
215	447	2
216	353	2
216	355	-2
216	437	2
217	263	-2
217	270	2
217	280	-2
218	246	-2
218	278	-2
218	299	2
219	344	2
219	382	2
219	387	2
220	363	-2
220	372	2
220	433	2
221	227	-2
221	279	2
221	441	-2
222	237	2
222	275	2
222	384	2
223	253	2
223	348	-2
223	427	-2
224	255	2
224	374	-2
224	379	-2
