1	1	1
2	2	1
3	3	-1
4	4	1
5	5	1
6	6	1
7	7	-3
8	8	3
9	9	1
10	10	1
11	11	-1
12	12	-1
13	13	-1
14	14	1
15	15	-1
16	16	1
17	17	1
18	18	3
19	19	1
20	20	1
21	21	-1
22	22	-1
23	23	-1
24	24	-1
25	25	3
26	26	1
27	27	3
28	28	1
29	29	1
30	30	3
31	31	3
32	32	-1
33	33	3
34	34	-1
35	35	-1
36	36	1
37	37	1
38	38	1
39	39	-1
40	40	-1
41	41	-1
42	42	-1
43	43	-3
44	44	-1
45	45	-3
46	46	1
47	47	-1
48	48	-1
49	49	3
50	50	1
51	51	-1
52	52	-3
53	53	1
54	54	1
55	55	1
56	56	3
57	57	-3
58	58	1
59	59	1
60	60	1
61	61	1
62	62	1
63	63	-1
64	64	1
65	65	-1
66	66	3
67	67	1
68	68	1
69	69	-1
70	70	1
71	71	-1
72	72	1
73	73	1
74	74	-3
75	75	-3
76	76	1
77	77	-1
78	78	1
79	79	-1
80	80	-1
81	81	-1
82	82	-1
83	83	1
84	84	1
85	85	-1
86	86	1
87	87	-1
88	88	-3
89	89	3
90	90	-3
91	91	1
92	92	1
93	93	-1
94	94	1
95	95	1
96	96	-3
97	97	-3
98	98	1
99	99	-3
100	100	1
101	101	-1
102	102	1
103	103	-3
104	104	-1
105	105	3
106	106	3
107	107	-1
108	108	1
109	109	-1
110	110	-3
111	111	1
112	112	1
113	113	-1
114	114	-1
115	115	3
116	116	1
117	117	-1
118	118	1
119	119	-1
120	120	1
121	121	1
122	122	-1
123	123	-1
124	124	1
125	125	1
126	126	3
127	127	-1
128	128	1
129	129	1
130	130	-1
131	131	1
132	132	1
133	133	1
134	134	1
135	135	3
136	136	1
137	137	1
138	138	-1
139	139	3
140	140	1
141	141	-1
142	142	1
143	143	3
144	144	-3
145	145	-1
146	146	1
147	147	3
148	148	-1
149	149	-1
150	150	1
151	151	-1
152	152	-1
153	153	1
154	154	1
155	155	1
156	156	-1
157	157	-1
158	158	-1
159	159	1
160	160	-1
161	161	-3
162	162	-3
163	163	-1
164	164	1
165	165	-1
166	166	1
167	167	-1
168	168	1
169	169	-3
170	170	-1
171	171	-1
172	172	-1
173	173	3
174	174	1
175	175	-1
176	176	-1
177	177	2
178	178	-2
179	179	2
180	180	2
181	181	2
182	182	-2
183	183	-2
184	184	-2
185	185	-2
186	186	-2
187	187	-2
188	188	-2
189	189	-2
190	190	-2
191	191	2
192	192	-2
193	193	2
194	194	2
195	195	2
196	196	-2
197	197	2
198	198	2
199	199	2
200	200	2
201	201	2
202	202	-2
203	203	-2
204	204	2
205	205	-2
206	206	-2
207	207	2
208	208	-2
209	209	2
210	210	2
211	211	2
212	212	-2
213	213	-2
214	214	-2
215	215	2
216	216	2
217	217	2
218	218	-2
219	219	2
220	220	-2
221	221	-2
222	222	-2
223	223	-2
224	224	2
225	225	2
226	226	-2
227	227	-2
228	228	2
229	229	2
230	230	2
231	231	2
232	232	-2
233	233	-2
234	234	2
235	235	2
236	236	-2
237	237	2
238	238	-2
239	239	-2
240	240	-2
241	241	-2
242	242	-2
243	243	2
244	244	-2
245	245	2
246	246	-2
247	247	-2
248	248	2
249	249	2
250	250	2
251	251	2
252	252	2
253	253	2
254	254	-2
255	255	-2
256	256	2
257	257	2
258	258	2
259	259	2
260	260	2
261	261	2
262	262	2
263	263	2
264	264	-2
265	265	-2
266	266	2
267	267	-2
268	268	2
269	269	2
270	270	-2
271	271	2
272	272	-2
273	273	2
274	274	2
275	275	2
276	276	2
277	277	2
278	278	-2
279	279	2
280	280	2
281	281	-2
282	282	2
283	283	2
284	284	2
285	285	2
286	286	-2
287	287	-2
288	288	2
289	289	-2
290	290	-2
291	291	-2
292	292	-2
293	293	-2
294	294	2
295	295	-2
296	296	2
297	297	2
298	298	-2
299	299	-2
300	300	-2
301	301	2
302	302	-2
303	303	-2
304	304	2
305	305	-2
306	306	2
307	307	-2
308	308	-2
309	309	2
310	310	-2
311	311	-2
312	312	-2
313	313	-2
314	314	-2
315	315	-2
316	316	2
317	317	-2
318	318	2
319	319	-2
320	320	2
321	321	2
322	322	-2
323	323	2
324	324	-2
325	325	2
326	326	2
327	327	-2
328	328	2
329	329	2
330	330	2
331	331	2
332	332	2
333	333	-2
334	334	-2
335	335	-2
336	336	2
337	337	2
338	338	2
339	339	2
340	340	2
341	341	2
342	342	-2
343	343	2
344	344	-2
345	345	2
346	346	-2
347	347	-2
348	348	-2
349	349	-2
350	350	-2
351	351	-2
352	352	2
1	11	1
1	37	1
1	51	1
1	150	1
1	152	1
1	168	1
1	229	2
1	242	-2
1	282	-2
2	83	1
2	84	1
2	125	1
2	139	1
2	167	1
2	171	1
2	227	-2
2	238	2
2	331	2
3	19	1
3	42	1
3	44	1
3	80	1
3	100	1
3	135	1
3	303	2
3	304	2
3	326	-2
4	22	1
4	34	1
4	49	1
4	68	1
4	85	1
4	163	1
4	178	-2
4	228	2
4	343	-2
5	9	1
5	14	1
5	26	1
5	50	1
5	72	1
5	91	1
5	265	2
5	284	2
5	301	2
6	20	1
6	47	1
6	52	1
6	61	1
6	101	1
6	114	1
6	191	-2
6	213	-2
6	235	2
7	22	1
7	71	1
7	99	1
7	125	1
7	138	1
7	149	1
7	221	2
7	250	-2
7	321	-2
8	25	1
8	31	1
8	49	1
8	64	1
8	112	1
8	117	1
8	180	2
8	317	-2
8	340	2
9	26	1
9	56	1
9	70	2
9	135	1
9	258	2
9	265	2
9	292	-2
10	42	1
10	47	1
10	57	1
10	92	1
10	108	1
10	150	1
10	215	2
10	256	2
10	320	-2
11	27	1
11	47	1
11	78	1
11	108	1
11	152	1
11	253	-2
11	282	-2
11	322	-2
12	15	1
12	22	1
12	32	1
12	33	1
12	94	1
12	169	1
12	194	2
12	217	-2
12	224	-2
13	39	1
13	79	1
13	102	1
13	113	1
13	132	1
13	162	1
13	216	-2
13	259	2
13	271	-2
14	50	1
14	51	1
14	61	1
14	154	1
14	159	1
14	301	2
14	341	2
14	349	2
15	33	1
15	61	1
15	98	1
15	110	1
15	175	1
15	194	2
15	205	2
15	269	-2
16	76	1
16	105	1
16	122	1
16	125	1
16	140	1
16	176	1
16	267	-2
16	307	-2
16	309	-2
17	86	1
17	101	1
17	106	1
17	116	1
17	147	1
17	173	1
17	206	2
17	278	-2
17	294	2
18	28	1
18	37	1
18	54	1
18	77	1
18	113	1
18	146	1
18	287	-2
18	318	2
18	330	2
19	42	1
19	65	1
19	94	1
19	111	1
19	143	1
19	185	-2
19	306	2
19	326	-2
20	67	1
20	79	1
20	111	1
20	114	1
20	124	1
20	235	2
20	328	2
20	347	2
21	28	1
21	31	1
21	41	1
21	139	1
21	145	1
21	162	1
21	233	-2
21	286	2
21	333	2
22	32	1
22	49	1
22	125	1
22	178	-2
22	224	-2
22	321	-2
23	43	1
23	57	1
23	60	1
23	102	1
23	109	1
23	168	1
23	200	-2
23	212	2
23	350	-2
24	29	2
24	45	1
24	134	1
24	140	1
24	158	1
24	223	-2
24	268	-2
24	345	-2
25	30	1
25	31	1
25	118	1
25	126	1
25	173	1
25	214	-2
25	218	-2
25	340	2
26	69	1
26	106	1
26	128	1
26	171	1
26	222	-2
26	262	2
26	265	2
27	32	1
27	67	1
27	85	1
27	108	1
27	137	1
27	230	2
27	249	2
27	322	-2
28	41	1
28	62	1
28	113	1
28	118	1
28	286	2
28	287	-2
28	319	-2
29	84	1
29	134	1
29	136	1
29	140	1
29	223	-2
29	302	-2
29	345	-2
30	40	1
30	78	1
30	95	1
30	126	1
30	147	1
30	218	-2
30	237	2
30	305	-2
31	107	1
31	115	1
31	139	1
31	233	-2
31	276	2
31	340	2
32	67	1
32	74	1
32	123	1
32	224	-2
32	249	2
32	339	-2
33	46	1
33	145	1
33	151	1
33	165	1
33	194	2
33	255	-2
33	336	2
34	70	1
34	71	1
34	77	1
34	163	1
34	170	1
34	228	2
34	244	2
34	325	-2
35	60	1
35	96	1
35	131	1
35	154	1
35	156	1
35	157	1
35	257	-2
35	323	2
35	337	-2
36	39	1
36	115	1
36	133	1
36	145	1
36	166	1
36	172	1
36	246	-2
36	308	2
36	327	-2
37	50	1
37	51	1
37	146	1
37	169	1
37	181	-2
37	229	2
37	318	2
38	58	2
38	73	1
38	129	1
38	155	1
38	174	1
38	239	2
38	254	-2
38	314	-2
39	81	1
39	100	1
39	113	1
39	133	1
39	196	2
39	216	-2
39	327	-2
40	84	1
40	95	1
40	149	1
40	153	1
40	161	1
40	261	-2
40	288	-2
40	305	-2
41	87	1
41	89	1
41	95	1
41	165	1
41	202	2
41	240	-2
41	286	2
42	57	1
42	94	1
42	166	1
42	210	2
42	320	-2
42	326	-2
43	51	1
43	57	1
43	73	1
43	130	1
43	157	1
43	183	2
43	208	2
43	212	2
44	56	1
44	80	1
44	120	1
44	143	1
44	146	1
44	266	2
44	285	-2
44	303	2
45	77	1
45	130	1
45	144	1
45	158	1
45	174	1
45	219	-2
45	268	-2
45	316	-2
46	99	1
46	105	1
46	124	1
46	144	1
46	145	1
46	245	2
46	255	-2
46	335	2
47	52	1
47	78	1
47	150	1
47	191	-2
47	253	-2
47	256	2
48	75	1
48	78	1
48	103	1
48	104	1
48	114	1
48	151	1
48	283	-2
48	293	2
48	329	2
49	64	1
49	126	1
49	157	1
49	178	-2
49	180	2
49	310	-2
50	89	1
50	155	1
50	169	1
50	181	-2
50	291	-2
50	301	2
51	73	1
51	154	1
51	183	2
51	229	2
51	349	2
52	88	2
52	101	1
52	162	1
52	191	-2
52	264	2
52	313	2
53	72	1
53	100	1
53	119	1
53	121	1
53	151	1
53	172	1
53	204	2
53	248	2
53	334	2
54	77	1
54	92	1
54	96	1
54	137	1
54	154	1
54	203	2
54	220	-2
54	330	2
55	57	1
55	93	1
55	129	1
55	146	1
55	168	1
55	174	1
55	232	-2
55	275	2
55	300	2
56	70	1
56	116	1
56	143	1
56	175	1
56	201	2
56	258	2
56	266	2
57	93	1
57	212	2
57	300	2
57	320	-2
58	73	1
58	93	1
58	130	1
58	155	1
58	239	2
58	254	-2
58	260	2
59	63	1
59	86	1
59	98	1
59	103	1
59	132	1
59	166	1
59	186	2
59	311	-2
59	346	-2
60	65	1
60	109	1
60	134	1
60	154	1
60	323	2
60	344	2
60	350	-2
61	98	1
61	101	1
61	159	1
61	205	2
61	213	-2
61	341	2
62	68	1
62	107	1
62	109	1
62	118	1
62	164	1
62	199	-2
62	289	-2
62	319	-2
63	96	1
63	104	1
63	110	1
63	132	1
63	169	1
63	187	2
63	188	2
63	311	-2
64	66	1
64	97	1
64	121	1
64	167	1
64	180	2
64	312	2
64	332	2
65	74	1
65	94	1
65	122	1
65	134	1
65	185	-2
65	290	2
65	344	2
66	121	1
66	122	1
66	141	1
66	142	1
66	170	1
66	192	-2
66	234	2
66	332	2
67	69	1
67	79	1
67	138	1
67	249	2
67	272	2
67	328	2
68	85	1
68	124	1
68	142	1
68	164	1
68	209	2
68	289	-2
68	343	-2
69	79	1
69	106	1
69	138	1
69	152	1
69	207	-2
69	262	2
69	272	2
70	71	1
70	135	1
70	244	2
70	258	2
70	292	-2
71	115	1
71	127	1
71	149	1
71	244	2
71	247	-2
71	250	-2
72	91	1
72	100	1
72	108	1
72	117	1
72	195	-2
72	204	2
72	284	2
73	91	1
73	167	1
73	183	2
73	190	-2
73	254	-2
74	82	1
74	99	1
74	122	1
74	123	1
74	270	2
74	290	2
74	339	-2
75	151	1
75	156	1
75	160	1
75	164	1
75	176	1
75	283	-2
75	296	-2
75	298	2
76	114	1
76	125	1
76	128	1
76	141	1
76	160	1
76	182	2
76	241	-2
76	267	-2
77	170	1
77	174	1
77	219	-2
77	325	-2
77	330	2
78	104	1
78	147	1
78	237	2
78	253	-2
78	329	2
79	152	1
79	162	1
79	207	-2
79	271	-2
79	328	2
80	81	1
80	88	1
80	91	1
80	149	1
80	225	-2
80	252	2
80	303	2
81	100	1
81	109	1
81	149	1
81	165	1
81	196	2
81	252	2
81	263	-2
82	99	1
82	102	1
82	103	1
82	134	1
82	172	1
82	189	2
82	211	2
82	270	2
83	87	1
83	95	1
83	132	1
83	139	1
83	156	1
83	277	2
83	280	-2
83	331	2
84	125	1
84	136	1
84	153	1
84	227	-2
84	288	-2
84	302	-2
85	104	1
85	113	1
85	137	1
85	230	2
85	343	-2
85	352	-2
86	98	1
86	106	1
86	123	1
86	161	1
86	294	2
86	295	2
86	346	-2
87	97	1
87	136	1
87	156	1
87	165	1
87	202	2
87	236	2
87	277	2
88	91	1
88	101	1
88	162	1
88	225	-2
88	264	2
88	313	2
89	95	1
89	135	1
89	155	1
89	173	1
89	240	-2
89	291	-2
89	338	2
90	110	1
90	118	1
90	121	1
90	127	1
90	142	1
90	158	1
90	177	-2
90	243	-2
90	297	-2
91	167	1
91	190	-2
91	225	-2
91	284	2
92	96	1
92	108	1
92	138	1
92	164	1
92	203	2
92	215	2
92	281	-2
93	107	1
93	130	1
93	163	1
93	260	2
93	274	-2
93	300	2
94	166	1
94	169	1
94	185	-2
94	210	2
94	217	-2
95	132	1
95	240	-2
95	280	-2
95	305	-2
96	156	1
96	169	1
96	188	2
96	203	2
96	337	-2
97	136	1
97	160	1
97	161	1
97	167	1
97	193	-2
97	236	2
97	312	2
98	153	1
98	176	1
98	205	2
98	342	-2
98	346	-2
99	138	1
99	144	1
99	221	2
99	270	2
99	335	2
100	135	1
100	196	2
100	204	2
100	304	2
101	116	1
101	206	2
101	213	-2
101	313	2
102	132	1
102	134	1
102	168	1
102	200	-2
102	211	2
102	259	2
103	114	1
103	166	1
103	172	1
103	186	2
103	189	2
103	293	2
104	110	1
104	113	1
104	187	2
104	329	2
104	352	-2
105	124	1
105	126	1
105	139	1
105	140	1
105	245	2
105	307	-2
105	348	-2
106	133	1
106	140	1
106	198	2
106	262	2
106	294	2
107	109	1
107	115	1
107	163	1
107	199	-2
107	274	-2
107	276	2
108	117	1
108	195	-2
108	215	2
108	322	-2
109	165	1
109	199	-2
109	263	-2
109	350	-2
110	127	1
110	175	1
110	187	2
110	269	-2
110	297	-2
111	124	1
111	131	1
111	143	1
111	158	1
111	197	2
111	306	2
111	347	2
112	117	1
112	127	1
112	131	1
112	133	1
112	155	1
112	179	2
112	231	-2
112	317	-2
113	216	-2
113	287	-2
113	352	-2
114	141	1
114	182	2
114	235	2
114	293	2
115	127	1
115	166	1
115	246	-2
115	247	-2
115	276	2
116	119	1
116	148	1
116	175	1
116	201	2
116	206	2
116	226	-2
117	119	1
117	163	1
117	195	-2
117	315	2
117	317	-2
118	121	1
118	173	1
118	214	-2
118	243	-2
118	319	-2
119	148	1
119	151	1
119	163	1
119	226	-2
119	315	2
119	334	2
120	123	1
120	143	1
120	146	1
120	147	1
120	153	1
120	251	2
120	279	2
120	285	-2
121	172	1
121	243	-2
121	248	2
121	332	2
122	142	1
122	176	1
122	234	2
122	290	2
122	309	-2
123	143	1
123	161	1
123	251	2
123	295	2
123	339	-2
124	142	1
124	209	2
124	245	2
124	347	2
125	227	-2
125	267	-2
125	321	-2
126	139	1
126	157	1
126	218	-2
126	310	-2
126	348	-2
127	133	1
127	231	-2
127	247	-2
127	297	-2
128	148	1
128	160	1
128	171	2
128	222	-2
128	241	-2
128	299	2
129	146	1
129	159	1
129	170	1
129	174	1
129	232	-2
129	273	-2
129	314	-2
130	144	1
130	157	1
130	208	2
130	260	2
130	316	-2
131	155	1
131	157	1
131	158	1
131	179	2
131	197	2
131	257	-2
132	259	2
132	280	-2
132	311	-2
133	140	1
133	198	2
133	231	-2
133	327	-2
134	211	2
134	223	-2
134	344	2
135	173	1
135	292	-2
135	304	2
135	338	2
136	152	1
136	159	1
136	184	-2
136	236	2
136	302	-2
137	141	1
137	150	1
137	154	1
137	220	-2
137	230	2
137	351	2
138	164	1
138	221	2
138	272	2
138	281	-2
139	233	-2
139	331	2
139	348	-2
140	198	2
140	307	-2
140	345	-2
141	150	1
141	170	1
141	182	2
141	192	-2
141	351	2
142	158	1
142	177	-2
142	209	2
142	234	2
143	251	2
143	266	2
143	306	2
144	148	1
144	175	1
144	316	-2
144	324	2
144	335	2
145	162	1
145	172	1
145	255	-2
145	308	2
145	333	2
146	232	-2
146	285	-2
146	318	2
147	153	1
147	173	1
147	237	2
147	278	-2
147	279	2
148	171	1
148	175	1
148	226	-2
148	299	2
148	324	2
149	161	1
149	250	-2
149	252	2
149	261	-2
150	168	1
150	242	-2
150	256	2
150	351	2
151	165	1
151	283	-2
151	334	2
151	336	2
152	159	1
152	184	-2
152	207	-2
152	282	-2
153	176	1
153	279	2
153	288	-2
153	342	-2
154	220	-2
154	323	2
154	349	2
155	179	2
155	239	2
155	291	-2
156	164	1
156	277	2
156	298	2
156	337	-2
157	208	2
157	257	-2
157	310	-2
158	177	-2
158	197	2
158	268	-2
159	170	1
159	184	-2
159	273	-2
159	341	2
160	161	1
160	176	1
160	193	-2
160	241	-2
160	296	-2
161	193	-2
161	261	-2
161	295	2
162	264	2
162	271	-2
162	333	2
163	228	2
163	274	-2
163	315	2
164	281	-2
164	289	-2
164	298	2
165	202	2
165	263	-2
165	336	2
166	186	2
166	210	2
166	246	-2
167	171	1
167	190	-2
167	238	2
167	312	2
168	174	1
168	200	-2
168	242	-2
168	275	2
169	181	-2
169	188	2
169	217	-2
170	192	-2
170	273	-2
170	325	-2
171	222	-2
171	238	2
171	299	2
172	189	2
172	248	2
172	308	2
173	214	-2
173	278	-2
173	338	2
174	219	-2
174	275	2
174	314	-2
175	201	2
175	269	-2
175	324	2
176	296	-2
176	309	-2
176	342	-2
