1	1	-1
2	2	1
3	3	1
4	4	-1
5	5	1
6	6	-1
7	7	3
8	8	-1
9	9	1
10	10	-1
11	11	3
12	12	1
13	13	1
14	14	1
15	15	1
16	16	-1
17	17	3
18	18	1
19	19	1
20	20	-1
21	21	1
22	22	3
23	23	-3
24	24	-3
25	25	1
26	26	-3
27	27	1
28	28	1
29	29	1
30	30	-1
31	31	1
32	32	-1
33	33	-1
34	34	1
35	35	1
36	36	-1
37	37	1
38	38	3
39	39	1
40	40	-1
41	41	1
42	42	3
43	43	1
44	44	-1
45	45	-1
46	46	1
47	47	1
48	48	1
49	49	-1
50	50	1
51	51	-1
52	52	-1
53	53	3
54	54	-1
55	55	-1
56	56	3
57	57	-1
58	58	-1
59	59	1
60	60	-1
61	61	1
62	62	-1
63	63	1
64	64	1
65	65	1
66	66	-1
67	67	1
68	68	1
69	69	-1
70	70	-1
71	71	3
72	72	-3
73	73	1
74	74	-1
75	75	-1
76	76	-3
77	77	1
78	78	1
79	79	-1
80	80	3
81	81	3
82	82	1
83	83	3
84	84	-1
85	85	1
86	86	3
87	87	1
88	88	-3
89	89	-3
90	90	1
91	91	1
92	92	1
93	93	-1
94	94	1
95	95	1
96	96	1
97	97	1
98	98	-3
99	99	1
100	100	3
101	101	1
102	102	1
103	103	-1
104	104	3
105	105	-1
106	106	3
107	107	-1
108	108	-3
109	109	3
110	110	1
111	111	1
112	112	1
113	113	1
114	114	1
115	115	1
116	116	-1
117	117	-1
118	118	1
119	119	1
120	120	3
121	121	1
122	122	-1
123	123	1
124	124	-1
125	125	1
126	126	1
127	127	-1
128	128	3
129	129	1
130	130	1
131	131	-1
132	132	1
133	133	-1
134	134	1
135	135	-3
136	136	-3
137	137	-2
138	138	-2
139	139	2
140	140	2
141	141	-2
142	142	-2
143	143	-2
144	144	-2
145	145	-2
146	146	-2
147	147	2
148	148	2
149	149	2
150	150	2
151	151	2
152	152	-2
153	153	2
154	154	-2
155	155	-2
156	156	2
157	157	-2
158	158	-2
159	159	-2
160	160	2
161	161	-2
162	162	2
163	163	2
164	164	2
165	165	-2
166	166	2
167	167	-2
168	168	2
169	169	2
170	170	2
171	171	2
172	172	2
173	173	2
174	174	-2
175	175	-2
176	176	-2
177	177	-2
178	178	2
179	179	2
180	180	-2
181	181	-2
182	182	-2
183	183	-2
184	184	2
185	185	-2
186	186	2
187	187	-2
188	188	2
189	189	2
190	190	2
191	191	-2
192	192	2
193	193	-2
194	194	2
195	195	2
196	196	2
197	197	-2
198	198	-2
199	199	2
200	200	2
201	201	2
202	202	2
203	203	-2
204	204	2
205	205	2
206	206	2
207	207	-2
208	208	2
209	209	2
210	210	-2
211	211	-2
212	212	2
213	213	2
214	214	-2
215	215	2
216	216	-2
217	217	2
218	218	-2
219	219	2
220	220	-2
221	221	-2
222	222	2
223	223	-2
224	224	-2
225	225	2
226	226	2
227	227	2
228	228	2
229	229	-2
230	230	-2
231	231	-2
232	232	2
233	233	-2
234	234	2
235	235	2
236	236	-2
237	237	-2
238	238	2
239	239	-2
240	240	2
241	241	-2
242	242	-2
243	243	2
244	244	-2
245	245	2
246	246	2
247	247	2
248	248	2
249	249	2
250	250	2
251	251	2
252	252	2
253	253	2
254	254	2
255	255	-2
256	256	-2
257	257	-2
258	258	2
259	259	2
260	260	2
261	261	2
262	262	2
263	263	-2
264	264	-2
265	265	2
266	266	2
267	267	-2
268	268	2
269	269	2
270	270	2
271	271	-2
272	272	2
1	4	1
1	27	1
1	72	1
1	93	1
1	113	1
1	117	1
1	176	2
1	218	2
1	223	-2
2	39	1
2	48	1
2	71	1
2	107	1
2	127	1
2	129	1
2	245	-2
2	248	2
2	267	-2
3	7	1
3	30	1
3	36	1
3	56	1
3	59	1
3	136	1
3	164	-2
3	167	-2
3	231	-2
4	32	1
4	70	1
4	79	1
4	94	1
4	117	1
4	219	-2
4	223	-2
4	239	2
5	6	1
5	37	1
5	38	1
5	39	1
5	53	1
5	108	1
5	185	-2
5	210	2
5	264	-2
6	30	1
6	35	1
6	42	1
6	44	1
6	108	1
6	159	-2
6	199	-2
6	210	2
7	19	2
7	59	1
7	63	1
7	128	1
7	231	-2
7	262	2
7	263	-2
8	26	1
8	66	1
8	67	1
8	87	1
8	91	1
8	99	1
8	182	2
8	214	2
8	232	2
9	25	1
9	43	1
9	49	1
9	73	1
9	90	1
9	100	1
9	183	2
9	189	2
9	270	2
10	25	1
10	58	1
10	84	1
10	85	1
10	106	1
10	112	1
10	139	2
10	179	-2
10	202	-2
11	13	1
11	14	1
11	42	1
11	78	1
11	96	1
11	102	1
11	144	-2
11	173	2
11	196	2
12	55	1
12	69	1
12	81	1
12	82	1
12	93	1
12	109	1
12	181	2
12	213	2
12	256	-2
13	14	1
13	57	1
13	92	1
13	128	1
13	136	1
13	144	-2
13	187	-2
13	253	-2
14	49	1
14	60	1
14	70	1
14	82	1
14	144	-2
14	201	2
14	237	2
15	37	1
15	93	1
15	99	1
15	108	1
15	127	1
15	135	1
15	162	2
15	188	2
15	249	-2
16	33	1
16	47	1
16	84	1
16	88	1
16	95	1
16	124	1
16	153	-2
16	209	-2
16	235	2
17	29	1
17	47	1
17	91	1
17	94	1
17	114	1
17	123	1
17	175	-2
17	225	2
17	260	2
18	20	1
18	55	1
18	83	1
18	85	1
18	122	1
18	133	1
18	184	2
18	212	2
18	266	-2
19	51	1
19	63	1
19	115	1
19	128	1
19	230	2
19	262	2
19	263	-2
20	58	1
20	74	1
20	85	1
20	101	1
20	136	1
20	138	2
20	184	2
20	238	-2
21	31	1
21	57	1
21	64	1
21	101	1
21	116	1
21	126	1
21	151	2
21	160	-2
21	259	2
22	29	1
22	31	1
22	58	1
22	90	1
22	105	1
22	112	1
22	194	2
22	198	-2
22	234	2
23	24	1
23	48	1
23	61	1
23	76	1
23	89	1
23	97	1
23	163	-2
23	217	-2
23	269	-2
24	41	1
24	76	1
24	87	1
24	89	1
24	117	1
24	163	-2
24	171	-2
24	224	2
25	38	1
25	58	1
25	90	1
25	113	1
25	178	2
25	189	2
25	202	-2
26	54	1
26	66	1
26	68	1
26	76	1
26	88	1
26	165	2
26	197	2
26	214	2
27	54	1
27	72	1
27	86	1
27	99	1
27	130	1
27	176	2
27	192	2
27	226	2
28	46	1
28	77	1
28	86	1
28	120	1
28	122	1
28	134	1
28	168	2
28	186	2
28	228	-2
29	31	1
29	96	1
29	114	1
29	116	1
29	175	-2
29	229	2
29	234	2
30	41	1
30	44	1
30	122	1
30	136	1
30	164	-2
30	199	-2
30	250	2
31	57	1
31	97	1
31	120	1
31	160	-2
31	207	-2
31	234	2
32	45	1
32	46	1
32	63	1
32	79	1
32	121	1
32	154	2
32	219	-2
32	251	2
33	53	1
33	74	1
33	79	1
33	111	1
33	124	1
33	209	-2
33	221	-2
33	272	-2
34	49	1
34	50	1
34	52	1
34	64	1
34	81	1
34	129	1
34	161	-2
34	166	2
34	268	-2
35	42	1
35	47	1
35	48	1
35	66	1
35	78	1
35	159	-2
35	203	-2
35	215	-2
36	37	1
36	56	1
36	64	1
36	110	1
36	111	1
36	143	2
36	167	-2
36	261	-2
37	38	1
37	64	1
37	99	1
37	143	2
37	162	2
37	264	-2
38	43	1
38	67	1
38	113	1
38	169	2
38	178	2
38	264	-2
39	53	1
39	71	1
39	116	1
39	123	1
39	146	2
39	185	-2
39	248	2
40	55	1
40	73	1
40	107	1
40	124	1
40	125	1
40	131	1
40	150	-2
40	206	-2
40	242	-2
41	65	1
41	109	1
41	117	1
41	122	1
41	224	2
41	240	2
41	250	2
42	75	1
42	102	1
42	104	1
42	159	-2
42	196	2
42	252	2
43	49	1
43	67	1
43	78	1
43	83	1
43	169	2
43	183	2
43	236	-2
44	59	1
44	89	1
44	117	1
44	120	1
44	157	-2
44	170	-2
44	199	-2
45	50	1
45	63	1
45	65	1
45	98	1
45	126	1
45	154	2
45	204	2
45	211	2
46	120	1
46	121	1
46	131	1
46	132	1
46	168	2
46	246	-2
46	251	2
47	78	1
47	91	1
47	95	1
47	215	-2
47	235	2
47	260	2
48	66	1
48	76	1
48	107	1
48	203	-2
48	217	-2
48	267	-2
49	64	1
49	70	1
49	166	2
49	183	2
49	237	2
50	52	1
50	81	1
50	86	1
50	126	1
50	141	-2
50	204	2
50	268	-2
51	107	1
51	115	1
51	119	1
51	125	1
51	130	1
51	147	-2
51	180	-2
51	230	2
52	69	1
52	74	1
52	79	1
52	118	1
52	156	2
52	254	-2
52	268	-2
53	71	1
53	111	1
53	134	1
53	185	-2
53	221	-2
53	257	-2
54	66	1
54	88	1
54	130	1
54	133	1
54	149	-2
54	165	2
54	226	2
55	83	1
55	93	1
55	124	1
55	181	2
55	206	-2
55	212	2
56	65	1
56	83	1
56	128	1
56	133	1
56	140	2
56	167	-2
56	172	2
57	68	1
57	84	1
57	136	1
57	160	-2
57	200	2
57	253	-2
58	74	1
58	112	1
58	194	2
58	202	-2
58	238	-2
59	75	1
59	120	1
59	125	1
59	157	-2
59	177	2
59	231	-2
60	62	1
60	77	1
60	82	2
60	98	1
60	201	2
60	205	-2
60	271	2
61	68	1
61	80	1
61	85	1
61	97	1
61	134	1
61	152	-2
61	258	2
61	269	-2
62	82	1
62	94	1
62	97	1
62	105	1
62	135	1
62	155	2
62	205	-2
62	233	-2
63	106	1
63	132	1
63	154	2
63	244	-2
63	262	2
64	126	1
64	143	2
64	151	2
64	166	2
65	98	1
65	109	1
65	128	1
65	140	2
65	211	2
65	240	2
66	133	1
66	149	-2
66	203	-2
66	214	2
67	87	1
67	92	1
67	99	1
67	169	2
67	182	2
67	208	2
68	76	1
68	84	1
68	134	1
68	152	-2
68	197	2
68	200	2
69	82	1
69	103	1
69	114	1
69	118	1
69	137	2
69	213	2
69	254	-2
70	94	1
70	104	1
70	121	1
70	222	2
70	237	2
70	239	2
71	96	1
71	110	1
71	134	1
71	243	2
71	248	2
71	257	-2
72	73	1
72	98	1
72	108	1
72	112	1
72	158	2
72	174	2
72	176	2
73	98	1
73	100	1
73	125	1
73	158	2
73	242	-2
73	270	2
74	79	2
74	156	2
74	238	-2
74	272	-2
75	90	1
75	104	1
75	125	1
75	127	1
75	177	2
75	241	2
75	252	2
76	87	1
76	171	-2
76	197	2
76	217	-2
77	80	1
77	86	1
77	98	1
77	100	1
77	186	2
77	193	-2
77	271	2
78	83	1
78	96	1
78	173	2
78	215	-2
78	236	-2
79	156	2
79	219	-2
79	272	-2
80	85	1
80	95	1
80	100	1
80	115	1
80	193	-2
80	216	-2
80	258	2
81	86	1
81	109	1
81	129	1
81	141	-2
81	161	-2
81	256	-2
82	201	2
82	205	-2
82	213	2
83	133	1
83	172	2
83	212	2
83	236	-2
84	85	1
84	88	1
84	153	-2
84	179	-2
84	200	2
85	179	-2
85	184	2
85	258	2
86	99	1
86	141	-2
86	186	2
86	192	2
87	91	1
87	92	1
87	171	-2
87	208	2
87	232	2
88	105	1
88	135	1
88	153	-2
88	165	2
88	191	2
89	102	1
89	117	1
89	130	1
89	148	-2
89	163	-2
89	170	-2
90	105	1
90	127	1
90	189	2
90	198	-2
90	241	2
91	92	1
91	95	1
91	190	-2
91	232	2
91	260	2
92	95	1
92	128	1
92	187	-2
92	190	-2
92	208	2
93	113	1
93	127	1
93	181	2
93	188	2
93	218	2
94	97	1
94	123	1
94	225	2
94	233	-2
94	239	2
95	115	1
95	190	-2
95	216	-2
95	235	2
96	110	1
96	116	1
96	173	2
96	229	2
96	243	2
97	120	1
97	207	-2
97	233	-2
97	269	-2
98	158	2
98	211	2
98	271	2
99	162	2
99	182	2
99	192	2
100	119	1
100	129	1
100	193	-2
100	255	-2
100	270	2
101	104	1
101	116	1
101	123	1
101	136	1
101	138	2
101	227	2
101	259	2
102	114	1
102	124	1
102	130	1
102	148	-2
102	195	2
102	196	2
103	106	1
103	114	1
103	118	1
103	121	1
103	126	1
103	137	2
103	142	-2
103	247	-2
104	121	1
104	123	1
104	222	2
104	227	2
104	252	2
105	135	2
105	155	2
105	191	2
105	198	-2
106	112	1
106	118	1
106	132	1
106	139	2
106	142	-2
106	244	-2
107	119	1
107	131	1
107	147	-2
107	150	-2
107	267	-2
108	112	1
108	135	1
108	174	2
108	210	2
108	249	-2
109	111	1
109	132	1
109	145	-2
109	240	2
109	256	-2
110	111	1
110	115	1
110	131	1
110	220	-2
110	243	2
110	261	-2
111	132	1
111	145	-2
111	221	-2
111	261	-2
112	139	2
112	174	2
112	194	2
113	118	1
113	119	1
113	178	2
113	218	2
113	265	2
114	124	1
114	137	2
114	175	-2
114	195	2
115	131	1
115	216	-2
115	220	-2
115	230	2
116	123	1
116	146	2
116	229	2
116	259	2
117	170	-2
117	223	-2
117	224	2
118	119	1
118	142	-2
118	254	-2
118	265	2
119	129	1
119	147	-2
119	255	-2
119	265	2
120	157	-2
120	168	2
120	207	-2
121	126	1
121	222	2
121	247	-2
121	251	2
122	133	1
122	134	1
122	228	-2
122	250	2
122	266	-2
123	146	2
123	225	2
123	227	2
124	195	2
124	206	-2
124	209	-2
125	130	1
125	177	2
125	180	-2
125	242	-2
126	151	2
126	204	2
126	247	-2
127	129	1
127	188	2
127	241	2
127	245	-2
128	140	2
128	187	-2
128	263	-2
129	161	-2
129	245	-2
129	255	-2
130	148	-2
130	180	-2
130	226	2
131	132	1
131	150	-2
131	220	-2
131	246	-2
132	145	-2
132	244	-2
132	246	-2
133	149	-2
133	172	2
133	266	-2
134	152	-2
134	228	-2
134	257	-2
135	155	2
135	191	2
135	249	-2
136	138	2
136	164	-2
136	253	-2
