1	1	-1
2	2	-1
3	3	-1
4	4	3
5	5	1
6	6	1
7	7	3
8	8	3
9	9	1
10	10	1
11	11	1
12	12	-1
13	13	-1
14	14	1
15	15	1
16	16	1
17	17	1
18	18	1
19	19	-1
20	20	1
21	21	1
22	22	3
23	23	-1
24	24	-1
25	25	1
26	26	3
27	27	-1
28	28	1
29	29	3
30	30	-1
31	31	1
32	32	-1
33	33	-3
34	34	-1
35	35	-1
36	36	-1
37	37	1
38	38	1
39	39	1
40	40	1
41	41	3
42	42	-1
43	43	1
44	44	1
45	45	1
46	46	1
47	47	3
48	48	-1
49	49	1
50	50	-3
51	51	1
52	52	3
53	53	-1
54	54	3
55	55	-1
56	56	1
57	57	-1
58	58	-1
59	59	1
60	60	-1
61	61	3
62	62	1
63	63	1
64	64	1
65	65	1
66	66	1
67	67	1
68	68	1
69	69	-1
70	70	1
71	71	1
72	72	-1
73	73	1
74	74	1
75	75	-1
76	76	1
77	77	3
78	78	-1
79	79	-1
80	80	-3
81	81	-3
82	82	3
83	83	-3
84	84	1
85	85	-3
86	86	1
87	87	-1
88	88	-1
89	89	-3
90	90	-1
91	91	-1
92	92	3
93	93	-1
94	94	1
95	95	-1
96	96	-1
97	97	-1
98	98	1
99	99	1
100	100	-1
101	101	1
102	102	1
103	103	1
104	104	-1
105	105	1
106	106	-3
107	107	-3
108	108	-3
109	109	1
110	110	3
111	111	1
112	112	-1
113	113	1
114	114	1
115	115	1
116	116	1
117	117	1
118	118	1
119	119	1
120	120	-1
121	121	-1
122	122	1
123	123	-1
124	124	-1
125	125	-1
126	126	-1
127	127	3
128	128	-1
129	129	1
130	130	1
131	131	1
132	132	-3
133	133	3
134	134	-1
135	135	1
136	136	1
137	137	-1
138	138	-1
139	139	3
140	140	1
141	141	3
142	142	-1
143	143	1
144	144	1
145	145	-2
146	146	-2
147	147	-2
148	148	2
149	149	-2
150	150	2
151	151	2
152	152	2
153	153	2
154	154	-2
155	155	2
156	156	-2
157	157	-2
158	158	2
159	159	-2
160	160	2
161	161	-2
162	162	-2
163	163	2
164	164	-2
165	165	-2
166	166	2
167	167	-2
168	168	-2
169	169	-2
170	170	2
171	171	-2
172	172	2
173	173	-2
174	174	2
175	175	2
176	176	2
177	177	-2
178	178	2
179	179	-2
180	180	2
181	181	2
182	182	-2
183	183	-2
184	184	2
185	185	-2
186	186	2
187	187	2
188	188	2
189	189	-2
190	190	-2
191	191	-2
192	192	2
193	193	-2
194	194	2
195	195	-2
196	196	2
197	197	-2
198	198	2
199	199	-2
200	200	2
201	201	2
202	202	-2
203	203	-2
204	204	2
205	205	2
206	206	2
207	207	-2
208	208	-2
209	209	2
210	210	2
211	211	2
212	212	-2
213	213	2
214	214	2
215	215	-2
216	216	2
217	217	2
218	218	-2
219	219	2
220	220	-2
221	221	2
222	222	-2
223	223	2
224	224	-2
225	225	-2
226	226	2
227	227	2
228	228	2
229	229	-2
230	230	2
231	231	-2
232	232	-2
233	233	2
234	234	2
235	235	-2
236	236	-2
237	237	-2
238	238	2
239	239	2
240	240	2
241	241	2
242	242	2
243	243	2
244	244	2
245	245	-2
246	246	2
247	247	2
248	248	2
249	249	-2
250	250	-2
251	251	2
252	252	-2
253	253	-2
254	254	2
255	255	-2
256	256	2
257	257	2
258	258	2
259	259	2
260	260	2
261	261	2
262	262	-2
263	263	-2
264	264	-2
265	265	-2
266	266	-2
267	267	-2
268	268	-2
269	269	2
270	270	2
271	271	2
272	272	2
273	273	-2
274	274	2
275	275	-2
276	276	2
277	277	-2
278	278	2
279	279	2
280	280	2
281	281	2
282	282	-2
283	283	2
284	284	-2
285	285	-2
286	286	2
287	287	-2
288	288	-2
1	37	1
1	85	1
1	87	1
1	103	1
1	122	1
1	128	1
1	184	2
1	246	-2
1	255	2
2	66	1
2	85	2
2	95	1
2	104	1
2	127	1
2	149	2
2	195	-2
2	244	-2
3	19	1
3	29	1
3	30	1
3	57	1
3	93	1
3	107	1
3	193	2
3	198	2
3	222	2
4	20	1
4	56	1
4	71	1
4	109	1
4	138	1
4	142	1
4	242	2
4	272	2
4	274	2
5	10	1
5	44	1
5	65	1
5	101	1
5	105	1
5	131	1
5	194	2
5	197	2
5	239	2
6	9	1
6	13	1
6	25	1
6	37	1
6	44	1
6	72	1
6	167	-2
6	178	2
6	192	-2
7	11	1
7	47	1
7	49	1
7	53	1
7	56	1
7	91	1
7	196	2
7	277	-2
7	281	2
8	20	1
8	59	1
8	114	1
8	133	1
8	141	1
8	143	1
8	189	-2
8	210	2
8	219	2
9	41	1
9	42	1
9	44	1
9	75	1
9	89	1
9	167	-2
9	213	-2
9	259	2
10	120	1
10	131	1
10	134	1
10	137	1
10	144	1
10	182	-2
10	239	2
10	285	2
11	16	1
11	44	1
11	55	1
11	56	1
11	104	1
11	174	-2
11	196	2
11	288	-2
12	39	1
12	62	1
12	66	1
12	112	1
12	126	1
12	134	1
12	155	2
12	185	2
12	187	-2
13	57	1
13	64	1
13	72	1
13	111	1
13	117	1
13	192	-2
13	206	-2
13	287	-2
14	52	1
14	80	1
14	84	1
14	123	1
14	125	1
14	130	1
14	260	-2
14	261	2
14	268	-2
15	18	1
15	40	1
15	48	1
15	117	1
15	138	1
15	139	1
15	230	-2
15	237	-2
15	252	-2
16	31	1
16	55	1
16	111	1
16	119	1
16	126	1
16	214	-2
16	218	-2
16	288	-2
17	60	1
17	64	1
17	77	1
17	95	1
17	103	1
17	129	1
17	225	2
17	271	2
17	286	2
18	21	1
18	39	1
18	56	1
18	61	1
18	117	1
18	199	2
18	237	-2
18	240	2
19	29	1
19	42	1
19	86	1
19	98	1
19	135	1
19	163	-2
19	198	2
19	265	2
20	67	1
20	71	1
20	94	1
20	133	1
20	189	-2
20	242	2
20	256	-2
21	47	1
21	61	1
21	97	1
21	132	1
21	136	1
21	179	2
21	215	-2
21	240	2
22	30	1
22	63	1
22	92	1
22	133	1
22	139	1
22	141	1
22	160	2
22	161	-2
22	204	2
23	43	1
23	54	1
23	89	1
23	118	2
23	123	1
23	176	-2
23	254	-2
23	278	2
24	43	1
24	57	1
24	58	1
24	71	1
24	100	1
24	107	1
24	159	2
24	205	-2
24	267	-2
25	37	1
25	106	1
25	127	1
25	132	1
25	139	1
25	166	2
25	178	2
25	269	-2
26	29	1
26	43	1
26	45	1
26	75	1
26	110	1
26	115	1
26	188	2
26	211	2
26	238	2
27	35	1
27	50	1
27	82	1
27	115	1
27	132	1
27	137	1
27	147	-2
27	183	2
27	263	2
28	32	1
28	34	1
28	51	1
28	111	1
28	135	1
28	142	1
28	231	-2
28	258	-2
28	275	-2
29	43	1
29	86	1
29	136	1
29	198	2
29	211	2
29	284	-2
30	63	1
30	81	1
30	107	1
30	144	1
30	161	-2
30	222	2
30	223	-2
31	38	1
31	40	1
31	92	1
31	105	1
31	119	1
31	181	-2
31	218	-2
31	241	2
32	41	1
32	48	1
32	78	1
32	106	1
32	142	1
32	156	-2
32	243	-2
32	258	-2
33	46	1
33	60	1
33	88	1
33	99	1
33	113	1
33	125	1
33	162	2
33	186	-2
33	250	2
34	49	1
34	75	1
34	121	1
34	126	1
34	135	1
34	190	2
34	207	2
34	275	-2
35	76	1
35	78	1
35	99	1
35	107	1
35	132	1
35	245	-2
35	247	-2
35	263	2
36	54	1
36	87	1
36	89	1
36	90	1
36	93	1
36	109	1
36	153	-2
36	235	2
36	279	2
37	79	1
37	103	1
37	123	1
37	178	2
37	201	2
37	246	-2
38	40	1
38	104	1
38	110	1
38	116	1
38	121	1
38	181	-2
38	228	2
38	251	2
39	47	1
39	52	1
39	56	1
39	126	1
39	155	2
39	199	2
39	253	-2
40	49	1
40	87	1
40	139	1
40	181	-2
40	252	-2
40	262	-2
41	42	1
41	48	1
41	110	1
41	133	1
41	156	-2
41	164	-2
41	259	2
42	72	1
42	119	1
42	135	1
42	202	2
42	259	2
42	265	2
43	71	1
43	118	1
43	211	2
43	254	-2
43	267	-2
44	65	1
44	104	1
44	167	-2
44	174	-2
44	194	2
45	69	1
45	75	1
45	94	1
45	96	1
45	140	1
45	177	-2
45	217	-2
45	238	2
46	76	1
46	88	1
46	117	1
46	124	1
46	127	1
46	171	-2
46	234	2
46	250	2
47	49	1
47	52	1
47	136	1
47	215	-2
47	253	-2
47	277	-2
48	79	1
48	128	1
48	138	1
48	156	-2
48	230	-2
48	273	2
49	87	1
49	121	1
49	207	2
49	262	-2
49	277	-2
50	73	1
50	102	1
50	125	1
50	137	1
50	143	1
50	180	-2
50	183	2
50	257	-2
51	88	1
51	90	1
51	97	1
51	102	1
51	111	1
51	168	-2
51	173	2
51	231	-2
52	84	1
52	102	1
52	118	1
52	157	-2
52	253	-2
52	268	-2
53	91	1
53	121	1
53	122	1
53	124	1
53	136	1
53	209	-2
53	221	-2
53	281	2
54	100	1
54	109	1
54	118	1
54	131	1
54	145	-2
54	278	2
54	279	2
55	74	1
55	83	1
55	91	1
55	131	1
55	175	-2
55	266	2
55	288	-2
56	109	1
56	196	2
56	199	2
56	272	2
57	58	1
57	93	1
57	111	1
57	159	2
57	193	2
57	287	-2
58	59	1
58	86	1
58	120	1
58	142	1
58	150	2
58	159	2
58	172	-2
59	86	1
59	112	1
59	114	1
59	129	1
59	150	2
59	219	2
59	249	2
60	62	1
60	70	1
60	95	1
60	99	1
60	154	-2
60	186	-2
60	225	2
61	73	1
61	90	1
61	98	1
61	114	1
61	232	-2
61	240	2
61	280	2
62	66	1
62	70	1
62	72	1
62	103	1
62	154	-2
62	187	-2
62	276	2
63	97	1
63	108	1
63	135	1
63	138	1
63	161	-2
63	169	-2
63	203	2
64	70	1
64	103	1
64	112	1
64	117	1
64	152	2
64	206	-2
64	286	2
65	66	1
65	68	1
65	114	1
65	119	1
65	194	2
65	224	2
65	264	-2
66	119	1
66	127	1
66	187	-2
66	195	-2
66	264	-2
67	68	1
67	94	1
67	113	1
67	116	1
67	140	1
67	146	-2
67	220	-2
67	256	-2
68	73	1
68	114	1
68	116	1
68	129	1
68	146	-2
68	224	2
68	248	2
69	81	1
69	83	1
69	94	1
69	96	1
69	101	1
69	200	-2
69	216	2
69	217	-2
70	76	1
70	112	1
70	140	1
70	152	2
70	154	-2
70	158	-2
71	106	1
71	116	1
71	229	2
71	242	2
71	267	-2
72	103	1
72	119	1
72	192	-2
72	202	2
72	276	2
73	90	1
73	129	1
73	143	1
73	248	2
73	257	-2
73	280	2
74	78	1
74	83	1
74	92	1
74	98	1
74	105	1
74	151	2
74	170	2
74	266	2
75	89	1
75	126	1
75	190	2
75	213	-2
75	238	2
76	99	1
76	127	1
76	140	1
76	158	-2
76	171	-2
76	245	-2
77	96	1
77	122	1
77	129	1
77	134	1
77	137	1
77	191	-2
77	233	2
77	271	2
78	105	1
78	106	1
78	107	1
78	151	2
78	243	-2
78	247	-2
79	96	1
79	109	1
79	123	1
79	128	1
79	165	2
79	201	2
79	273	2
80	83	1
80	84	1
80	91	1
80	108	1
80	123	1
80	148	-2
80	208	2
80	260	-2
81	83	1
81	115	1
81	128	1
81	144	1
81	200	-2
81	223	-2
81	236	2
82	93	1
82	99	1
82	115	1
82	130	1
82	144	1
82	147	-2
82	227	2
82	282	-2
83	108	1
83	200	-2
83	208	2
83	266	2
84	91	1
84	113	1
84	141	1
84	148	-2
84	226	2
84	268	-2
85	87	1
85	95	1
85	104	1
85	149	2
85	244	-2
85	255	2
86	98	1
86	136	1
86	150	2
86	163	-2
86	284	-2
87	89	1
87	235	2
87	255	2
87	262	-2
88	102	1
88	108	1
88	124	1
88	168	-2
88	212	2
88	250	2
89	123	1
89	176	-2
89	213	-2
89	235	2
90	93	1
90	97	1
90	153	-2
90	173	2
90	280	2
91	131	1
91	148	-2
91	175	-2
91	281	2
92	98	1
92	105	1
92	133	1
92	170	2
92	204	2
92	241	2
93	99	1
93	153	-2
93	193	2
93	282	-2
94	101	1
94	140	1
94	177	-2
94	216	2
94	256	-2
95	101	1
95	143	1
95	225	2
95	244	-2
95	283	2
96	109	1
96	134	1
96	165	2
96	191	-2
96	217	-2
97	132	1
97	135	1
97	169	-2
97	173	2
97	179	2
98	114	1
98	163	-2
98	170	2
98	232	-2
99	186	-2
99	245	-2
99	282	-2
100	107	1
100	120	1
100	130	1
100	131	1
100	145	-2
100	205	-2
100	270	-2
101	105	1
101	143	1
101	197	2
101	216	2
101	283	2
102	118	1
102	125	1
102	157	-2
102	168	-2
102	180	-2
103	246	-2
103	276	2
103	286	2
104	116	1
104	149	2
104	174	-2
104	251	2
105	151	2
105	197	2
105	241	2
106	116	1
106	132	1
106	229	2
106	243	-2
106	269	-2
107	205	-2
107	222	2
107	247	-2
108	124	1
108	138	1
108	203	2
108	208	2
108	212	2
109	165	2
109	272	2
109	279	2
110	115	1
110	121	1
110	133	1
110	164	-2
110	188	2
110	228	2
111	126	1
111	214	-2
111	231	-2
111	287	-2
112	129	1
112	134	1
112	152	2
112	185	2
112	249	2
113	125	1
113	140	1
113	141	1
113	162	2
113	220	-2
113	226	2
114	219	2
114	224	2
114	232	-2
115	128	1
115	147	-2
115	188	2
115	236	2
116	146	-2
116	229	2
116	251	2
117	124	1
117	206	-2
117	234	2
117	237	-2
118	157	-2
118	254	-2
118	278	2
119	202	2
119	218	-2
119	264	-2
120	130	1
120	142	1
120	144	1
120	172	-2
120	182	-2
120	270	-2
121	122	1
121	207	2
121	221	-2
121	228	2
122	128	1
122	137	1
122	184	2
122	221	-2
122	233	2
123	176	-2
123	201	2
123	260	-2
124	136	1
124	209	-2
124	212	2
124	234	2
125	130	1
125	162	2
125	180	-2
125	261	2
126	155	2
126	190	2
126	214	-2
127	139	1
127	166	2
127	171	-2
127	195	-2
128	184	2
128	236	2
128	273	2
129	248	2
129	249	2
129	271	2
130	144	1
130	227	2
130	261	2
130	270	-2
131	145	-2
131	175	-2
131	239	2
132	179	2
132	263	2
132	269	-2
133	164	-2
133	189	-2
133	204	2
134	137	1
134	185	2
134	191	-2
134	285	2
135	169	-2
135	265	2
135	275	-2
136	209	-2
136	215	-2
136	284	-2
137	183	2
137	233	2
137	285	2
138	142	1
138	203	2
138	230	-2
138	274	2
139	141	1
139	160	2
139	166	2
139	252	-2
140	158	-2
140	177	-2
140	220	-2
141	143	1
141	160	2
141	210	2
141	226	2
142	172	-2
142	258	-2
142	274	2
143	210	2
143	257	-2
143	283	2
144	182	-2
144	223	-2
144	227	2
