1	1	-1
2	2	3
3	3	3
4	4	-1
5	5	-3
6	6	1
7	7	-1
8	8	-1
9	9	1
10	10	1
11	11	1
12	12	1
13	13	-3
14	14	1
15	15	3
16	16	-1
17	17	-1
18	18	3
19	19	-1
20	20	1
21	21	1
22	22	-3
23	23	-1
24	24	-3
25	25	1
26	26	3
27	27	3
28	28	1
29	29	3
30	30	-3
31	31	-1
32	32	-1
33	33	-1
34	34	-1
35	35	-1
36	36	-1
37	37	3
38	38	-1
39	39	-1
40	40	-1
41	41	1
42	42	3
43	43	-1
44	44	-1
45	45	1
46	46	-3
47	47	3
48	48	-3
49	49	3
50	50	-1
51	51	3
52	52	1
53	53	-1
54	54	3
55	55	-1
56	56	3
57	57	-1
58	58	1
59	59	-1
60	60	-1
61	61	1
62	62	-1
63	63	3
64	64	-1
65	65	3
66	66	-1
67	67	1
68	68	1
69	69	3
70	70	1
71	71	1
72	72	1
73	73	1
74	74	1
75	75	1
76	76	1
77	77	1
78	78	-1
79	79	-1
80	80	-3
81	81	1
82	82	1
83	83	3
84	84	-1
85	85	-3
86	86	1
87	87	1
88	88	-3
89	89	-1
90	90	-1
91	91	-1
92	92	1
93	93	-3
94	94	1
95	95	-1
96	96	1
97	97	1
98	98	1
99	99	3
100	100	-1
101	101	-1
102	102	-1
103	103	1
104	104	-1
105	105	-1
106	106	1
107	107	3
108	108	-3
109	109	1
110	110	1
111	111	-1
112	112	1
113	113	-1
114	114	1
115	115	3
116	116	-3
117	117	-1
118	118	-1
119	119	1
120	120	-1
121	121	1
122	122	3
123	123	3
124	124	1
125	125	1
126	126	-1
127	127	-1
128	128	3
129	129	3
130	130	1
131	131	1
132	132	-3
133	133	3
134	134	1
135	135	-1
136	136	1
137	137	1
138	138	-3
139	139	-1
140	140	1
141	141	1
142	142	1
143	143	3
144	144	-1
145	145	3
146	146	-3
147	147	-1
148	148	-3
149	149	-1
150	150	1
151	151	1
152	152	-1
153	153	3
154	154	-1
155	155	-3
156	156	-1
157	157	-3
158	158	3
159	159	1
160	160	1
161	161	-1
162	162	-1
163	163	1
164	164	-1
165	165	-1
166	166	1
167	167	-1
168	168	1
169	169	1
170	170	-1
171	171	-1
172	172	-3
173	173	-1
174	174	-1
175	175	-3
176	176	3
177	177	-1
178	178	3
179	179	1
180	180	1
181	181	1
182	182	3
183	183	1
184	184	1
185	185	1
186	186	-1
187	187	-3
188	188	3
189	189	1
190	190	1
191	191	1
192	192	-1
193	193	-1
194	194	1
195	195	1
196	196	1
197	197	-1
198	198	-1
199	199	-1
200	200	-3
201	201	3
202	202	-1
203	203	1
204	204	-1
205	205	1
206	206	1
207	207	3
208	208	1
209	209	2
210	210	2
211	211	2
212	212	-2
213	213	-2
214	214	-2
215	215	2
216	216	-2
217	217	2
218	218	-2
219	219	2
220	220	2
221	221	-2
222	222	2
223	223	-2
224	224	-2
225	225	-2
226	226	-2
227	227	2
228	228	2
229	229	-2
230	230	2
231	231	-2
232	232	2
233	233	-2
234	234	-2
235	235	-2
236	236	-2
237	237	2
238	238	-2
239	239	-2
240	240	2
241	241	-2
242	242	2
243	243	-2
244	244	-2
245	245	-2
246	246	-2
247	247	-2
248	248	2
249	249	2
250	250	-2
251	251	-2
252	252	2
253	253	2
254	254	2
255	255	2
256	256	-2
257	257	-2
258	258	-2
259	259	-2
260	260	2
261	261	-2
262	262	-2
263	263	2
264	264	2
265	265	2
266	266	2
267	267	-2
268	268	-2
269	269	-2
270	270	-2
271	271	-2
272	272	2
273	273	-2
274	274	2
275	275	-2
276	276	2
277	277	2
278	278	-2
279	279	-2
280	280	2
281	281	2
282	282	-2
283	283	-2
284	284	-2
285	285	2
286	286	-2
287	287	2
288	288	-2
289	289	2
290	290	-2
291	291	-2
292	292	-2
293	293	2
294	294	-2
295	295	-2
296	296	-2
297	297	-2
298	298	2
299	299	2
300	300	2
301	301	2
302	302	-2
303	303	-2
304	304	2
305	305	2
306	306	2
307	307	-2
308	308	-2
309	309	-2
310	310	-2
311	311	2
312	312	2
313	313	2
314	314	-2
315	315	2
316	316	2
317	317	2
318	318	2
319	319	-2
320	320	2
321	321	-2
322	322	-2
323	323	-2
324	324	2
325	325	2
326	326	2
327	327	2
328	328	-2
329	329	-2
330	330	2
331	331	2
332	332	-2
333	333	2
334	334	2
335	335	-2
336	336	-2
337	337	2
338	338	-2
339	339	2
340	340	-2
341	341	2
342	342	-2
343	343	-2
344	344	2
345	345	-2
346	346	-2
347	347	-2
348	348	2
349	349	-2
350	350	-2
351	351	-2
352	352	2
353	353	2
354	354	2
355	355	-2
356	356	2
357	357	2
358	358	2
359	359	2
360	360	-2
361	361	2
362	362	2
363	363	-2
364	364	-2
365	365	2
366	366	-2
367	367	-2
368	368	2
369	369	2
370	370	-2
371	371	-2
372	372	-2
373	373	-2
374	374	2
375	375	-2
376	376	2
377	377	-2
378	378	2
379	379	2
380	380	2
381	381	-2
382	382	2
383	383	-2
384	384	2
385	385	2
386	386	-2
387	387	-2
388	388	-2
389	389	2
390	390	-2
391	391	-2
392	392	2
393	393	2
394	394	2
395	395	2
396	396	2
397	397	-2
398	398	-2
399	399	2
400	400	-2
401	401	2
402	402	-2
403	403	-2
404	404	-2
405	405	-2
406	406	2
407	407	2
408	408	-2
409	409	-2
410	410	-2
411	411	2
412	412	2
413	413	2
414	414	2
415	415	2
416	416	2
1	11	1
1	50	1
1	51	1
1	73	1
1	120	1
1	185	1
1	250	-2
1	397	2
1	409	2
2	117	1
2	122	1
2	134	1
2	136	1
2	180	1
2	191	1
2	226	-2
2	281	2
2	336	-2
3	37	1
3	42	1
3	71	1
3	150	1
3	162	1
3	179	1
3	224	-2
3	375	-2
3	379	2
4	76	1
4	80	1
4	100	1
4	102	1
4	161	1
4	181	1
4	225	-2
4	232	-2
4	305	-2
5	14	1
5	19	1
5	86	1
5	141	1
5	186	1
5	187	1
5	321	2
5	328	2
5	329	2
6	57	1
6	95	1
6	122	1
6	153	1
6	191	1
6	192	1
6	325	-2
6	357	2
6	399	2
7	47	1
7	58	1
7	103	1
7	114	1
7	127	1
7	187	1
7	290	-2
7	323	2
7	388	2
8	28	1
8	37	1
8	43	1
8	79	1
8	118	1
8	198	1
8	309	2
8	339	2
8	393	-2
9	45	1
9	46	1
9	75	1
9	129	1
9	141	1
9	143	1
9	304	2
9	331	2
9	350	2
10	44	1
10	49	1
10	57	1
10	76	1
10	112	1
10	168	1
10	246	-2
10	382	-2
10	408	-2
11	18	1
11	53	1
11	121	1
11	125	1
11	185	1
11	216	-2
11	316	2
11	409	2
12	21	1
12	50	1
12	100	1
12	153	1
12	164	1
12	189	1
12	284	2
12	334	2
12	347	-2
13	80	1
13	85	1
13	173	1
13	180	1
13	192	1
13	199	1
13	220	-2
13	300	-2
13	337	-2
14	27	1
14	29	1
14	141	1
14	189	1
14	195	1
14	247	-2
14	315	2
14	321	2
15	49	1
15	63	1
15	86	1
15	134	1
15	171	1
15	203	1
15	280	2
15	354	2
15	362	2
16	19	1
16	48	1
16	131	1
16	143	1
16	177	1
16	208	1
16	297	2
16	389	-2
16	402	-2
17	23	1
17	38	1
17	41	1
17	107	1
17	184	1
17	193	1
17	274	-2
17	367	2
17	410	-2
18	51	1
18	96	1
18	115	1
18	125	1
18	151	1
18	292	-2
18	313	2
18	316	2
19	39	1
19	48	1
19	96	1
19	187	1
19	255	2
19	297	2
19	328	2
20	63	1
20	66	1
20	89	1
20	107	1
20	193	1
20	200	1
20	258	-2
20	265	-2
20	338	-2
21	47	1
21	100	1
21	101	1
21	124	1
21	159	1
21	294	2
21	307	-2
21	334	2
22	35	1
22	116	1
22	156	1
22	162	1
22	164	1
22	179	1
22	248	-2
22	319	2
22	400	2
23	41	1
23	45	1
23	62	1
23	117	1
23	188	1
23	274	-2
23	343	-2
23	407	-2
24	33	1
24	48	1
24	66	1
24	82	1
24	147	1
24	199	1
24	320	-2
24	344	-2
24	391	2
25	43	1
25	46	1
25	84	1
25	99	1
25	140	1
25	188	1
25	278	-2
25	283	-2
25	411	-2
26	69	1
26	127	1
26	133	1
26	143	1
26	158	1
26	163	1
26	211	2
26	237	2
26	314	-2
27	54	1
27	68	1
27	109	1
27	195	1
27	206	1
27	282	-2
27	315	2
27	360	-2
28	37	1
28	110	1
28	132	1
28	190	1
28	201	1
28	209	-2
28	252	2
28	339	2
29	31	1
29	33	1
29	154	1
29	173	1
29	189	1
29	230	2
29	247	-2
29	363	-2
30	32	1
30	85	1
30	105	1
30	167	1
30	174	1
30	204	1
30	253	-2
30	332	2
30	368	-2
31	39	1
31	98	1
31	147	1
31	167	1
31	173	1
31	351	2
31	363	-2
31	403	2
32	36	1
32	64	1
32	69	1
32	159	1
32	167	1
32	242	2
32	368	-2
32	405	2
33	48	1
33	85	1
33	154	2
33	230	2
33	322	2
33	391	2
34	41	1
34	97	1
34	102	1
34	139	1
34	155	1
34	159	1
34	214	2
34	259	2
34	296	-2
35	46	1
35	51	1
35	162	1
35	194	1
35	205	1
35	272	-2
35	288	-2
35	319	2
36	93	1
36	106	1
36	159	1
36	175	1
36	182	1
36	243	-2
36	348	-2
36	405	2
37	115	1
37	150	1
37	158	1
37	339	2
37	379	2
37	416	2
38	84	1
38	107	1
38	113	1
38	172	1
38	189	1
38	356	-2
38	383	2
38	410	-2
39	90	1
39	96	1
39	167	1
39	206	1
39	255	2
39	340	2
39	403	2
40	82	1
40	95	1
40	97	1
40	100	1
40	105	1
40	146	1
40	218	2
40	256	-2
40	355	2
41	150	1
41	159	1
41	166	1
41	274	-2
41	296	-2
41	311	2
42	118	1
42	130	1
42	133	1
42	179	1
42	203	1
42	227	2
42	228	2
42	375	-2
43	78	1
43	79	1
43	91	1
43	188	1
43	283	-2
43	309	2
43	413	-2
44	57	1
44	89	1
44	99	1
44	160	1
44	181	1
44	326	-2
44	371	-2
44	382	-2
45	46	1
45	74	1
45	142	1
45	188	1
45	262	-2
45	343	-2
45	350	2
46	84	1
46	205	1
46	272	-2
46	350	2
46	411	-2
47	106	1
47	114	1
47	152	1
47	159	1
47	290	-2
47	307	-2
47	324	2
48	146	1
48	168	1
48	297	2
48	369	-2
48	391	2
49	136	1
49	168	1
49	171	1
49	184	1
49	246	-2
49	354	2
49	404	-2
50	56	1
50	82	1
50	120	1
50	164	1
50	284	2
50	358	2
50	397	2
51	73	1
51	115	1
51	194	1
51	250	-2
51	288	-2
51	313	2
52	65	1
52	123	1
52	137	1
52	156	1
52	170	1
52	183	1
52	303	2
52	308	-2
52	415	2
53	61	1
53	78	1
53	121	1
53	149	1
53	197	1
53	216	-2
53	217	-2
53	414	-2
54	68	1
54	72	2
54	113	1
54	197	1
54	210	2
54	360	-2
54	364	-2
55	93	1
55	109	1
55	131	1
55	157	1
55	175	1
55	195	1
55	245	2
55	341	2
55	401	-2
56	82	1
56	83	1
56	120	1
56	169	1
56	205	1
56	353	2
56	358	2
56	361	2
57	87	1
57	151	1
57	191	1
57	298	2
57	325	-2
57	382	-2
58	81	1
58	103	1
58	129	1
58	141	1
58	153	1
58	299	2
58	306	2
58	388	2
59	72	1
59	87	1
59	88	1
59	111	1
59	165	1
59	177	1
59	229	2
59	287	2
59	398	2
60	128	1
60	144	1
60	155	1
60	158	1
60	183	1
60	200	1
60	333	2
60	345	2
60	390	2
61	62	1
61	130	1
61	196	1
61	197	1
61	208	1
61	277	2
61	366	-2
61	414	-2
62	93	1
62	117	1
62	144	1
62	208	1
62	277	2
62	359	-2
62	407	-2
63	86	1
63	107	1
63	144	1
63	198	1
63	258	-2
63	280	2
63	406	2
64	69	1
64	75	1
64	90	1
64	117	1
64	139	1
64	221	2
64	242	2
64	312	-2
65	67	1
65	74	1
65	107	1
65	123	1
65	139	1
65	302	-2
65	308	-2
65	352	2
66	131	1
66	148	1
66	193	1
66	199	1
66	223	2
66	320	-2
66	338	-2
67	71	1
67	139	1
67	145	1
67	184	1
67	194	1
67	271	2
67	275	-2
67	352	2
68	70	1
68	81	1
68	121	1
68	207	1
68	318	-2
68	360	-2
68	381	-2
69	92	1
69	133	1
69	194	1
69	211	2
69	242	2
69	279	-2
70	81	1
70	105	1
70	111	1
70	151	1
70	207	1
70	215	2
70	285	-2
70	381	-2
71	119	1
71	162	1
71	182	1
71	194	1
71	224	-2
71	271	2
71	293	2
72	113	1
72	165	1
72	197	1
72	210	2
72	364	-2
72	398	2
73	75	1
73	126	1
73	133	1
73	140	1
73	250	-2
73	346	-2
73	372	2
74	91	1
74	107	1
74	118	1
74	142	1
74	262	-2
74	302	-2
74	327	-2
75	133	1
75	139	1
75	143	1
75	221	2
75	331	2
75	346	-2
76	100	1
76	112	1
76	178	1
76	204	1
76	232	-2
76	235	-2
76	408	-2
77	79	1
77	94	1
77	103	1
77	150	1
77	160	1
77	173	1
77	257	-2
77	301	-2
77	384	2
78	91	1
78	123	1
78	149	1
78	199	1
78	217	-2
78	289	2
78	413	-2
79	94	1
79	126	1
79	132	1
79	257	-2
79	264	-2
79	309	2
80	161	2
80	170	1
80	173	1
80	220	-2
80	263	-2
80	305	-2
81	105	1
81	121	1
81	141	1
81	215	2
81	299	2
81	318	-2
82	97	1
82	147	1
82	256	-2
82	344	-2
82	358	2
83	98	1
83	112	1
83	124	1
83	128	1
83	205	1
83	231	-2
83	270	-2
83	361	2
84	119	1
84	189	1
84	206	1
84	212	-2
84	356	-2
84	411	-2
85	105	1
85	154	1
85	199	1
85	300	-2
85	322	2
85	332	2
86	182	1
86	186	1
86	205	1
86	280	2
86	329	2
86	386	-2
87	88	1
87	89	1
87	151	1
87	188	1
87	229	2
87	234	-2
87	298	2
88	114	1
88	116	1
88	152	1
88	163	1
88	222	-2
88	229	2
88	310	2
89	160	1
89	188	1
89	200	1
89	234	-2
89	265	-2
89	326	-2
90	117	1
90	185	1
90	190	1
90	206	1
90	312	-2
90	340	2
90	376	2
91	118	1
91	140	1
91	178	1
91	327	-2
91	380	2
91	413	-2
92	161	1
92	170	1
92	172	1
92	194	1
92	200	1
92	266	-2
92	279	-2
92	387	-2
93	144	1
93	175	2
93	245	2
93	348	-2
93	359	-2
94	101	1
94	129	1
94	146	1
94	171	1
94	257	-2
94	273	-2
94	335	2
95	120	1
95	125	1
95	146	1
95	153	1
95	249	-2
95	355	2
95	399	2
96	151	1
96	181	1
96	193	1
96	255	2
96	286	2
96	292	-2
97	102	1
97	104	1
97	110	1
97	214	2
97	256	-2
97	349	-2
98	124	2
98	147	1
98	160	1
98	270	-2
98	351	2
98	412	2
99	126	1
99	140	1
99	176	1
99	181	1
99	278	-2
99	317	2
99	371	-2
100	105	1
100	218	2
100	232	-2
100	334	2
101	124	1
101	129	1
101	187	1
101	198	1
101	238	2
101	273	-2
101	294	2
102	111	1
102	119	1
102	181	1
102	214	2
102	225	-2
102	395	-2
103	149	1
103	160	1
103	176	1
103	213	-2
103	384	2
103	388	2
104	110	1
104	149	1
104	162	1
104	171	1
104	174	1
104	240	-2
104	349	-2
104	378	-2
105	215	2
105	218	2
105	332	2
106	108	1
106	152	1
106	182	1
106	190	1
106	243	-2
106	324	2
106	374	-2
107	258	-2
107	302	-2
107	410	-2
108	134	1
108	136	1
108	148	1
108	155	1
108	190	1
108	295	2
108	330	-2
108	374	-2
109	131	1
109	166	1
109	197	1
109	206	1
109	282	-2
109	341	2
109	377	2
110	132	1
110	196	1
110	207	1
110	209	-2
110	261	-2
110	349	-2
111	119	1
111	151	1
111	177	1
111	285	-2
111	287	2
111	395	-2
112	128	1
112	196	1
112	204	1
112	231	-2
112	276	-2
112	408	-2
113	152	1
113	172	1
113	203	1
113	251	2
113	364	-2
113	383	2
114	125	1
114	163	1
114	201	1
114	244	-2
114	290	-2
114	310	2
115	123	1
115	158	1
115	191	1
115	268	-2
115	313	2
115	416	2
116	138	1
116	152	1
116	157	1
116	164	1
116	222	-2
116	365	-2
116	400	2
117	136	1
117	281	2
117	312	-2
117	407	-2
118	198	1
118	203	1
118	227	2
118	327	-2
118	393	-2
119	182	1
119	206	1
119	212	-2
119	293	2
119	395	-2
120	125	1
120	169	1
120	249	-2
120	353	2
120	397	2
121	166	1
121	167	1
121	216	-2
121	318	-2
121	394	2
122	176	1
122	179	1
122	191	1
122	192	1
122	267	-2
122	336	-2
122	357	2
123	191	1
123	199	1
123	268	-2
123	289	2
123	308	-2
124	160	1
124	270	-2
124	294	2
124	412	2
125	201	1
125	244	-2
125	249	-2
125	316	2
126	132	1
126	140	1
126	176	1
126	264	-2
126	317	2
126	372	2
127	130	1
127	143	1
127	165	1
127	187	1
127	239	2
127	314	-2
127	323	2
128	145	1
128	158	1
128	164	1
128	231	-2
128	333	2
128	385	2
129	141	1
129	153	1
129	273	-2
129	304	2
129	306	2
130	133	1
130	165	1
130	196	1
130	228	2
130	239	2
130	366	-2
131	143	1
131	148	1
131	223	2
131	341	2
131	402	-2
132	142	1
132	192	1
132	209	-2
132	236	2
132	264	-2
133	211	2
133	228	2
133	346	-2
134	148	1
134	180	1
134	203	1
134	226	-2
134	330	-2
134	362	2
135	137	1
135	138	1
135	142	1
135	145	1
135	157	1
135	186	1
135	254	-2
135	291	-2
135	373	2
136	155	1
136	184	1
136	281	2
136	295	2
136	404	-2
137	174	1
137	180	1
137	183	1
137	186	1
137	233	-2
137	373	2
137	415	2
138	154	1
138	157	2
138	202	1
138	241	2
138	254	-2
138	365	-2
139	155	1
139	221	2
139	259	2
139	352	2
140	178	1
140	278	-2
140	372	2
140	380	2
141	299	2
141	304	2
141	321	2
142	145	1
142	192	1
142	236	2
142	262	-2
142	291	-2
143	314	-2
143	331	2
143	402	-2
144	183	1
144	198	1
144	345	2
144	359	-2
144	406	2
145	164	1
145	184	1
145	275	-2
145	291	-2
145	385	2
146	168	1
146	171	1
146	335	2
146	355	2
146	369	-2
147	202	1
147	207	1
147	219	2
147	344	-2
147	351	2
148	172	1
148	177	1
148	223	2
148	330	-2
148	396	-2
149	171	1
149	176	1
149	213	-2
149	217	-2
149	378	-2
150	166	1
150	173	1
150	301	-2
150	311	2
150	379	2
151	285	-2
151	292	-2
151	298	2
152	203	1
152	222	-2
152	251	2
152	324	2
153	189	1
153	306	2
153	347	-2
153	399	2
154	202	1
154	230	2
154	241	2
154	322	2
155	200	1
155	259	2
155	295	2
155	390	2
156	170	1
156	179	1
156	183	1
156	185	1
156	248	-2
156	303	2
156	342	-2
157	195	1
157	254	-2
157	365	-2
157	401	-2
158	163	1
158	237	2
158	333	2
158	416	2
159	296	-2
159	307	-2
159	405	2
160	326	-2
160	384	2
160	412	2
161	170	2
161	263	-2
161	305	-2
161	387	-2
162	174	1
162	224	-2
162	240	-2
162	319	2
163	165	1
163	195	1
163	237	2
163	310	2
163	370	-2
164	284	2
164	385	2
164	400	2
165	195	1
165	239	2
165	370	-2
165	398	2
166	167	1
166	197	1
166	311	2
166	377	2
166	394	2
167	368	-2
167	394	2
167	403	2
168	186	1
168	208	1
168	246	-2
168	260	2
168	369	-2
169	175	1
169	178	1
169	201	1
169	202	1
169	269	2
169	353	2
169	392	2
170	263	-2
170	303	2
170	387	-2
171	335	2
171	354	2
171	378	-2
172	177	1
172	200	1
172	266	-2
172	383	2
172	396	-2
173	220	-2
173	301	-2
173	363	-2
174	180	1
174	204	1
174	233	-2
174	240	-2
174	253	-2
175	202	1
175	245	2
175	269	2
175	348	-2
176	179	1
176	213	-2
176	267	-2
176	317	2
177	208	1
177	287	2
177	389	-2
177	396	-2
178	201	1
178	204	1
178	235	-2
178	380	2
178	392	2
179	248	-2
179	267	-2
179	375	-2
180	192	1
180	226	-2
180	233	-2
180	337	-2
181	193	1
181	225	-2
181	286	2
181	371	-2
182	205	1
182	243	-2
182	293	2
182	386	-2
183	185	1
183	342	-2
183	345	2
183	415	2
184	193	1
184	275	-2
184	367	2
184	404	-2
185	190	1
185	342	-2
185	376	2
185	409	2
186	208	1
186	260	2
186	329	2
186	373	2
187	198	1
187	238	2
187	323	2
187	328	2
188	234	-2
188	283	-2
188	343	-2
189	247	-2
189	347	-2
189	356	-2
190	201	1
190	252	2
190	374	-2
190	376	2
191	268	-2
191	325	-2
191	336	-2
192	236	2
192	337	-2
192	357	2
193	286	2
193	338	-2
193	367	2
194	271	2
194	279	-2
194	288	-2
195	315	2
195	370	-2
195	401	-2
196	204	1
196	207	1
196	261	-2
196	276	-2
196	366	-2
197	210	2
197	377	2
197	414	-2
198	238	2
198	393	-2
198	406	2
199	289	2
199	300	-2
199	320	-2
200	265	-2
200	266	-2
200	390	2
201	244	-2
201	252	2
201	392	2
202	207	1
202	219	2
202	241	2
202	269	2
203	227	2
203	251	2
203	362	2
204	235	-2
204	253	-2
204	276	-2
205	272	-2
205	361	2
205	386	-2
206	212	-2
206	282	-2
206	340	2
207	219	2
207	261	-2
207	381	-2
208	260	2
208	277	2
208	389	-2
