1	1	-3
2	2	3
3	3	-1
4	4	1
5	5	-1
6	6	-3
7	7	-1
8	8	1
9	9	-3
10	10	-1
11	11	-1
12	12	1
13	13	-1
14	14	-3
15	15	-3
16	16	-1
17	17	1
18	18	-1
19	19	-1
20	20	-1
21	21	-1
22	22	1
23	23	1
24	24	1
25	25	1
26	26	-1
27	27	1
28	28	-1
29	29	-1
30	30	1
31	31	-1
32	32	1
33	33	-1
34	34	-3
35	35	-1
36	36	-1
37	37	-1
38	38	-1
39	39	-1
40	40	1
41	41	-1
42	42	-1
43	43	1
44	44	1
45	45	-1
46	46	1
47	47	3
48	48	-1
49	49	-3
50	50	-1
51	51	-1
52	52	-3
53	53	-1
54	54	-3
55	55	3
56	56	-1
57	57	-3
58	58	1
59	59	1
60	60	-3
61	61	1
62	62	1
63	63	-3
64	64	-1
65	65	-3
66	66	1
67	67	3
68	68	-1
69	69	-1
70	70	3
71	71	1
72	72	-1
73	73	-1
74	74	-1
75	75	-1
76	76	-1
77	77	3
78	78	-1
79	79	1
80	80	3
81	81	3
82	82	1
83	83	1
84	84	1
85	85	-3
86	86	1
87	87	-3
88	88	-1
89	89	3
90	90	1
91	91	-1
92	92	1
93	93	-3
94	94	-1
95	95	-3
96	96	-1
97	97	3
98	98	1
99	99	1
100	100	1
101	101	3
102	102	-1
103	103	1
104	104	1
105	105	-1
106	106	1
107	107	3
108	108	-1
109	109	1
110	110	-1
111	111	1
112	112	3
113	113	-1
114	114	1
115	115	3
116	116	-1
117	117	1
118	118	1
119	119	3
120	120	-1
121	121	-1
122	122	1
123	123	1
124	124	1
125	125	1
126	126	3
127	127	3
128	128	1
129	129	1
130	130	3
131	131	-1
132	132	-1
133	133	3
134	134	1
135	135	-3
136	136	1
137	137	1
138	138	1
139	139	-3
140	140	-3
141	141	3
142	142	3
143	143	3
144	144	-3
145	145	-1
146	146	3
147	147	-1
148	148	1
149	149	-1
150	150	-3
151	151	1
152	152	1
153	153	-3
154	154	1
155	155	-1
156	156	-1
157	157	1
158	158	-1
159	159	-1
160	160	1
161	161	-1
162	162	1
163	163	-1
164	164	1
165	165	-1
166	166	1
167	167	1
168	168	1
169	169	-1
170	170	-1
171	171	1
172	172	-1
173	173	-1
174	174	-1
175	175	1
176	176	-3
177	177	1
178	178	-3
179	179	1
180	180	1
181	181	1
182	182	3
183	183	-3
184	184	-1
185	185	3
186	186	-3
187	187	-1
188	188	1
189	189	-1
190	190	3
191	191	-1
192	192	-3
193	193	1
194	194	3
195	195	1
196	196	-3
197	197	3
198	198	1
199	199	1
200	200	-3
201	201	-3
202	202	1
203	203	1
204	204	1
205	205	-1
206	206	-1
207	207	1
208	208	-3
209	209	1
210	210	-1
211	211	1
212	212	1
213	213	-1
214	214	3
215	215	1
216	216	3
217	217	-1
218	218	3
219	219	1
220	220	1
221	221	-1
222	222	-1
223	223	-1
224	224	1
225	225	-2
226	226	2
227	227	-2
228	228	-2
229	229	-2
230	230	-2
231	231	2
232	232	2
233	233	-2
234	234	2
235	235	2
236	236	-2
237	237	-2
238	238	-2
239	239	-2
240	240	2
241	241	2
242	242	-2
243	243	-2
244	244	2
245	245	-2
246	246	-2
247	247	2
248	248	2
249	249	2
250	250	-2
251	251	-2
252	252	2
253	253	2
254	254	-2
255	255	-2
256	256	2
257	257	2
258	258	2
259	259	-2
260	260	2
261	261	-2
262	262	2
263	263	-2
264	264	2
265	265	-2
266	266	2
267	267	2
268	268	-2
269	269	2
270	270	2
271	271	2
272	272	2
273	273	-2
274	274	-2
275	275	-2
276	276	2
277	277	2
278	278	-2
279	279	2
280	280	-2
281	281	2
282	282	2
283	283	-2
284	284	-2
285	285	-2
286	286	-2
287	287	2
288	288	-2
289	289	-2
290	290	-2
291	291	2
292	292	-2
293	293	2
294	294	-2
295	295	-2
296	296	-2
297	297	2
298	298	2
299	299	-2
300	300	2
301	301	-2
302	302	2
303	303	2
304	304	2
305	305	2
306	306	-2
307	307	2
308	308	-2
309	309	2
310	310	-2
311	311	-2
312	312	2
313	313	-2
314	314	2
315	315	-2
316	316	-2
317	317	-2
318	318	2
319	319	2
320	320	2
321	321	2
322	322	2
323	323	2
324	324	-2
325	325	2
326	326	-2
327	327	2
328	328	-2
329	329	2
330	330	-2
331	331	-2
332	332	2
333	333	2
334	334	-2
335	335	-2
336	336	2
337	337	2
338	338	-2
339	339	2
340	340	-2
341	341	-2
342	342	2
343	343	-2
344	344	2
345	345	2
346	346	2
347	347	-2
348	348	-2
349	349	2
350	350	-2
351	351	-2
352	352	2
353	353	-2
354	354	2
355	355	2
356	356	2
357	357	2
358	358	2
359	359	2
360	360	-2
361	361	-2
362	362	-2
363	363	2
364	364	2
365	365	2
366	366	2
367	367	2
368	368	-2
369	369	-2
370	370	2
371	371	2
372	372	2
373	373	-2
374	374	2
375	375	-2
376	376	2
377	377	2
378	378	2
379	379	-2
380	380	2
381	381	-2
382	382	2
383	383	2
384	384	2
385	385	2
386	386	-2
387	387	2
388	388	-2
389	389	-2
390	390	-2
391	391	-2
392	392	-2
393	393	-2
394	394	2
395	395	-2
396	396	2
397	397	-2
398	398	-2
399	399	-2
400	400	2
401	401	-2
402	402	2
403	403	2
404	404	-2
405	405	-2
406	406	-2
407	407	-2
408	408	2
409	409	2
410	410	2
411	411	-2
412	412	2
413	413	-2
414	414	-2
415	415	2
416	416	-2
417	417	-2
418	418	-2
419	419	2
420	420	-2
421	421	2
422	422	2
423	423	-2
424	424	2
425	425	-2
426	426	-2
427	427	-2
428	428	-2
429	429	2
430	430	-2
431	431	-2
432	432	-2
433	433	-2
434	434	-2
435	435	-2
436	436	2
437	437	-2
438	438	2
439	439	2
440	440	-2
441	441	-2
442	442	-2
443	443	-2
444	444	2
445	445	2
446	446	2
447	447	2
448	448	2
1	14	1
1	87	1
1	88	1
1	91	1
1	135	1
1	183	1
1	362	2
1	395	2
1	427	2
2	107	2
2	136	1
2	147	1
2	173	1
2	199	1
2	248	2
2	390	-2
2	440	-2
3	11	1
3	17	1
3	31	1
3	68	1
3	92	1
3	220	1
3	271	-2
3	340	-2
3	372	-2
4	25	1
4	48	1
4	110	1
4	146	1
4	187	1
4	191	1
4	292	-2
4	297	2
4	424	-2
5	21	1
5	34	1
5	68	1
5	117	1
5	122	1
5	140	1
5	346	-2
5	396	-2
5	408	2
6	41	1
6	57	1
6	109	1
6	121	1
6	124	1
6	165	1
6	304	-2
6	375	2
6	422	-2
7	33	1
7	49	1
7	76	1
7	79	1
7	116	1
7	119	1
7	262	2
7	296	2
7	370	-2
8	47	1
8	61	1
8	91	1
8	149	2
8	175	1
8	260	2
8	317	2
8	398	-2
9	30	1
9	37	1
9	51	1
9	74	1
9	95	1
9	208	1
9	276	-2
9	343	2
9	447	-2
10	21	1
10	45	1
10	66	1
10	168	1
10	181	1
10	201	1
10	249	-2
10	414	2
10	423	-2
11	17	1
11	26	1
11	29	1
11	187	1
11	208	1
11	340	-2
11	363	-2
11	385	-2
12	59	1
12	60	1
12	89	1
12	132	1
12	160	1
12	214	1
12	243	-2
12	281	2
12	308	2
13	28	1
13	63	1
13	99	1
13	153	1
13	177	1
13	196	1
13	238	-2
13	247	-2
13	254	2
14	48	1
14	68	1
14	176	1
14	183	1
14	221	1
14	228	2
14	427	2
14	433	2
15	29	1
15	57	1
15	121	1
15	128	1
15	139	1
15	168	1
15	227	2
15	253	-2
15	392	2
16	41	1
16	101	1
16	113	1
16	174	1
16	209	1
16	214	1
16	231	2
16	366	-2
16	400	-2
17	182	1
17	186	1
17	202	1
17	215	1
17	340	-2
17	349	-2
17	364	2
18	38	1
18	90	1
18	151	1
18	153	1
18	180	1
18	213	1
18	239	2
18	265	2
18	339	2
19	143	1
19	178	1
19	179	1
19	196	1
19	218	1
19	222	1
19	242	-2
19	301	2
19	420	2
20	42	1
20	62	1
20	90	1
20	114	1
20	175	1
20	200	1
20	347	-2
20	417	2
20	428	2
21	112	1
21	119	1
21	122	1
21	181	1
21	346	-2
21	414	2
21	419	2
22	24	1
22	82	2
22	110	1
22	122	1
22	194	1
22	299	2
22	377	2
22	448	2
23	39	1
23	44	1
23	55	1
23	129	1
23	159	1
23	172	1
23	244	2
23	326	2
23	413	-2
24	35	1
24	114	1
24	120	1
24	194	1
24	205	1
24	285	2
24	306	-2
24	448	2
25	36	1
25	146	1
25	190	1
25	195	1
25	200	1
25	240	-2
25	297	2
25	315	-2
26	27	1
26	29	1
26	45	1
26	131	1
26	224	1
26	307	-2
26	359	2
26	363	-2
27	40	1
27	131	1
27	149	1
27	199	1
27	209	1
27	290	2
27	328	-2
27	359	2
28	87	1
28	116	1
28	145	1
28	177	1
28	208	1
28	234	-2
28	238	-2
28	360	2
29	121	1
29	165	1
29	216	1
29	269	2
29	363	-2
29	392	2
30	55	1
30	74	1
30	79	1
30	133	1
30	168	1
30	311	-2
30	314	2
30	447	-2
31	92	1
31	130	1
31	150	1
31	161	1
31	186	1
31	271	-2
31	274	-2
31	305	-2
32	43	1
32	67	1
32	115	1
32	120	1
32	184	1
32	204	1
32	255	2
32	259	-2
32	426	-2
33	79	1
33	86	1
33	166	1
33	170	1
33	213	1
33	256	2
33	296	2
33	356	-2
34	73	1
34	108	1
34	140	1
34	153	1
34	169	1
34	250	2
34	396	-2
34	399	2
35	44	1
35	108	1
35	139	1
35	157	1
35	205	1
35	287	-2
35	306	-2
35	437	2
36	57	1
36	158	1
36	163	1
36	175	1
36	200	1
36	240	-2
36	361	2
36	430	-2
37	95	1
37	125	1
37	196	1
37	201	1
37	216	1
37	276	-2
37	293	2
37	376	-2
38	54	1
38	163	1
38	173	1
38	180	1
38	183	1
38	284	2
38	339	2
38	443	2
39	75	1
39	106	1
39	134	1
39	152	1
39	159	1
39	286	2
39	310	-2
39	326	2
40	69	1
40	98	1
40	111	1
40	121	1
40	149	1
40	290	2
40	318	2
40	337	2
41	113	1
41	121	1
41	211	1
41	220	1
41	366	-2
41	380	2
41	422	-2
42	62	1
42	73	1
42	106	1
42	126	1
42	192	1
42	263	-2
42	268	2
42	417	2
43	67	1
43	92	1
43	94	1
43	96	1
43	206	1
43	338	-2
43	426	-2
43	432	2
44	55	1
44	108	1
44	151	1
44	207	1
44	244	2
44	344	2
44	437	2
45	83	1
45	93	1
45	168	1
45	224	1
45	307	-2
45	382	-2
45	423	-2
46	73	1
46	112	1
46	166	1
46	169	1
46	185	1
46	204	1
46	252	2
46	374	-2
46	404	-2
47	76	1
47	84	1
47	149	1
47	202	1
47	224	1
47	393	-2
47	398	-2
47	438	2
48	68	1
48	110	1
48	167	1
48	222	1
48	292	-2
48	411	2
48	433	2
49	54	1
49	76	1
49	78	1
49	135	1
49	155	1
49	334	2
49	370	-2
49	418	2
50	87	1
50	105	1
50	120	1
50	132	1
50	156	1
50	171	1
50	225	-2
50	279	-2
50	294	2
51	102	1
51	114	1
51	148	1
51	189	1
51	208	1
51	251	2
51	329	2
51	343	2
52	56	1
52	64	1
52	113	1
52	118	1
52	129	1
52	138	1
52	237	2
52	275	2
52	350	2
53	103	1
53	133	1
53	141	1
53	150	1
53	177	1
53	203	1
53	319	2
53	330	2
53	335	2
54	150	1
54	155	1
54	163	1
54	170	1
54	283	2
54	334	2
54	443	2
55	133	1
55	158	1
55	188	1
55	244	2
55	311	-2
55	412	2
56	59	1
56	70	1
56	71	1
56	118	1
56	178	1
56	275	2
56	354	2
56	355	-2
57	128	1
57	158	1
57	165	1
57	253	-2
57	304	-2
57	361	2
58	72	1
58	81	1
58	124	1
58	142	1
58	170	1
58	199	1
58	233	-2
58	235	2
58	407	2
59	70	1
59	74	1
59	95	1
59	214	1
59	266	-2
59	281	2
59	354	2
60	69	1
60	132	1
60	144	1
60	192	1
60	223	1
60	303	-2
60	308	2
60	445	-2
61	100	1
61	108	1
61	175	1
61	210	1
61	223	1
61	260	2
61	387	2
61	402	-2
62	78	1
62	101	1
62	160	1
62	164	1
62	381	-2
62	409	2
62	417	2
63	65	1
63	69	1
63	85	1
63	99	1
63	206	1
63	254	2
63	403	-2
63	436	-2
64	70	1
64	94	1
64	118	1
64	138	1
64	192	1
64	245	2
64	273	-2
64	350	2
65	85	1
65	131	1
65	160	1
65	162	1
65	184	1
65	267	-2
65	323	-2
65	436	-2
66	99	1
66	122	1
66	148	1
66	182	1
66	201	1
66	249	-2
66	358	2
66	431	-2
67	194	1
67	198	1
67	209	1
67	212	1
67	246	-2
67	309	2
67	426	-2
68	117	1
68	220	1
68	372	-2
68	408	2
68	433	2
69	111	1
69	192	1
69	206	1
69	303	-2
69	318	2
69	403	-2
70	81	1
70	118	1
70	143	1
70	273	-2
70	324	-2
70	354	2
71	92	1
71	146	1
71	164	1
71	178	1
71	195	1
71	321	2
71	355	-2
71	446	2
72	78	1
72	129	1
72	162	1
72	199	1
72	217	1
72	270	-2
72	368	-2
72	407	2
73	126	1
73	153	1
73	169	1
73	263	-2
73	374	-2
73	399	2
74	95	1
74	128	1
74	212	1
74	266	-2
74	327	2
74	447	-2
75	152	1
75	179	1
75	200	1
75	211	1
75	219	1
75	257	2
75	286	2
75	289	2
76	84	1
76	117	1
76	202	1
76	320	-2
76	370	-2
76	393	-2
77	82	1
77	109	1
77	141	2
77	162	1
77	169	1
77	277	2
77	439	2
77	441	-2
78	135	1
78	160	1
78	217	1
78	270	-2
78	409	2
78	418	2
79	103	1
79	168	1
79	190	1
79	296	2
79	314	2
79	316	-2
80	90	1
80	99	1
80	105	1
80	115	1
80	181	1
80	188	1
80	229	-2
80	313	-2
80	442	-2
81	111	1
81	143	1
81	167	1
81	170	1
81	233	-2
81	324	-2
81	435	-2
82	110	1
82	122	1
82	162	1
82	277	2
82	299	2
82	377	2
83	93	1
83	100	1
83	103	1
83	193	1
83	203	1
83	331	-2
83	382	-2
83	383	2
84	94	1
84	97	1
84	117	1
84	224	1
84	320	-2
84	351	-2
84	438	2
85	88	1
85	202	1
85	205	1
85	207	1
85	278	2
85	341	2
85	436	-2
86	123	1
86	125	1
86	133	1
86	166	1
86	176	1
86	256	2
86	272	2
86	280	2
87	88	1
87	105	1
87	116	1
87	279	-2
87	360	2
87	362	2
88	118	1
88	155	1
88	207	1
88	278	2
88	302	2
88	362	2
89	160	1
89	179	1
89	182	1
89	211	1
89	224	1
89	243	-2
89	336	2
89	371	2
90	105	1
90	114	1
90	153	1
90	229	-2
90	265	2
90	347	-2
91	97	1
91	127	1
91	135	1
91	149	1
91	317	2
91	391	-2
91	395	2
92	96	1
92	195	1
92	271	-2
92	321	2
92	338	-2
93	135	1
93	147	1
93	158	1
93	189	1
93	373	2
93	378	-2
93	382	-2
94	97	1
94	192	1
94	206	1
94	245	2
94	351	-2
94	432	2
95	156	1
95	212	1
95	266	-2
95	276	-2
95	410	-2
96	123	1
96	144	1
96	176	1
96	198	1
96	338	-2
96	379	2
96	388	2
97	117	1
97	127	1
97	152	1
97	351	-2
97	389	-2
97	391	-2
98	116	1
98	121	1
98	130	1
98	144	1
98	145	1
98	337	2
98	405	-2
98	429	-2
99	115	1
99	122	1
99	254	2
99	313	-2
99	431	-2
100	103	1
100	108	1
100	134	1
100	180	1
100	383	2
100	386	2
100	387	2
101	164	1
101	197	1
101	214	1
101	220	1
101	231	2
101	381	-2
101	444	2
102	110	1
102	142	1
102	189	2
102	205	1
102	251	2
102	288	2
102	434	-2
103	150	1
103	190	1
103	316	-2
103	335	2
103	383	2
104	151	1
104	154	1
104	165	1
104	213	1
104	217	1
104	222	1
104	298	2
104	325	2
104	397	2
105	172	1
105	178	1
105	229	-2
105	241	-2
105	279	-2
106	134	1
106	138	1
106	167	1
106	192	1
106	268	2
106	310	-2
106	352	2
107	147	1
107	173	1
107	215	1
107	216	1
107	248	2
107	261	-2
107	440	-2
108	169	1
108	250	2
108	387	2
108	437	2
109	124	1
109	125	1
109	141	1
109	194	1
109	375	2
109	416	-2
109	441	-2
110	205	1
110	288	2
110	292	-2
110	299	2
111	147	1
111	161	1
111	167	1
111	258	-2
111	318	2
111	435	-2
112	119	1
112	130	1
112	154	1
112	185	1
112	252	2
112	332	2
112	419	2
113	127	1
113	129	1
113	138	1
113	237	2
113	345	2
113	366	-2
114	120	1
114	148	1
114	285	2
114	329	2
114	347	-2
115	120	1
115	187	1
115	197	1
115	259	-2
115	313	-2
115	333	2
116	119	1
116	144	1
116	262	2
116	360	2
116	429	-2
117	152	1
117	320	-2
117	389	-2
117	408	2
118	155	1
118	273	-2
118	275	2
118	302	2
119	171	1
119	191	1
119	226	2
119	262	2
119	419	2
120	132	1
120	259	-2
120	285	2
120	294	2
121	337	2
121	392	2
121	422	-2
122	346	-2
122	377	2
122	431	-2
123	126	1
123	133	1
123	197	1
123	198	1
123	272	2
123	291	2
123	379	2
124	142	1
124	180	1
124	218	1
124	235	2
124	312	2
124	375	2
125	176	1
125	194	1
125	216	1
125	280	2
125	293	2
125	416	-2
126	127	1
126	197	1
126	203	1
126	263	-2
126	291	2
126	295	-2
127	138	1
127	203	1
127	295	-2
127	345	2
127	391	-2
128	142	1
128	212	1
128	221	1
128	253	-2
128	327	2
128	367	2
129	162	1
129	172	1
129	237	2
129	368	-2
129	413	-2
130	145	1
130	154	1
130	161	1
130	274	-2
130	332	2
130	405	-2
131	145	1
131	159	1
131	184	1
131	323	-2
131	348	2
131	359	2
132	146	1
132	159	1
132	294	2
132	308	2
132	365	2
133	141	1
133	272	2
133	311	-2
133	319	2
134	137	1
134	157	1
134	180	1
134	300	2
134	310	-2
134	386	2
135	189	1
135	378	-2
135	395	2
135	418	2
136	155	1
136	161	1
136	184	1
136	199	1
136	219	1
136	230	2
136	264	2
136	390	-2
137	143	1
137	152	1
137	157	1
137	164	1
137	193	1
137	300	2
137	322	-2
137	425	-2
138	167	1
138	345	2
138	350	2
138	352	2
139	156	1
139	157	1
139	168	1
139	191	1
139	227	2
139	287	-2
139	384	-2
140	174	1
140	195	1
140	201	1
140	210	1
140	282	-2
140	396	-2
140	415	-2
141	169	1
141	319	2
141	439	2
141	441	-2
142	189	1
142	221	1
142	235	2
142	367	2
142	434	-2
143	152	1
143	218	1
143	242	-2
143	324	-2
143	425	-2
144	176	1
144	223	1
144	388	2
144	429	-2
144	445	-2
145	159	1
145	208	1
145	234	-2
145	348	2
145	405	-2
146	159	1
146	164	1
146	297	2
146	365	2
146	446	2
147	158	1
147	161	1
147	258	-2
147	373	2
147	440	-2
148	171	1
148	173	1
148	182	1
148	329	2
148	358	2
148	369	2
149	290	2
149	317	2
149	398	-2
150	170	1
150	186	1
150	283	2
150	305	-2
150	335	2
151	207	1
151	213	2
151	239	2
151	325	2
151	344	2
152	286	2
152	389	-2
152	425	-2
153	196	1
153	247	-2
153	265	2
153	399	2
154	165	1
154	181	1
154	210	1
154	332	2
154	394	2
154	397	2
155	161	1
155	230	2
155	302	2
155	334	2
156	171	1
156	191	1
156	212	1
156	225	-2
156	384	-2
156	410	-2
157	177	1
157	223	1
157	287	-2
157	300	2
157	406	-2
158	188	1
158	361	2
158	373	2
158	412	2
159	326	2
159	348	2
159	365	2
160	162	1
160	243	-2
160	267	-2
160	409	2
161	230	2
161	258	-2
161	274	-2
162	267	-2
162	277	2
162	368	-2
163	172	1
163	175	1
163	188	1
163	421	-2
163	430	-2
163	443	2
164	193	1
164	322	-2
164	381	-2
164	446	2
165	216	1
165	269	2
165	304	-2
165	397	2
166	204	1
166	217	1
166	221	1
166	256	2
166	357	-2
166	404	-2
167	222	1
167	352	2
167	411	2
167	435	-2
168	227	2
168	314	2
168	423	-2
169	250	2
169	374	-2
169	439	2
170	213	1
170	233	-2
170	283	2
170	356	-2
171	173	1
171	191	1
171	225	-2
171	226	2
171	369	2
172	178	1
172	188	1
172	241	-2
172	413	-2
172	421	-2
173	183	1
173	248	2
173	284	2
173	369	2
174	201	1
174	206	1
174	209	1
174	218	1
174	236	-2
174	282	-2
174	400	-2
175	200	1
175	260	2
175	428	2
175	430	-2
176	221	1
176	228	2
176	280	2
176	388	2
177	203	1
177	223	1
177	238	-2
177	330	2
177	406	-2
178	222	1
178	241	-2
178	301	2
178	355	-2
179	182	1
179	196	1
179	219	1
179	257	2
179	336	2
179	420	2
180	218	1
180	312	2
180	339	2
180	386	2
181	188	1
181	210	1
181	394	2
181	414	2
181	442	-2
182	202	1
182	336	2
182	358	2
182	364	2
183	186	1
183	219	1
183	232	-2
183	284	2
183	427	2
184	204	1
184	219	1
184	255	2
184	264	2
184	323	-2
185	198	1
185	204	1
185	207	1
185	214	1
185	252	2
185	342	2
185	353	-2
186	215	1
186	219	1
186	232	-2
186	305	-2
186	349	-2
187	191	1
187	197	1
187	208	1
187	333	2
187	385	-2
187	424	-2
188	412	2
188	421	-2
188	442	-2
189	251	2
189	378	-2
189	434	-2
190	193	1
190	195	1
190	215	1
190	315	-2
190	316	-2
190	401	-2
191	226	2
191	384	-2
191	424	-2
192	245	2
192	268	2
192	303	-2
193	203	1
193	215	1
193	322	-2
193	331	-2
193	401	-2
194	212	1
194	246	-2
194	416	-2
194	448	2
195	210	1
195	315	-2
195	321	2
195	415	-2
196	201	1
196	247	-2
196	376	-2
196	420	2
197	220	1
197	291	2
197	333	2
197	444	2
198	207	1
198	209	1
198	309	2
198	353	-2
198	379	2
199	209	1
199	328	-2
199	390	-2
199	407	2
200	211	1
200	240	-2
200	289	2
200	428	2
201	249	-2
201	282	-2
201	376	-2
202	205	1
202	341	2
202	364	2
202	393	-2
203	295	-2
203	330	2
203	331	-2
204	214	1
204	255	2
204	342	2
204	404	-2
205	288	2
205	306	-2
205	341	2
206	218	1
206	236	-2
206	403	-2
206	432	2
207	278	2
207	344	2
207	353	-2
208	234	-2
208	343	2
208	385	-2
209	309	2
209	328	-2
209	400	-2
210	223	1
210	394	2
210	402	-2
210	415	-2
211	220	1
211	224	1
211	289	2
211	371	2
211	380	2
212	246	-2
212	327	2
212	410	-2
213	239	2
213	325	2
213	356	-2
214	231	2
214	281	2
214	342	2
215	216	1
215	261	-2
215	349	-2
215	401	-2
216	261	-2
216	269	2
216	293	2
217	221	1
217	222	1
217	270	-2
217	298	2
217	357	-2
218	236	-2
218	242	-2
218	312	2
219	232	-2
219	257	2
219	264	2
220	372	-2
220	380	2
220	444	2
221	228	2
221	357	-2
221	367	2
222	298	2
222	301	2
222	411	2
223	402	-2
223	406	-2
223	445	-2
224	307	-2
224	371	2
224	438	2
