1	1	1
2	2	1
3	3	-3
4	4	-3
5	5	-1
6	6	1
7	7	1
8	8	3
9	9	3
10	10	3
11	11	-1
12	12	-1
13	13	1
14	14	-1
15	15	1
16	16	-1
17	17	-1
18	18	-3
19	19	3
20	20	-3
21	21	1
22	22	3
23	23	1
24	24	1
25	25	-1
26	26	-1
27	27	1
28	28	1
29	29	-1
30	30	-1
31	31	-1
32	32	3
33	33	-1
34	34	1
35	35	1
36	36	-1
37	37	3
38	38	-1
39	39	-1
40	40	-1
41	41	1
42	42	-1
43	43	1
44	44	-1
45	45	1
46	46	-3
47	47	3
48	48	1
49	49	-1
50	50	-1
51	51	-3
52	52	-1
53	53	1
54	54	-1
55	55	3
56	56	1
57	57	3
58	58	-3
59	59	1
60	60	1
61	61	3
62	62	1
63	63	3
64	64	-1
65	65	1
66	66	-1
67	67	1
68	68	-1
69	69	-1
70	70	-1
71	71	-1
72	72	3
73	73	-1
74	74	1
75	75	1
76	76	1
77	77	-1
78	78	1
79	79	1
80	80	-3
81	81	1
82	82	-1
83	83	3
84	84	1
85	85	1
86	86	3
87	87	-1
88	88	3
89	89	-3
90	90	-3
91	91	3
92	92	-3
93	93	-3
94	94	-1
95	95	1
96	96	1
97	97	1
98	98	-1
99	99	-1
100	100	-3
101	101	-3
102	102	-1
103	103	3
104	104	1
105	105	1
106	106	1
107	107	-3
108	108	1
109	109	-3
110	110	-1
111	111	-3
112	112	1
113	113	-1
114	114	-1
115	115	-3
116	116	-1
117	117	1
118	118	-1
119	119	1
120	120	1
121	121	1
122	122	1
123	123	3
124	124	1
125	125	1
126	126	1
127	127	-1
128	128	1
129	129	-1
130	130	-1
131	131	-3
132	132	-1
133	133	3
134	134	1
135	135	1
136	136	3
137	137	3
138	138	-1
139	139	1
140	140	3
141	141	1
142	142	-1
143	143	-3
144	144	-1
145	145	1
146	146	1
147	147	-1
148	148	-3
149	149	-1
150	150	1
151	151	1
152	152	-1
153	153	1
154	154	-3
155	155	1
156	156	-1
157	157	1
158	158	1
159	159	1
160	160	1
161	161	1
162	162	1
163	163	-1
164	164	-1
165	165	-1
166	166	1
167	167	-3
168	168	1
169	169	2
170	170	2
171	171	2
172	172	2
173	173	-2
174	174	2
175	175	2
176	176	-2
177	177	2
178	178	2
179	179	-2
180	180	2
181	181	-2
182	182	-2
183	183	2
184	184	-2
185	185	2
186	186	-2
187	187	2
188	188	2
189	189	-2
190	190	2
191	191	2
192	192	2
193	193	-2
194	194	2
195	195	2
196	196	2
197	197	2
198	198	-2
199	199	-2
200	200	-2
201	201	2
202	202	2
203	203	2
204	204	-2
205	205	2
206	206	2
207	207	-2
208	208	-2
209	209	2
210	210	-2
211	211	2
212	212	-2
213	213	2
214	214	-2
215	215	2
216	216	2
217	217	-2
218	218	2
219	219	-2
220	220	2
221	221	-2
222	222	2
223	223	-2
224	224	-2
225	225	2
226	226	-2
227	227	2
228	228	-2
229	229	2
230	230	-2
231	231	2
232	232	2
233	233	-2
234	234	2
235	235	-2
236	236	-2
237	237	2
238	238	2
239	239	-2
240	240	2
241	241	2
242	242	2
243	243	2
244	244	-2
245	245	-2
246	246	-2
247	247	-2
248	248	2
249	249	-2
250	250	2
251	251	-2
252	252	-2
253	253	-2
254	254	2
255	255	-2
256	256	2
257	257	-2
258	258	-2
259	259	-2
260	260	2
261	261	-2
262	262	2
263	263	2
264	264	2
265	265	2
266	266	2
267	267	2
268	268	-2
269	269	-2
270	270	2
271	271	-2
272	272	2
273	273	-2
274	274	-2
275	275	2
276	276	2
277	277	-2
278	278	2
279	279	-2
280	280	2
281	281	-2
282	282	2
283	283	2
284	284	2
285	285	-2
286	286	2
287	287	-2
288	288	2
289	289	2
290	290	-2
291	291	2
292	292	-2
293	293	2
294	294	-2
295	295	-2
296	296	-2
297	297	2
298	298	-2
299	299	-2
300	300	-2
301	301	-2
302	302	2
303	303	-2
304	304	2
305	305	-2
306	306	-2
307	307	-2
308	308	-2
309	309	2
310	310	-2
311	311	-2
312	312	-2
313	313	-2
314	314	2
315	315	2
316	316	-2
317	317	2
318	318	2
319	319	2
320	320	-2
321	321	2
322	322	2
323	323	2
324	324	-2
325	325	-2
326	326	-2
327	327	-2
328	328	2
329	329	2
330	330	2
331	331	-2
332	332	-2
333	333	2
334	334	2
335	335	2
336	336	-2
1	10	1
1	35	1
1	38	1
1	103	1
1	127	1
1	168	1
1	263	-2
1	328	2
1	332	-2
2	14	1
2	28	1
2	54	1
2	64	1
2	92	1
2	94	1
2	180	2
2	268	2
2	301	-2
3	31	1
3	41	1
3	70	1
3	99	1
3	106	1
3	111	1
3	217	2
3	271	2
3	318	-2
4	17	1
4	64	1
4	66	1
4	109	1
4	111	1
4	112	1
4	249	2
4	304	-2
4	319	-2
5	50	1
5	77	1
5	85	1
5	112	1
5	130	1
5	138	1
5	170	-2
5	175	2
5	200	2
6	29	1
6	68	1
6	74	1
6	87	1
6	122	1
6	157	1
6	286	-2
6	288	2
6	335	2
7	35	1
7	37	1
7	101	1
7	112	1
7	131	1
7	136	1
7	291	2
7	306	-2
7	326	2
8	34	1
8	47	1
8	62	1
8	63	1
8	108	1
8	161	1
8	194	2
8	240	2
8	300	-2
9	19	1
9	36	1
9	52	1
9	119	1
9	146	1
9	163	1
9	211	2
9	250	2
9	325	-2
10	16	1
10	77	1
10	96	1
10	105	1
10	168	1
10	206	2
10	285	-2
10	328	2
11	18	1
11	66	1
11	110	1
11	114	1
11	140	1
11	144	1
11	171	-2
11	188	2
11	225	-2
12	18	1
12	22	1
12	42	1
12	52	1
12	149	1
12	162	1
12	173	2
12	295	2
12	322	2
13	23	1
13	40	1
13	72	1
13	108	1
13	121	1
13	128	1
13	218	2
13	235	-2
13	269	2
14	16	1
14	92	1
14	96	1
14	97	1
14	144	1
14	214	-2
14	268	2
14	329	-2
15	21	1
15	32	1
15	59	1
15	94	1
15	101	1
15	133	1
15	205	2
15	233	2
15	333	2
16	64	1
16	96	1
16	97	1
16	122	1
16	206	2
16	259	2
16	329	-2
17	46	1
17	85	1
17	102	1
17	109	1
17	145	1
17	228	-2
17	304	-2
17	323	-2
18	20	1
18	124	1
18	144	1
18	149	1
18	225	-2
18	295	2
18	327	2
19	56	1
19	83	1
19	132	1
19	146	1
19	157	1
19	208	-2
19	290	-2
19	325	-2
20	50	1
20	90	1
20	119	1
20	124	1
20	159	1
20	204	2
20	221	2
20	327	2
21	59	1
21	75	1
21	92	1
21	113	1
21	128	1
21	205	2
21	220	2
21	253	2
22	82	1
22	106	1
22	120	1
22	135	1
22	162	1
22	282	2
22	283	2
22	322	2
23	34	1
23	76	1
23	103	1
23	110	1
23	121	1
23	176	-2
23	210	2
23	218	2
24	26	1
24	39	1
24	45	1
24	125	1
24	133	1
24	159	1
24	203	-2
24	222	2
24	258	-2
25	29	1
25	43	1
25	87	1
25	113	1
25	130	1
25	167	1
25	177	-2
25	277	-2
25	284	-2
26	32	1
26	44	1
26	51	1
26	88	1
26	125	1
26	172	2
26	199	2
26	203	-2
27	56	1
27	74	1
27	78	1
27	100	1
27	165	1
27	166	1
27	184	2
27	215	2
27	275	2
28	44	1
28	48	1
28	53	1
28	54	1
28	128	1
28	241	2
28	242	-2
28	301	-2
29	83	1
29	87	2
29	97	1
29	177	-2
29	262	2
29	286	-2
30	68	1
30	78	1
30	86	1
30	92	1
30	95	1
30	147	1
30	274	2
30	303	2
30	314	2
31	41	1
31	51	1
31	58	1
31	70	1
31	98	1
31	217	2
31	294	-2
31	330	-2
32	60	1
32	88	1
32	133	1
32	141	1
32	172	2
32	185	2
32	333	2
33	39	1
33	88	1
33	123	1
33	135	1
33	138	1
33	143	1
33	311	2
33	321	-2
33	324	-2
34	65	1
34	108	1
34	110	1
34	162	1
34	210	2
34	236	-2
34	240	2
35	37	1
35	127	1
35	139	1
35	152	1
35	263	-2
35	272	2
35	306	-2
36	38	1
36	52	1
36	58	1
36	84	1
36	116	1
36	250	2
36	281	2
36	317	-2
37	41	1
37	47	1
37	63	1
37	147	1
37	189	-2
37	298	-2
37	306	-2
38	58	1
38	103	1
38	104	1
38	109	1
38	244	2
38	281	2
38	332	-2
39	133	1
39	139	1
39	143	1
39	167	1
39	216	-2
39	222	2
39	321	-2
40	46	1
40	62	1
40	108	1
40	121	1
40	165	1
40	238	2
40	260	-2
40	269	2
41	47	1
41	98	1
41	99	1
41	189	-2
41	271	2
41	294	-2
42	49	1
42	52	1
42	118	1
42	123	1
42	142	1
42	173	2
42	209	-2
42	254	2
43	49	1
43	89	1
43	113	1
43	134	1
43	137	1
43	239	2
43	277	-2
43	307	-2
44	51	1
44	53	1
44	93	1
44	162	1
44	199	2
44	241	2
44	289	-2
45	78	1
45	90	1
45	117	1
45	144	1
45	159	1
45	258	-2
45	292	-2
45	336	2
46	62	1
46	82	1
46	102	1
46	154	1
46	260	-2
46	305	2
46	323	-2
47	55	1
47	63	1
47	91	1
47	189	-2
47	257	-2
47	300	-2
48	81	1
48	88	1
48	104	1
48	117	1
48	128	1
48	212	-2
48	242	-2
48	267	2
49	73	1
49	89	1
49	123	1
49	160	1
49	239	2
49	254	2
49	256	-2
50	89	1
50	112	1
50	116	1
50	119	1
50	175	2
50	187	-2
50	204	2
51	58	2
51	163	1
51	199	2
51	230	2
51	330	-2
52	74	1
52	132	1
52	173	2
52	250	2
52	293	-2
53	57	1
53	67	1
53	113	1
53	121	1
53	182	2
53	213	2
53	241	2
54	94	1
54	129	1
54	158	1
54	166	1
54	186	2
54	207	2
54	301	-2
55	91	2
55	104	1
55	125	1
55	127	1
55	201	2
55	257	-2
55	297	2
56	78	1
56	83	1
56	96	1
56	126	1
56	202	-2
56	275	2
56	290	-2
57	67	1
57	85	1
57	87	1
57	110	1
57	140	1
57	213	2
57	229	2
57	273	-2
58	163	1
58	230	2
58	281	2
58	330	-2
59	79	1
59	100	1
59	133	1
59	148	1
59	169	-2
59	205	2
59	251	-2
60	107	1
60	141	1
60	153	1
60	161	1
60	168	1
60	185	2
60	248	2
60	334	-2
61	86	1
61	105	1
61	137	1
61	138	1
61	140	1
61	145	1
61	234	2
61	264	2
61	278	2
62	130	1
62	155	1
62	161	1
62	194	2
62	198	-2
62	260	-2
63	70	1
63	124	1
63	147	1
63	178	2
63	298	-2
63	300	-2
64	94	1
64	112	1
64	122	1
64	180	2
64	259	2
64	319	-2
65	103	1
65	115	1
65	126	1
65	127	1
65	162	1
65	236	-2
65	246	-2
65	255	2
66	100	1
66	102	1
66	111	1
66	140	1
66	188	2
66	237	-2
66	249	2
67	95	1
67	114	1
67	119	1
67	132	1
67	183	-2
67	213	2
67	302	2
68	93	1
68	122	1
68	146	1
68	147	1
68	274	2
68	288	2
68	315	-2
69	99	1
69	129	1
69	141	1
69	143	1
69	148	1
69	161	1
69	179	-2
69	226	2
69	252	2
70	120	1
70	124	1
70	167	1
70	178	2
70	217	2
70	219	2
71	79	1
71	89	1
71	105	1
71	118	1
71	123	1
71	152	1
71	261	2
71	308	2
71	309	2
72	86	1
72	97	1
72	128	1
72	139	1
72	158	1
72	174	2
72	232	2
72	235	-2
73	82	1
73	122	1
73	152	1
73	158	1
73	160	1
73	192	-2
73	256	-2
73	280	2
74	132	1
74	157	1
74	166	1
74	215	2
74	293	-2
74	335	2
75	91	1
75	101	1
75	109	1
75	128	1
75	155	1
75	220	2
75	224	-2
75	243	-2
76	103	1
76	117	1
76	125	1
76	143	1
76	156	1
76	176	-2
76	196	2
76	223	2
77	85	1
77	93	1
77	105	1
77	151	1
77	170	-2
77	197	-2
77	285	-2
78	92	1
78	117	1
78	275	2
78	292	-2
78	303	2
79	95	1
79	111	1
79	123	1
79	133	1
79	251	-2
79	266	-2
79	309	2
80	81	1
80	141	1
80	142	1
80	145	1
80	147	1
80	153	1
80	195	-2
80	227	-2
80	320	2
81	117	1
81	147	1
81	149	1
81	168	1
81	212	-2
81	312	-2
81	320	2
82	120	1
82	152	1
82	154	1
82	192	-2
82	283	2
82	305	2
83	84	1
83	97	1
83	136	1
83	262	2
83	290	-2
83	296	-2
84	116	1
84	136	1
84	151	1
84	164	1
84	296	-2
84	313	-2
84	317	-2
85	140	1
85	145	1
85	170	-2
85	228	-2
85	229	2
86	95	1
86	97	1
86	138	1
86	232	2
86	264	2
86	314	2
87	110	1
87	177	-2
87	273	-2
87	286	-2
88	104	1
88	123	1
88	172	2
88	267	2
88	324	-2
89	116	1
89	152	1
89	187	-2
89	239	2
89	308	2
90	98	1
90	107	1
90	144	1
90	159	1
90	221	2
90	270	-2
90	336	2
91	125	1
91	155	1
91	224	-2
91	257	-2
91	297	2
92	113	1
92	253	2
92	268	2
92	303	2
93	146	1
93	151	1
93	162	1
93	197	-2
93	289	-2
93	315	-2
94	101	1
94	158	1
94	180	2
94	207	2
94	233	2
95	111	1
95	119	1
95	266	-2
95	302	2
95	314	2
96	126	1
96	144	1
96	202	-2
96	206	2
96	214	-2
97	232	2
97	262	2
97	329	-2
98	107	1
98	149	1
98	154	1
98	191	-2
98	270	-2
98	294	-2
99	115	1
99	141	1
99	154	1
99	179	-2
99	271	2
99	276	-2
100	102	1
100	148	1
100	165	1
100	169	-2
100	184	2
100	237	-2
101	109	1
101	131	1
101	233	2
101	243	-2
101	326	2
102	118	1
102	151	1
102	193	-2
102	237	-2
102	323	-2
103	126	1
103	176	-2
103	246	-2
103	332	-2
104	109	1
104	127	1
104	201	2
104	244	2
104	267	2
105	118	1
105	137	1
105	234	2
105	261	2
105	285	-2
106	111	1
106	135	1
106	150	1
106	153	1
106	181	-2
106	282	2
106	318	-2
107	115	1
107	134	1
107	168	1
107	265	-2
107	270	-2
107	334	-2
108	134	1
108	166	1
108	240	2
108	269	2
108	287	-2
109	243	-2
109	244	2
109	304	-2
110	114	1
110	171	-2
110	210	2
110	273	-2
111	249	2
111	266	-2
111	318	-2
112	136	1
112	175	2
112	291	2
112	319	-2
113	121	1
113	182	2
113	253	2
113	277	-2
114	132	1
114	150	1
114	159	1
114	171	-2
114	183	-2
114	279	-2
115	127	1
115	134	1
115	154	1
115	255	2
115	265	-2
115	276	-2
116	124	1
116	126	1
116	187	-2
116	247	-2
116	317	-2
117	143	1
117	212	-2
117	223	2
117	292	-2
118	142	1
118	151	1
118	193	-2
118	209	-2
118	261	2
119	163	1
119	204	2
119	211	2
119	302	2
120	137	1
120	146	1
120	167	1
120	190	2
120	219	2
120	283	2
121	165	1
121	182	2
121	218	2
121	238	2
122	158	1
122	259	2
122	280	2
122	288	2
123	254	2
123	309	2
123	324	-2
124	126	1
124	178	2
124	247	-2
124	327	2
125	156	1
125	196	2
125	203	-2
125	297	2
126	202	-2
126	246	-2
126	247	-2
127	201	2
127	255	2
127	263	-2
128	220	2
128	235	-2
128	242	-2
129	136	1
129	160	1
129	161	1
129	166	1
129	186	2
129	252	2
129	331	-2
130	138	1
130	155	1
130	167	1
130	198	-2
130	200	2
130	284	-2
131	150	1
131	156	1
131	157	1
131	164	1
131	299	2
131	316	2
131	326	2
132	157	1
132	183	-2
132	208	-2
132	293	-2
133	222	2
133	251	-2
133	333	2
134	137	1
134	166	1
134	265	-2
134	287	-2
134	307	-2
135	138	1
135	142	1
135	160	1
135	282	2
135	310	-2
135	311	2
136	160	1
136	291	2
136	296	-2
136	331	-2
137	146	1
137	190	2
137	234	2
137	307	-2
138	200	2
138	264	2
138	311	2
139	152	1
139	158	1
139	167	1
139	174	2
139	216	-2
139	272	2
140	145	1
140	188	2
140	229	2
140	278	2
141	153	1
141	179	-2
141	185	2
141	195	-2
142	145	1
142	160	1
142	209	-2
142	227	-2
142	310	-2
143	148	1
143	223	2
143	226	2
143	321	-2
144	214	-2
144	225	-2
144	336	2
145	227	-2
145	228	-2
145	278	2
146	190	2
146	315	-2
146	325	-2
147	274	2
147	298	-2
147	320	2
148	155	1
148	156	1
148	169	-2
148	226	2
148	245	2
149	154	1
149	168	1
149	191	-2
149	295	2
149	312	-2
150	153	1
150	159	1
150	164	1
150	181	-2
150	279	-2
150	316	2
151	164	1
151	193	-2
151	197	-2
151	313	-2
152	192	-2
152	272	2
152	308	2
153	161	1
153	181	-2
153	195	-2
153	248	2
154	191	-2
154	276	-2
154	305	2
155	156	1
155	198	-2
155	224	-2
155	245	2
156	157	1
156	196	2
156	245	2
156	299	2
157	208	-2
157	299	2
157	335	2
158	174	2
158	207	2
158	280	2
159	221	2
159	258	-2
159	279	-2
160	256	-2
160	310	-2
160	331	-2
161	194	2
161	248	2
161	252	2
162	236	-2
162	289	-2
162	322	2
163	164	1
163	165	1
163	211	2
163	230	2
163	231	-2
164	165	1
164	231	-2
164	313	-2
164	316	2
165	184	2
165	231	-2
165	238	2
166	186	2
166	215	2
166	287	-2
167	216	-2
167	219	2
167	284	-2
168	312	-2
168	328	2
168	334	-2
