1	1	-1
2	2	3
3	3	-3
4	4	1
5	5	-3
6	6	-3
7	7	3
8	8	-1
9	9	3
10	10	-1
11	11	-1
12	12	-1
13	13	3
14	14	1
15	15	3
16	16	1
17	17	-3
18	18	3
19	19	-3
20	20	3
21	21	-1
22	22	-3
23	23	1
24	24	3
25	25	-1
26	26	1
27	27	-1
28	28	-1
29	29	-1
30	30	1
31	31	1
32	32	-3
33	33	1
34	34	1
35	35	1
36	36	1
37	37	1
38	38	3
39	39	3
40	40	1
41	41	1
42	42	1
43	43	1
44	44	-3
45	45	1
46	46	1
47	47	-3
48	48	-1
49	49	1
50	50	1
51	51	3
52	52	1
53	53	-1
54	54	-3
55	55	-1
56	56	1
57	57	1
58	58	1
59	59	-1
60	60	-1
61	61	-1
62	62	-1
63	63	1
64	64	3
65	65	1
66	66	-3
67	67	1
68	68	3
69	69	-3
70	70	-1
71	71	3
72	72	1
73	73	-3
74	74	1
75	75	1
76	76	-3
77	77	3
78	78	1
79	79	1
80	80	-1
81	81	1
82	82	1
83	83	-1
84	84	-3
85	85	-1
86	86	1
87	87	-1
88	88	-3
89	89	3
90	90	3
91	91	3
92	92	-1
93	93	1
94	94	1
95	95	-3
96	96	1
97	97	3
98	98	-1
99	99	1
100	100	1
101	101	-1
102	102	1
103	103	1
104	104	1
105	105	-1
106	106	1
107	107	1
108	108	3
109	109	-1
110	110	3
111	111	-3
112	112	1
113	113	-1
114	114	-1
115	115	-1
116	116	1
117	117	-1
118	118	1
119	119	1
120	120	-3
121	121	-1
122	122	1
123	123	1
124	124	3
125	125	1
126	126	1
127	127	1
128	128	-1
129	129	1
130	130	-1
131	131	1
132	132	3
133	133	-1
134	134	3
135	135	1
136	136	-1
137	137	-1
138	138	1
139	139	-1
140	140	-1
141	141	-3
142	142	-3
143	143	-1
144	144	-1
145	145	1
146	146	-3
147	147	-1
148	148	-1
149	149	3
150	150	1
151	151	1
152	152	1
153	153	-1
154	154	-1
155	155	1
156	156	3
157	157	-3
158	158	-1
159	159	-1
160	160	1
161	161	1
162	162	-1
163	163	-1
164	164	1
165	165	-3
166	166	1
167	167	-1
168	168	-1
169	169	1
170	170	3
171	171	1
172	172	-1
173	173	1
174	174	3
175	175	1
176	176	1
177	177	-1
178	178	1
179	179	1
180	180	-1
181	181	1
182	182	-1
183	183	1
184	184	-1
185	185	1
186	186	1
187	187	-1
188	188	-3
189	189	1
190	190	-3
191	191	1
192	192	-1
193	193	-1
194	194	1
195	195	-1
196	196	1
197	197	1
198	198	-1
199	199	-1
200	200	1
201	201	1
202	202	-1
203	203	-1
204	204	1
205	205	-1
206	206	1
207	207	1
208	208	-1
209	209	-1
210	210	1
211	211	1
212	212	1
213	213	-1
214	214	-3
215	215	-1
216	216	1
217	217	1
218	218	-1
219	219	1
220	220	-1
221	221	-1
222	222	-3
223	223	3
224	224	1
225	225	1
226	226	1
227	227	-1
228	228	1
229	229	3
230	230	1
231	231	-1
232	232	-1
233	233	1
234	234	1
235	235	1
236	236	1
237	237	1
238	238	1
239	239	1
240	240	-3
241	241	-1
242	242	1
243	243	1
244	244	-1
245	245	1
246	246	-1
247	247	-1
248	248	-1
249	249	-1
250	250	1
251	251	3
252	252	3
253	253	-1
254	254	-3
255	255	-3
256	256	-1
257	257	3
258	258	1
259	259	1
260	260	-3
261	261	-3
262	262	-1
263	263	-1
264	264	-1
265	265	-1
266	266	-3
267	267	1
268	268	1
269	269	-3
270	270	-1
271	271	1
272	272	3
273	273	-1
274	274	3
275	275	-1
276	276	1
277	277	1
278	278	-1
279	279	-1
280	280	1
281	281	1
282	282	3
283	283	-1
284	284	3
285	285	-1
286	286	3
287	287	3
288	288	1
289	289	-1
290	290	-1
291	291	-1
292	292	1
293	293	1
294	294	-3
295	295	-1
296	296	1
297	297	-3
298	298	1
299	299	-1
300	300	-1
301	301	-1
302	302	3
303	303	3
304	304	1
305	305	-1
306	306	-1
307	307	1
308	308	1
309	309	3
310	310	-3
311	311	-1
312	312	1
313	313	-3
314	314	-1
315	315	-1
316	316	-1
317	317	-1
318	318	1
319	319	-1
320	320	-3
321	321	-3
322	322	-1
323	323	3
324	324	-3
325	325	-1
326	326	1
327	327	3
328	328	1
329	329	1
330	330	-1
331	331	-1
332	332	3
333	333	-1
334	334	-3
335	335	-1
336	336	-1
337	337	-1
338	338	1
339	339	1
340	340	1
341	341	-3
342	342	-1
343	343	1
344	344	1
345	345	1
346	346	1
347	347	3
348	348	3
349	349	1
350	350	1
351	351	-1
352	352	-1
353	353	-1
354	354	3
355	355	-3
356	356	1
357	357	1
358	358	1
359	359	1
360	360	-1
361	361	-1
362	362	1
363	363	1
364	364	1
365	365	3
366	366	-1
367	367	-1
368	368	1
369	369	1
370	370	-1
371	371	1
372	372	-1
373	373	1
374	374	1
375	375	-3
376	376	-3
377	377	-1
378	378	1
379	379	3
380	380	-1
381	381	1
382	382	1
383	383	3
384	384	3
385	385	-3
386	386	1
387	387	-1
388	388	1
389	389	3
390	390	1
391	391	1
392	392	-1
393	393	-3
394	394	-3
395	395	1
396	396	1
397	397	1
398	398	1
399	399	3
400	400	-1
401	401	3
402	402	1
403	403	-1
404	404	-3
405	405	-1
406	406	1
407	407	1
408	408	1
409	409	-1
410	410	1
411	411	-3
412	412	1
413	413	-1
414	414	-3
415	415	1
416	416	-1
417	417	1
418	418	1
419	419	-3
420	420	1
421	421	1
422	422	3
423	423	1
424	424	-1
425	425	1
426	426	1
427	427	-1
428	428	1
429	429	1
430	430	-1
431	431	3
432	432	-1
433	433	1
434	434	-1
435	435	1
436	436	1
437	437	-1
438	438	-1
439	439	3
440	440	-1
441	441	-1
442	442	-1
443	443	-1
444	444	1
445	445	-3
446	446	3
447	447	-1
448	448	1
449	449	1
450	450	-3
451	451	1
452	452	1
453	453	-1
454	454	1
455	455	1
456	456	1
457	457	1
458	458	1
459	459	-1
460	460	-1
461	461	1
462	462	-1
463	463	-1
464	464	1
465	465	-3
466	466	-1
467	467	-1
468	468	-1
469	469	-1
470	470	1
471	471	-1
472	472	1
473	473	-1
474	474	-1
475	475	3
476	476	-3
477	477	3
478	478	-3
479	479	1
480	480	3
481	481	-1
482	482	-3
483	483	-1
484	484	1
485	485	3
486	486	-1
487	487	-1
488	488	1
489	489	-3
490	490	-1
491	491	1
492	492	-1
493	493	1
494	494	1
495	495	1
496	496	-1
497	497	-3
498	498	1
499	499	-1
500	500	3
501	501	1
502	502	1
503	503	3
504	504	1
505	505	-3
506	506	1
507	507	1
508	508	1
509	509	-1
510	510	-3
511	511	1
512	512	-3
513	513	-2
514	514	-2
515	515	-2
516	516	2
517	517	2
518	518	-2
519	519	-2
520	520	2
521	521	-2
522	522	-2
523	523	2
524	524	2
525	525	-2
526	526	-2
527	527	2
528	528	-2
529	529	2
530	530	2
531	531	2
532	532	2
533	533	-2
534	534	2
535	535	-2
536	536	2
537	537	-2
538	538	2
539	539	2
540	540	-2
541	541	-2
542	542	2
543	543	2
544	544	-2
545	545	-2
546	546	-2
547	547	2
548	548	2
549	549	2
550	550	-2
551	551	-2
552	552	-2
553	553	-2
554	554	-2
555	555	2
556	556	2
557	557	2
558	558	-2
559	559	2
560	560	2
561	561	-2
562	562	-2
563	563	-2
564	564	2
565	565	-2
566	566	-2
567	567	-2
568	568	2
569	569	2
570	570	2
571	571	2
572	572	2
573	573	2
574	574	2
575	575	-2
576	576	-2
577	577	2
578	578	-2
579	579	-2
580	580	-2
581	581	-2
582	582	-2
583	583	-2
584	584	2
585	585	2
586	586	2
587	587	-2
588	588	-2
589	589	2
590	590	2
591	591	2
592	592	2
593	593	-2
594	594	2
595	595	-2
596	596	2
597	597	-2
598	598	-2
599	599	-2
600	600	-2
601	601	-2
602	602	-2
603	603	2
604	604	2
605	605	2
606	606	2
607	607	-2
608	608	-2
609	609	-2
610	610	2
611	611	-2
612	612	2
613	613	2
614	614	2
615	615	-2
616	616	-2
617	617	-2
618	618	-2
619	619	2
620	620	2
621	621	2
622	622	2
623	623	2
624	624	-2
625	625	2
626	626	2
627	627	2
628	628	-2
629	629	-2
630	630	2
631	631	-2
632	632	-2
633	633	-2
634	634	2
635	635	2
636	636	2
637	637	2
638	638	2
639	639	2
640	640	-2
641	641	2
642	642	2
643	643	2
644	644	-2
645	645	2
646	646	2
647	647	-2
648	648	-2
649	649	2
650	650	-2
651	651	2
652	652	2
653	653	-2
654	654	2
655	655	-2
656	656	-2
657	657	-2
658	658	2
659	659	-2
660	660	-2
661	661	2
662	662	-2
663	663	-2
664	664	2
665	665	2
666	666	2
667	667	2
668	668	-2
669	669	2
670	670	-2
671	671	-2
672	672	2
673	673	-2
674	674	2
675	675	2
676	676	2
677	677	-2
678	678	-2
679	679	-2
680	680	-2
681	681	2
682	682	-2
683	683	-2
684	684	-2
685	685	-2
686	686	2
687	687	2
688	688	2
689	689	2
690	690	-2
691	691	-2
692	692	-2
693	693	-2
694	694	2
695	695	-2
696	696	-2
697	697	-2
698	698	-2
699	699	-2
700	700	-2
701	701	2
702	702	-2
703	703	-2
704	704	-2
705	705	-2
706	706	2
707	707	2
708	708	2
709	709	2
710	710	2
711	711	-2
712	712	2
713	713	-2
714	714	-2
715	715	2
716	716	2
717	717	-2
718	718	2
719	719	-2
720	720	2
721	721	2
722	722	-2
723	723	2
724	724	2
725	725	-2
726	726	-2
727	727	2
728	728	-2
729	729	2
730	730	-2
731	731	2
732	732	2
733	733	-2
734	734	2
735	735	2
736	736	-2
737	737	-2
738	738	2
739	739	-2
740	740	-2
741	741	2
742	742	2
743	743	-2
744	744	-2
745	745	2
746	746	-2
747	747	2
748	748	-2
749	749	-2
750	750	2
751	751	-2
752	752	2
753	753	2
754	754	2
755	755	-2
756	756	2
757	757	-2
758	758	2
759	759	-2
760	760	2
761	761	2
762	762	2
763	763	2
764	764	-2
765	765	2
766	766	-2
767	767	-2
768	768	2
769	769	-2
770	770	2
771	771	-2
772	772	2
773	773	2
774	774	2
775	775	2
776	776	-2
777	777	-2
778	778	-2
779	779	-2
780	780	-2
781	781	2
782	782	-2
783	783	2
784	784	2
785	785	-2
786	786	2
787	787	-2
788	788	2
789	789	-2
790	790	2
791	791	2
792	792	-2
793	793	2
794	794	2
795	795	-2
796	796	2
797	797	-2
798	798	-2
799	799	2
800	800	2
801	801	2
802	802	2
803	803	-2
804	804	2
805	805	-2
806	806	-2
807	807	-2
808	808	2
809	809	2
810	810	2
811	811	2
812	812	2
813	813	2
814	814	-2
815	815	2
816	816	-2
817	817	-2
818	818	-2
819	819	-2
820	820	2
821	821	2
822	822	-2
823	823	2
824	824	2
825	825	2
826	826	2
827	827	-2
828	828	-2
829	829	-2
830	830	-2
831	831	2
832	832	2
833	833	-2
834	834	-2
835	835	-2
836	836	2
837	837	-2
838	838	2
839	839	2
840	840	-2
841	841	-2
842	842	2
843	843	2
844	844	2
845	845	-2
846	846	2
847	847	2
848	848	2
849	849	2
850	850	2
851	851	2
852	852	-2
853	853	-2
854	854	2
855	855	-2
856	856	2
857	857	-2
858	858	2
859	859	2
860	860	-2
861	861	2
862	862	-2
863	863	-2
864	864	2
865	865	-2
866	866	-2
867	867	2
868	868	2
869	869	-2
870	870	-2
871	871	-2
872	872	-2
873	873	-2
874	874	2
875	875	2
876	876	2
877	877	-2
878	878	-2
879	879	2
880	880	2
881	881	-2
882	882	2
883	883	-2
884	884	2
885	885	2
886	886	-2
887	887	2
888	888	-2
889	889	-2
890	890	-2
891	891	-2
892	892	-2
893	893	-2
894	894	-2
895	895	2
896	896	-2
897	897	-2
898	898	-2
899	899	-2
900	900	2
901	901	2
902	902	2
903	903	2
904	904	-2
905	905	-2
906	906	2
907	907	-2
908	908	2
909	909	2
910	910	-2
911	911	2
912	912	-2
913	913	2
914	914	-2
915	915	-2
916	916	2
917	917	-2
918	918	2
919	919	2
920	920	-2
921	921	-2
922	922	-2
923	923	2
924	924	2
925	925	2
926	926	-2
927	927	2
928	928	2
929	929	2
930	930	-2
931	931	2
932	932	2
933	933	2
934	934	-2
935	935	2
936	936	-2
937	937	2
938	938	2
939	939	-2
940	940	-2
941	941	2
942	942	2
943	943	2
944	944	-2
945	945	2
946	946	2
947	947	2
948	948	-2
949	949	2
950	950	-2
951	951	-2
952	952	2
953	953	-2
954	954	2
955	955	-2
956	956	-2
957	957	2
958	958	2
959	959	2
960	960	2
961	961	-2
962	962	-2
963	963	2
964	964	2
965	965	2
966	966	2
967	967	2
968	968	2
969	969	2
970	970	2
971	971	2
972	972	-2
973	973	-2
974	974	-2
975	975	-2
976	976	-2
977	977	-2
978	978	2
979	979	-2
980	980	-2
981	981	-2
982	982	2
983	983	2
984	984	-2
985	985	2
986	986	-2
987	987	2
988	988	-2
989	989	-2
990	990	2
991	991	-2
992	992	2
993	993	-2
994	994	2
995	995	-2
996	996	-2
997	997	-2
998	998	-2
999	999	-2
1000	1000	2
1001	1001	2
1002	1002	2
1003	1003	2
1004	1004	2
1005	1005	-2
1006	1006	-2
1007	1007	2
1008	1008	-2
1009	1009	-2
1010	1010	-2
1011	1011	2
1012	1012	2
1013	1013	2
1014	1014	2
1015	1015	-2
1016	1016	-2
1017	1017	-2
1018	1018	2
1019	1019	2
1020	1020	-2
1021	1021	-2
1022	1022	2
1023	1023	-2
1024	1024	-2
1	3	1
1	27	1
1	307	1
1	379	1
1	478	1
1	486	1
1	522	2
1	953	2
1	959	2
2	7	1
2	24	1
2	200	1
2	298	1
2	423	1
2	447	1
2	704	-2
2	755	-2
2	992	2
3	33	1
3	130	1
3	307	1
3	310	1
3	317	1
3	761	-2
3	857	2
3	953	2
4	67	1
4	135	1
4	293	1
4	355	1
4	459	1
4	497	1
4	558	-2
4	733	-2
4	871	2
5	165	1
5	232	1
5	269	1
5	366	1
5	445	1
5	506	1
5	570	-2
5	670	2
5	900	-2
6	142	2
6	190	1
6	206	1
6	321	1
6	345	1
6	521	2
6	765	-2
6	950	2
7	24	1
7	35	1
7	67	1
7	100	1
7	457	1
7	702	-2
7	913	2
7	992	2
8	195	1
8	276	1
8	300	1
8	333	1
8	376	1
8	398	1
8	568	-2
8	756	2
8	802	-2
9	13	1
9	110	1
9	218	1
9	371	1
9	384	1
9	493	1
9	557	2
9	770	2
9	911	2
10	165	1
10	189	1
10	202	1
10	355	1
10	434	1
10	475	1
10	688	-2
10	792	-2
10	1007	-2
11	104	1
11	216	1
11	221	1
11	334	1
11	343	1
11	364	1
11	581	-2
11	789	2
11	1023	2
12	74	1
12	75	1
12	114	1
12	209	1
12	285	1
12	413	1
12	585	2
12	661	-2
12	697	2
13	63	1
13	110	1
13	456	1
13	477	1
13	500	1
13	552	-2
13	557	2
13	780	-2
14	201	1
14	304	1
14	321	1
14	346	1
14	452	1
14	469	1
14	592	-2
14	846	2
14	961	-2
15	39	1
15	210	1
15	322	1
15	329	1
15	332	1
15	360	1
15	563	-2
15	588	-2
15	969	2
16	267	1
16	312	1
16	352	1
16	399	1
16	410	1
16	446	1
16	696	-2
16	731	-2
16	1020	-2
17	212	1
17	226	1
17	240	1
17	322	1
17	387	1
17	397	1
17	580	2
17	738	-2
17	872	2
18	89	1
18	100	1
18	177	1
18	350	1
18	362	1
18	464	1
18	850	2
18	918	2
18	1017	-2
19	115	1
19	240	1
19	241	1
19	268	1
19	375	1
19	443	1
19	825	-2
19	831	-2
19	895	-2
20	42	1
20	49	1
20	126	1
20	178	1
20	281	1
20	480	1
20	655	-2
20	798	-2
20	954	2
21	59	1
21	75	1
21	199	1
21	251	1
21	271	1
21	463	1
21	523	2
21	534	-2
21	546	2
22	25	1
22	52	1
22	113	1
22	147	1
22	306	1
22	385	1
22	679	2
22	939	2
22	987	-2
23	123	1
23	192	1
23	223	1
23	252	1
23	449	1
23	494	1
23	645	2
23	649	-2
23	767	-2
24	96	1
24	237	1
24	353	1
24	369	1
24	532	2
24	742	2
24	992	2
25	61	1
25	66	1
25	147	1
25	363	1
25	455	1
25	654	-2
25	873	-2
25	987	-2
26	128	1
26	210	1
26	234	1
26	455	1
26	500	1
26	511	1
26	758	-2
26	891	-2
26	896	-2
27	341	1
27	379	1
27	392	1
27	396	1
27	487	1
27	713	2
27	821	-2
27	959	2
28	84	1
28	98	1
28	234	1
28	320	1
28	388	1
28	411	1
28	605	2
28	763	-2
28	988	2
29	54	1
29	313	1
29	404	1
29	405	1
29	448	1
29	491	1
29	573	-2
29	648	2
29	682	-2
30	31	1
30	129	1
30	136	1
30	228	1
30	231	1
30	354	1
30	595	2
30	646	2
30	960	2
31	152	1
31	180	1
31	236	1
31	354	1
31	385	1
31	803	-2
31	893	2
31	960	2
32	202	1
32	267	1
32	331	1
32	405	1
32	438	1
32	511	1
32	833	2
32	841	2
32	999	2
33	121	1
33	160	1
33	309	1
33	310	1
33	332	1
33	607	-2
33	747	2
33	761	-2
34	44	1
34	89	1
34	402	1
34	467	1
34	507	1
34	510	1
34	518	-2
34	525	2
34	985	2
35	100	1
35	150	1
35	225	1
35	283	1
35	375	1
35	702	-2
35	849	2
35	1002	-2
36	45	1
36	102	1
36	166	1
36	300	1
36	441	1
36	446	1
36	766	-2
36	840	-2
36	867	-2
37	42	1
37	68	1
37	70	1
37	97	1
37	137	1
37	424	1
37	560	-2
37	606	2
37	781	2
38	57	1
38	106	1
38	128	1
38	288	1
38	397	1
38	464	1
38	542	2
38	783	2
38	856	2
39	132	1
39	162	1
39	210	1
39	256	1
39	452	1
39	816	-2
39	969	2
39	990	2
40	104	1
40	174	1
40	177	1
40	358	1
40	371	1
40	429	1
40	578	-2
40	809	-2
40	989	-2
41	170	1
41	242	1
41	276	1
41	405	1
41	493	1
41	512	1
41	599	-2
41	664	2
41	740	2
42	97	1
42	351	1
42	413	1
42	480	1
42	655	-2
42	687	-2
42	781	2
43	92	1
43	138	1
43	155	1
43	216	1
43	274	1
43	490	1
43	530	-2
43	898	-2
43	1003	2
44	179	1
44	297	1
44	331	1
44	489	1
44	510	1
44	525	2
44	686	-2
44	714	2
45	90	1
45	91	1
45	209	1
45	257	1
45	441	1
45	786	2
45	867	-2
45	885	2
46	60	1
46	119	1
46	157	1
46	247	1
46	408	1
46	412	1
46	565	-2
46	705	2
46	940	-2
47	55	1
47	65	1
47	88	1
47	208	1
47	249	1
47	337	1
47	751	2
47	777	2
47	819	2
48	118	1
48	146	1
48	263	1
48	305	1
48	395	1
48	466	1
48	964	-2
48	966	2
48	1022	-2
49	182	1
49	281	1
49	283	1
49	338	1
49	401	1
49	683	-2
49	793	-2
49	954	2
50	80	1
50	183	1
50	229	1
50	270	1
50	339	1
50	431	1
50	618	2
50	878	-2
50	919	2
51	68	1
51	77	1
51	335	1
51	396	1
51	470	1
51	507	1
51	562	-2
51	775	2
51	890	-2
52	113	1
52	151	1
52	155	1
52	354	1
52	494	1
52	726	-2
52	834	-2
52	939	2
53	61	1
53	211	1
53	285	1
53	304	1
53	367	1
53	463	1
53	543	-2
53	582	-2
53	866	2
54	290	1
54	308	1
54	405	1
54	415	1
54	448	1
54	648	2
54	806	2
54	829	2
55	87	1
55	208	1
55	263	1
55	315	1
55	344	1
55	751	2
55	837	2
55	963	2
56	97	1
56	103	1
56	107	1
56	206	1
56	467	1
56	498	1
56	602	-2
56	854	2
56	923	-2
57	94	1
57	128	1
57	246	1
57	337	1
57	388	1
57	542	2
57	723	2
57	875	-2
58	146	1
58	228	1
58	275	1
58	287	1
58	338	1
58	439	1
58	820	-2
58	853	-2
58	928	2
59	161	1
59	167	1
59	199	1
59	331	1
59	509	1
59	534	-2
59	881	2
59	920	-2
60	62	1
60	122	1
60	144	1
60	180	1
60	408	1
60	830	2
60	930	2
60	940	-2
61	66	1
61	78	1
61	309	1
61	367	1
61	654	-2
61	851	2
61	866	2
62	75	1
62	122	1
62	292	1
62	319	1
62	441	1
62	801	-2
62	815	2
62	830	2
63	173	1
63	207	1
63	368	1
63	389	1
63	477	1
63	601	2
63	780	-2
63	804	2
64	164	1
64	174	1
64	299	1
64	343	1
64	444	1
64	485	1
64	795	-2
64	844	2
64	915	-2
65	105	1
65	107	1
65	249	1
65	262	1
65	347	1
65	777	2
65	936	-2
65	1013	2
66	115	1
66	159	1
66	295	1
66	378	1
66	654	-2
66	743	2
66	810	-2
67	82	1
67	135	1
67	359	1
67	457	1
67	558	-2
67	762	-2
67	913	2
68	70	1
68	74	1
68	417	1
68	507	1
68	562	-2
68	606	2
68	678	-2
69	105	1
69	116	1
69	158	1
69	238	1
69	264	1
69	419	1
69	545	2
69	764	2
69	1005	2
70	83	1
70	139	1
70	335	1
70	502	1
70	606	2
70	671	2
70	727	-2
71	204	1
71	245	1
71	328	1
71	367	1
71	477	1
71	488	1
71	537	-2
71	596	2
71	861	2
72	78	1
72	154	1
72	226	1
72	461	1
72	480	1
72	512	1
72	603	2
72	799	2
72	855	2
73	106	1
73	178	1
73	241	1
73	250	1
73	263	1
73	315	1
73	575	2
73	694	-2
73	921	2
74	94	1
74	114	1
74	383	1
74	417	1
74	677	-2
74	678	-2
74	697	2
75	413	1
75	441	1
75	463	1
75	546	2
75	585	2
75	815	2
76	160	1
76	295	1
76	324	1
76	417	1
76	470	1
76	510	1
76	564	-2
76	614	-2
76	908	-2
77	114	1
77	219	1
77	246	1
77	389	1
77	470	1
77	775	2
77	782	-2
77	927	2
78	309	1
78	353	1
78	480	1
78	489	1
78	799	2
78	843	-2
78	851	2
79	127	1
79	336	1
79	365	1
79	454	1
79	481	1
79	496	1
79	586	2
79	827	-2
79	1015	2
80	217	1
80	244	1
80	294	1
80	298	1
80	339	1
80	567	-2
80	618	2
80	709	-2
81	117	1
81	327	1
81	341	1
81	420	1
81	422	1
81	476	1
81	536	2
81	813	-2
81	952	2
82	166	1
82	171	1
82	178	1
82	359	1
82	451	1
82	524	2
82	746	-2
82	762	-2
83	139	1
83	145	1
83	278	1
83	317	1
83	497	1
83	671	2
83	976	-2
83	982	-2
84	234	1
84	424	1
84	451	1
84	483	1
84	492	1
84	703	2
84	763	-2
84	934	2
85	89	1
85	157	1
85	292	1
85	413	1
85	469	1
85	476	1
85	665	-2
85	691	-2
85	1021	2
86	125	1
86	127	1
86	138	1
86	164	1
86	380	1
86	407	1
86	620	-2
86	622	2
86	948	-2
87	201	1
87	246	1
87	257	1
87	344	1
87	373	1
87	659	-2
87	772	-2
87	837	2
88	162	1
88	326	1
88	337	1
88	487	1
88	498	1
88	514	2
88	819	2
88	925	-2
89	292	1
89	464	1
89	467	1
89	518	-2
89	691	-2
89	1017	-2
90	198	1
90	209	1
90	328	1
90	352	1
90	484	1
90	660	-2
90	885	2
90	904	-2
91	130	1
91	206	1
91	257	1
91	298	1
91	432	1
91	517	2
91	540	-2
91	786	2
92	271	1
92	325	1
92	399	1
92	490	1
92	497	1
92	530	-2
92	610	-2
92	826	2
93	124	1
93	126	1
93	185	1
93	209	1
93	229	1
93	357	1
93	710	2
93	943	2
93	1010	2
94	246	1
94	258	1
94	305	1
94	383	1
94	579	-2
94	677	-2
94	875	-2
95	146	1
95	254	1
95	261	1
95	277	1
95	432	1
95	465	1
95	749	2
95	796	-2
95	946	-2
96	159	1
96	303	1
96	342	1
96	353	1
96	382	1
96	532	2
96	535	2
96	951	-2
97	206	1
97	379	1
97	439	1
97	602	-2
97	781	2
97	975	-2
98	153	1
98	182	1
98	388	1
98	440	1
98	474	1
98	605	2
98	929	-2
98	1016	2
99	219	1
99	258	1
99	274	1
99	302	1
99	393	1
99	401	1
99	629	-2
99	722	2
99	787	-2
100	194	1
100	218	1
100	362	1
100	702	-2
100	823	-2
100	918	2
101	213	1
101	269	1
101	320	1
101	377	1
101	393	1
101	430	1
101	553	2
101	901	-2
101	917	-2
102	197	1
102	300	1
102	334	1
102	407	1
102	415	1
102	724	-2
102	766	-2
102	776	-2
103	116	1
103	169	1
103	270	1
103	451	1
103	498	1
103	854	2
103	889	2
103	922	-2
104	168	1
104	177	1
104	364	1
104	415	1
104	581	-2
104	809	-2
104	983	2
105	141	1
105	196	1
105	264	1
105	347	1
105	888	2
105	936	-2
105	1005	2
106	125	1
106	178	1
106	221	1
106	397	1
106	575	2
106	783	2
106	903	2
107	118	1
107	262	1
107	304	1
107	467	1
107	923	-2
107	933	2
107	1013	2
108	236	1
108	286	1
108	323	1
108	384	1
108	410	1
108	431	1
108	619	2
108	812	2
108	967	2
109	110	1
109	111	1
109	121	1
109	154	1
109	224	1
109	280	1
109	531	-2
109	668	2
109	808	2
110	253	1
110	277	1
110	280	1
110	557	2
110	808	2
110	835	-2
111	224	1
111	243	1
111	419	1
111	445	1
111	471	1
111	531	-2
111	627	-2
111	735	-2
112	169	1
112	237	1
112	256	1
112	259	1
112	302	1
112	474	1
112	516	2
112	541	2
112	698	-2
113	120	1
113	151	1
113	284	1
113	428	1
113	754	-2
113	876	2
113	939	2
114	203	1
114	246	1
114	501	1
114	697	2
114	818	2
114	927	2
115	241	1
115	378	1
115	398	1
115	421	1
115	591	2
115	810	-2
115	825	-2
116	158	1
116	307	1
116	378	1
116	451	1
116	545	2
116	725	-2
116	922	-2
117	198	1
117	259	1
117	260	1
117	422	1
117	478	1
117	577	-2
117	653	2
117	952	2
118	278	1
118	304	1
118	434	1
118	466	1
118	716	-2
118	933	2
118	966	2
119	243	1
119	376	1
119	401	1
119	412	1
119	457	1
119	565	-2
119	880	-2
119	996	-2
120	151	1
120	168	1
120	193	1
120	244	1
120	324	1
120	669	-2
120	754	-2
120	807	2
121	154	1
121	228	1
121	253	1
121	332	1
121	668	2
121	747	2
121	972	2
122	205	1
122	207	1
122	301	1
122	503	1
122	657	-2
122	830	2
122	1012	2
123	243	1
123	340	1
123	436	1
123	494	2
123	649	-2
123	656	-2
123	760	2
124	242	1
124	345	1
124	349	1
124	357	1
124	382	1
124	598	-2
124	699	-2
124	943	2
125	127	1
125	144	1
125	221	1
125	297	1
125	631	2
125	903	2
125	948	-2
126	178	1
126	215	1
126	229	1
126	430	1
126	710	2
126	798	-2
126	907	2
127	285	1
127	336	1
127	409	1
127	827	-2
127	948	-2
127	1000	-2
128	210	1
128	435	1
128	450	1
128	542	2
128	706	-2
128	758	-2
129	173	1
129	231	1
129	287	1
129	348	1
129	365	1
129	589	2
129	595	2
129	625	2
130	206	1
130	317	1
130	387	1
130	403	1
130	517	2
130	526	2
130	857	2
131	210	1
131	238	1
131	326	1
131	436	1
131	469	1
131	488	1
131	544	-2
131	757	2
131	769	-2
132	158	1
132	256	1
132	281	1
132	373	1
132	446	1
132	692	-2
132	990	2
132	1018	2
133	141	1
133	151	1
133	374	1
133	387	1
133	416	1
133	442	1
133	637	2
133	779	2
133	845	2
134	149	1
134	208	1
134	211	1
134	224	1
134	282	1
134	356	1
134	538	2
134	587	-2
134	1006	-2
135	249	1
135	286	1
135	398	1
135	471	1
135	558	-2
135	721	-2
135	797	-2
136	228	1
136	247	1
136	367	1
136	380	1
136	400	1
136	646	2
136	673	2
136	986	2
137	235	1
137	311	1
137	424	1
137	437	1
137	445	1
137	560	-2
137	652	2
137	965	-2
138	155	1
138	380	1
138	381	1
138	468	1
138	622	2
138	864	-2
138	1003	2
139	169	1
139	323	1
139	372	1
139	380	1
139	671	2
139	732	-2
139	958	2
140	294	1
140	361	1
140	403	1
140	449	1
140	459	1
140	508	1
140	571	-2
140	741	2
140	1004	-2
141	196	1
141	254	1
141	418	1
141	442	1
141	828	2
141	845	2
141	888	2
142	190	1
142	235	1
142	321	1
142	322	1
142	521	2
142	632	2
142	765	-2
143	189	1
143	244	1
143	355	1
143	429	1
143	434	1
143	486	1
143	513	-2
143	794	-2
143	968	-2
144	180	1
144	297	1
144	347	1
144	485	1
144	631	2
144	634	2
144	930	2
145	233	1
145	354	1
145	418	1
145	431	1
145	497	1
145	533	-2
145	785	-2
145	982	-2
146	275	1
146	277	1
146	305	1
146	749	2
146	820	-2
146	964	-2
147	182	1
147	272	1
147	422	1
147	452	1
147	773	-2
147	842	2
147	987	-2
148	174	1
148	273	1
148	305	1
148	317	1
148	421	1
148	424	1
148	977	2
148	993	-2
148	1019	-2
149	211	1
149	273	1
149	282	1
149	286	1
149	503	1
149	587	-2
149	594	2
149	839	2
150	225	1
150	226	1
150	233	1
150	276	1
150	501	1
150	680	-2
150	849	2
150	937	-2
151	155	1
151	387	1
151	637	2
151	754	-2
151	834	-2
152	180	1
152	344	1
152	357	1
152	504	1
152	512	1
152	643	2
152	803	-2
152	1024	2
153	161	1
153	167	1
153	339	1
153	414	1
153	440	1
153	590	-2
153	744	-2
153	1016	2
154	190	1
154	218	1
154	226	1
154	603	2
154	668	2
154	774	-2
155	183	1
155	265	1
155	745	-2
155	834	-2
155	1003	2
156	160	1
156	327	1
156	381	1
156	383	1
156	456	1
156	457	1
156	635	2
156	701	2
156	974	-2
157	222	1
157	247	1
157	442	1
157	476	1
157	665	-2
157	705	2
157	997	2
158	315	1
158	446	1
158	481	1
158	545	2
158	980	2
158	1018	2
159	295	1
159	303	1
159	369	1
159	394	1
159	743	2
159	914	2
159	951	-2
160	309	1
160	457	1
160	510	1
160	607	-2
160	614	-2
160	974	-2
161	167	1
161	290	1
161	339	1
161	391	1
161	744	-2
161	881	2
161	957	2
162	293	1
162	326	1
162	452	1
162	483	1
162	816	-2
162	836	-2
162	925	-2
163	205	1
163	356	1
163	404	1
163	432	1
163	449	1
163	479	1
163	551	2
163	676	-2
163	894	-2
164	284	1
164	358	1
164	407	1
164	485	1
164	620	-2
164	791	2
164	915	-2
165	312	1
165	340	1
165	434	1
165	445	1
165	611	2
165	900	-2
165	1007	-2
166	310	1
166	361	1
166	446	1
166	451	1
166	524	2
166	667	-2
166	840	-2
167	250	1
167	390	1
167	414	1
167	590	-2
167	663	-2
167	881	2
168	181	1
168	290	1
168	324	1
168	415	1
168	615	2
168	807	2
168	983	2
169	259	1
169	270	1
169	323	1
169	516	2
169	889	2
169	958	2
170	179	1
170	276	1
170	418	1
170	480	1
170	511	1
170	593	-2
170	664	2
170	897	-2
171	178	1
171	291	1
171	394	1
171	427	1
171	484	1
171	572	2
171	746	-2
171	877	2
172	188	1
172	213	1
172	232	1
172	236	1
172	245	1
172	335	1
172	600	2
172	886	-2
172	931	-2
173	207	1
173	348	1
173	406	1
173	454	1
173	589	2
173	601	2
173	737	-2
174	343	1
174	371	1
174	424	1
174	795	-2
174	989	-2
174	993	-2
175	176	1
175	196	1
175	252	1
175	416	1
175	458	1
175	473	1
175	717	2
175	879	2
175	906	2
176	187	1
176	227	1
176	279	1
176	416	1
176	508	1
176	641	2
176	717	2
176	852	-2
177	184	1
177	266	1
177	350	1
177	809	-2
177	850	2
177	932	-2
178	575	2
178	746	-2
178	798	-2
179	197	1
179	245	1
179	331	1
179	511	1
179	528	-2
179	593	-2
179	686	-2
180	187	1
180	394	1
180	574	-2
180	803	-2
180	930	2
181	290	1
181	318	1
181	347	1
181	397	1
181	479	1
181	556	2
181	615	2
181	715	2
182	401	1
182	452	1
182	474	1
182	683	-2
182	773	-2
182	929	-2
183	265	1
183	270	1
183	293	1
183	323	1
183	745	-2
183	878	-2
183	973	-2
184	221	1
184	266	1
184	279	1
184	306	1
184	481	1
184	728	2
184	910	-2
184	932	-2
185	209	1
185	308	1
185	409	1
185	475	1
185	503	1
185	638	2
185	887	2
185	1010	2
186	283	1
186	292	1
186	316	1
186	410	1
186	425	1
186	438	1
186	527	2
186	548	2
186	695	2
187	279	1
187	289	1
187	394	1
187	414	1
187	574	-2
187	641	2
187	685	2
188	213	1
188	262	1
188	370	1
188	454	1
188	496	1
188	862	2
188	931	-2
188	956	2
189	244	1
189	381	1
189	420	1
189	475	1
189	547	2
189	792	-2
189	968	-2
190	215	1
190	218	1
190	262	1
190	521	2
190	658	-2
190	774	-2
191	204	1
191	282	1
191	339	1
191	390	1
191	482	1
191	491	1
191	626	-2
191	902	2
191	1014	2
192	252	1
192	261	1
192	385	1
192	427	1
192	468	1
192	555	-2
192	645	2
192	848	-2
193	244	1
193	272	1
193	314	1
193	440	1
193	447	1
193	597	2
193	669	-2
193	926	-2
194	218	1
194	231	1
194	272	1
194	327	1
194	439	1
194	630	2
194	823	-2
194	899	-2
195	230	1
195	265	1
195	300	1
195	462	1
195	493	1
195	568	-2
195	604	-2
195	945	2
196	407	1
196	425	1
196	458	1
196	689	2
196	879	2
196	888	2
197	245	1
197	334	1
197	423	1
197	428	1
197	528	-2
197	711	-2
197	724	-2
198	328	1
198	478	2
198	509	1
198	653	2
198	822	2
198	904	-2
199	289	1
199	455	1
199	464	1
199	500	1
199	534	-2
199	647	-2
199	909	-2
200	232	1
200	235	1
200	302	1
200	411	1
200	447	1
200	704	-2
200	924	-2
200	1011	2
201	225	1
201	257	1
201	275	1
201	321	1
201	592	-2
201	659	-2
201	805	-2
202	212	1
202	251	1
202	355	1
202	511	1
202	688	-2
202	730	-2
202	999	2
203	358	1
203	474	1
203	501	2
203	506	1
203	529	2
203	739	2
203	818	2
204	252	1
204	429	1
204	477	1
204	482	1
204	537	-2
204	626	-2
204	712	2
205	207	1
205	225	1
205	420	1
205	432	1
205	551	2
205	628	2
205	1012	2
206	345	1
206	517	2
206	602	-2
206	950	2
207	241	1
207	448	1
207	601	2
207	675	2
207	1012	2
208	249	1
208	356	1
208	456	1
208	751	2
208	981	2
208	1006	-2
209	285	1
209	661	-2
209	885	2
209	1010	2
210	326	1
210	758	-2
210	769	-2
210	969	2
211	269	1
211	285	1
211	289	1
211	582	-2
211	587	-2
211	666	-2
212	216	1
212	240	1
212	251	1
212	475	1
212	730	-2
212	738	-2
212	971	2
213	234	1
213	291	1
213	393	1
213	901	-2
213	931	-2
213	998	-2
214	271	1
214	314	1
214	336	1
214	437	1
214	505	1
214	509	1
214	616	2
214	623	-2
214	684	2
215	262	1
215	330	1
215	400	1
215	430	1
215	658	-2
215	869	-2
215	907	2
216	221	1
216	274	1
216	475	1
216	789	2
216	898	-2
216	971	2
217	239	1
217	244	1
217	301	1
217	329	1
217	433	1
217	550	2
217	567	-2
217	718	2
218	384	1
218	774	-2
218	823	-2
218	911	2
219	284	1
219	389	1
219	393	1
219	468	1
219	722	2
219	782	-2
219	838	2
220	240	1
220	250	1
220	256	1
220	320	1
220	414	1
220	471	1
220	539	2
220	778	2
220	800	-2
221	279	1
221	728	2
221	789	2
221	903	2
222	255	1
222	280	1
222	412	1
222	442	1
222	473	1
222	520	-2
222	583	2
222	997	2
223	239	1
223	274	1
223	332	1
223	374	1
223	449	1
223	681	2
223	759	-2
223	767	-2
224	282	1
224	364	1
224	395	1
224	531	-2
224	538	2
224	612	2
225	275	1
225	420	1
225	628	2
225	805	-2
225	849	2
226	397	1
226	501	1
226	580	2
226	603	2
226	680	-2
227	275	1
227	334	1
227	388	1
227	505	1
227	508	1
227	650	2
227	852	-2
227	905	2
228	253	1
228	338	1
228	646	2
228	928	2
228	972	2
229	309	1
229	325	1
229	431	1
229	693	-2
229	710	2
229	919	2
230	265	1
230	348	1
230	350	1
230	351	1
230	470	1
230	604	-2
230	824	2
230	1009	-2
231	266	1
231	272	1
231	441	1
231	595	2
231	630	2
231	734	-2
232	236	1
232	366	1
232	411	1
232	670	2
232	886	-2
232	924	-2
233	276	1
233	343	1
233	373	1
233	431	1
233	549	2
233	785	-2
233	937	-2
234	291	1
234	455	1
234	763	-2
234	891	-2
234	998	-2
235	302	1
235	311	1
235	322	1
235	632	2
235	652	2
235	1011	2
236	385	1
236	410	1
236	812	2
236	886	-2
236	893	2
237	256	1
237	369	1
237	399	1
237	406	1
237	541	2
237	566	-2
237	742	2
238	267	1
238	359	1
238	419	1
238	436	1
238	544	-2
238	636	2
238	764	2
239	248	1
239	274	1
239	301	1
239	389	1
239	550	2
239	759	-2
239	1008	-2
240	256	1
240	268	1
240	738	-2
240	800	-2
240	831	-2
241	250	1
241	448	1
241	675	2
241	694	-2
241	825	-2
242	299	1
242	349	1
242	405	1
242	499	1
242	599	-2
242	662	2
242	699	-2
243	401	1
243	419	1
243	494	1
243	735	-2
243	760	2
243	996	-2
244	567	-2
244	669	-2
244	968	-2
245	335	1
245	367	1
245	528	-2
245	600	2
245	861	2
246	373	1
246	772	-2
246	875	-2
246	927	2
247	400	1
247	487	1
247	492	1
247	705	2
247	817	-2
247	986	2
248	278	1
248	330	1
248	370	1
248	389	1
248	443	1
248	748	2
248	860	2
248	1008	-2
249	286	1
249	456	1
249	777	2
249	797	-2
249	981	2
250	390	1
250	471	1
250	539	2
250	663	-2
250	694	-2
251	271	1
251	288	1
251	308	1
251	523	2
251	561	-2
251	730	-2
252	429	1
252	473	1
252	645	2
252	712	2
252	906	2
253	277	1
253	361	1
253	507	1
253	835	-2
253	962	2
253	972	2
254	350	1
254	418	1
254	465	1
254	505	1
254	639	-2
254	828	2
254	946	-2
255	297	1
255	392	1
255	419	1
255	473	1
255	499	1
255	520	-2
255	882	-2
255	935	-2
256	541	2
256	800	-2
256	990	2
257	369	1
257	372	1
257	659	-2
257	786	2
257	858	2
258	264	1
258	302	1
258	305	1
258	423	1
258	579	-2
258	629	-2
258	941	-2
259	260	1
259	326	1
259	365	1
259	516	2
259	577	-2
259	916	2
260	270	1
260	324	1
260	325	1
260	504	1
260	577	-2
260	617	2
260	942	-2
261	311	1
261	330	1
261	385	1
261	432	1
261	555	-2
261	796	-2
261	811	-2
262	454	1
262	658	-2
262	862	2
262	1013	2
263	315	2
263	395	1
263	921	2
263	963	2
263	1022	-2
264	303	1
264	391	1
264	423	1
264	941	-2
264	984	-2
264	1005	2
265	378	1
265	461	1
265	604	-2
265	640	-2
265	745	-2
266	341	1
266	402	1
266	441	1
266	734	-2
266	847	-2
266	932	-2
267	331	1
267	359	1
267	399	1
267	636	2
267	696	-2
267	833	2
268	296	1
268	386	1
268	472	1
268	495	1
268	633	-2
268	831	-2
268	947	2
269	289	1
269	320	1
269	506	1
269	553	2
269	570	-2
269	666	-2
270	504	1
270	617	2
270	878	-2
270	889	2
271	399	1
271	509	1
271	523	2
271	616	2
271	826	2
272	314	1
272	422	1
272	630	2
272	842	2
272	926	-2
273	281	1
273	282	1
273	366	1
273	421	1
273	594	2
273	642	-2
273	977	2
274	401	1
274	759	-2
274	787	-2
274	898	-2
275	334	1
275	805	-2
275	820	-2
275	905	2
276	398	1
276	664	2
276	756	2
276	937	-2
277	425	1
277	433	1
277	749	2
277	768	2
277	835	-2
278	317	1
278	434	1
278	443	1
278	716	-2
278	748	2
278	976	-2
279	310	1
279	462	1
279	641	2
279	728	2
279	870	2
280	346	1
280	359	1
280	412	1
280	583	2
280	784	2
280	808	2
281	366	1
281	373	1
281	642	-2
281	692	-2
281	954	2
282	491	1
282	538	2
282	594	2
282	1014	2
283	292	1
283	338	1
283	375	1
283	527	2
283	793	-2
283	1002	-2
284	358	1
284	428	1
284	468	1
284	791	2
284	838	2
284	876	2
285	409	1
285	582	-2
285	661	-2
285	1000	-2
286	384	1
286	503	1
286	797	-2
286	839	2
286	967	2
287	365	1
287	408	1
287	439	1
287	506	1
287	625	2
287	729	2
287	853	-2
288	308	1
288	364	1
288	460	1
288	464	1
288	561	-2
288	720	-2
288	856	2
289	414	1
289	500	1
289	647	-2
289	666	-2
289	685	2
290	308	1
290	391	1
290	615	2
290	806	2
290	957	2
291	394	1
291	460	1
291	465	1
291	569	-2
291	877	2
291	998	-2
292	319	1
292	527	2
292	691	-2
292	801	-2
293	323	1
293	459	1
293	483	1
293	733	-2
293	836	-2
293	973	-2
294	298	1
294	362	1
294	400	1
294	403	1
294	554	2
294	709	-2
294	1004	-2
295	382	1
295	412	1
295	470	1
295	719	-2
295	743	2
295	908	-2
296	345	1
296	386	2
296	404	1
296	472	1
296	633	-2
296	788	-2
296	949	2
297	489	1
297	499	1
297	631	2
297	714	2
297	882	-2
298	423	1
298	432	1
298	540	-2
298	709	-2
298	755	-2
299	377	1
299	444	1
299	462	1
299	499	1
299	584	-2
299	662	2
299	844	2
300	301	1
300	427	1
300	568	-2
300	609	2
300	766	-2
301	427	1
301	503	1
301	550	2
301	609	2
301	657	-2
302	474	1
302	629	-2
302	698	-2
302	1011	2
303	363	1
303	391	1
303	485	1
303	644	-2
303	951	-2
303	984	-2
304	346	1
304	463	1
304	543	-2
304	933	2
304	961	-2
305	317	1
305	579	-2
305	964	-2
305	1019	-2
306	360	1
306	385	1
306	481	1
306	482	1
306	679	2
306	910	-2
306	978	-2
307	368	1
307	378	1
307	488	1
307	725	-2
307	892	-2
307	953	2
308	475	1
308	561	-2
308	638	2
308	806	2
309	325	1
309	607	-2
309	693	-2
309	851	2
310	361	1
310	462	1
310	667	-2
310	761	-2
310	870	2
311	330	1
311	375	1
311	490	1
311	559	-2
311	652	2
311	811	-2
312	340	1
312	446	1
312	461	1
312	463	1
312	611	2
312	863	-2
312	1020	-2
313	337	1
313	404	1
313	466	1
313	479	1
313	484	1
313	573	-2
313	674	-2
313	865	2
314	363	1
314	428	1
314	505	1
314	623	-2
314	912	2
314	926	-2
315	481	1
315	921	2
315	963	2
315	980	2
316	328	1
316	342	1
316	348	1
316	371	1
316	425	1
316	695	2
316	753	2
316	944	2
317	857	2
317	976	-2
317	1019	-2
318	340	1
318	386	1
318	390	1
318	397	1
318	411	1
318	556	2
318	576	2
318	651	2
319	460	1
319	465	1
319	467	1
319	477	1
319	750	2
319	752	-2
319	801	-2
320	411	1
320	414	1
320	553	2
320	778	2
320	988	2
321	450	1
321	489	1
321	592	-2
321	608	2
321	765	-2
322	329	1
322	387	1
322	563	-2
322	632	2
322	872	2
323	431	1
323	619	2
323	958	2
323	973	-2
324	325	1
324	417	1
324	564	-2
324	807	2
324	942	-2
325	497	1
325	610	-2
325	693	-2
325	942	-2
326	365	1
326	769	-2
326	916	2
326	925	-2
327	420	1
327	439	1
327	456	1
327	536	2
327	701	2
327	899	-2
328	371	1
328	488	1
328	596	2
328	904	-2
328	944	2
329	333	1
329	433	1
329	447	1
329	563	-2
329	707	-2
329	718	2
330	370	1
330	400	1
330	811	-2
330	860	2
330	869	-2
331	509	1
331	686	-2
331	833	2
331	920	-2
332	360	1
332	374	1
332	588	-2
332	681	2
332	747	2
333	357	1
333	376	1
333	437	1
333	447	1
333	519	-2
333	707	-2
333	802	-2
334	343	1
334	724	-2
334	905	2
334	1023	2
335	396	1
335	502	1
335	600	2
335	727	-2
335	890	-2
336	353	1
336	426	1
336	437	1
336	684	2
336	690	2
336	827	-2
337	388	1
337	484	1
337	674	-2
337	723	2
337	819	2
338	362	1
338	490	1
338	515	-2
338	793	-2
338	928	2
339	390	1
339	618	2
339	744	-2
339	902	2
340	386	1
340	436	1
340	611	2
340	651	2
340	656	-2
341	396	1
341	402	1
341	476	1
341	713	2
341	813	-2
341	847	-2
342	348	1
342	376	1
342	382	1
342	430	1
342	535	2
342	753	2
342	970	-2
343	373	1
343	549	2
343	795	-2
343	1023	2
344	379	1
344	422	1
344	504	1
344	613	2
344	643	2
344	837	2
345	382	1
345	472	1
345	598	-2
345	949	2
345	950	2
346	359	1
346	368	1
346	436	1
346	784	2
346	884	-2
346	961	-2
347	479	1
347	485	1
347	634	2
347	715	2
347	936	-2
348	470	1
348	589	2
348	753	2
348	1009	-2
349	370	1
349	417	1
349	453	1
349	472	1
349	624	2
349	699	-2
349	708	2
350	351	1
350	505	1
350	639	-2
350	824	2
350	850	2
351	356	1
351	413	1
351	444	1
351	687	-2
351	824	2
351	832	-2
352	410	1
352	438	1
352	484	1
352	486	1
352	660	-2
352	731	-2
352	790	-2
353	426	1
353	489	1
353	532	2
353	690	2
353	843	-2
354	418	1
354	494	1
354	533	-2
354	726	-2
354	960	2
355	429	1
355	497	1
355	688	-2
355	794	-2
355	871	2
356	444	1
356	479	1
356	832	-2
356	894	-2
356	1006	-2
357	437	1
357	512	1
357	519	-2
357	943	2
357	1024	2
358	429	1
358	474	1
358	578	-2
358	739	2
358	791	2
359	636	2
359	762	-2
359	784	2
360	377	1
360	482	1
360	495	1
360	588	-2
360	621	-2
360	978	-2
361	449	1
361	507	1
361	667	-2
361	741	2
361	962	2
362	400	1
362	490	1
362	515	-2
362	554	2
362	918	2
363	428	1
363	455	1
363	485	1
363	644	-2
363	873	-2
363	912	2
364	395	1
364	460	1
364	581	-2
364	612	2
364	720	-2
365	454	1
365	586	2
365	625	2
365	916	2
366	402	1
366	502	1
366	642	-2
366	670	2
366	868	2
367	380	1
367	673	2
367	861	2
367	866	2
368	389	1
368	436	1
368	488	1
368	804	2
368	884	-2
368	892	-2
369	372	1
369	394	1
369	742	2
369	858	2
369	914	2
370	417	1
370	496	1
370	708	2
370	860	2
370	956	2
371	493	1
371	770	2
371	944	2
371	989	-2
372	380	1
372	453	1
372	476	1
372	732	-2
372	858	2
372	994	-2
373	549	2
373	692	-2
373	772	-2
374	416	1
374	499	1
374	508	1
374	681	2
374	779	2
374	979	-2
375	443	1
375	490	1
375	559	-2
375	895	-2
375	1002	-2
376	430	1
376	457	1
376	802	-2
376	880	-2
376	970	-2
377	430	1
377	462	1
377	495	1
377	584	-2
377	621	-2
377	917	-2
378	461	1
378	640	-2
378	725	-2
378	810	-2
379	422	1
379	439	1
379	613	2
379	959	2
379	975	-2
380	622	2
380	673	2
380	732	-2
381	383	1
381	420	1
381	468	1
381	547	2
381	635	2
381	864	-2
382	412	1
382	535	2
382	598	-2
382	719	-2
383	435	1
383	440	1
383	635	2
383	677	-2
383	938	2
384	426	1
384	496	1
384	883	-2
384	911	2
384	967	2
385	555	-2
385	679	2
385	893	2
386	404	1
386	633	-2
386	651	2
386	788	-2
387	403	1
387	526	2
387	637	2
387	872	2
388	505	1
388	605	2
388	650	2
388	723	2
389	782	-2
389	804	2
389	1008	-2
390	411	1
390	576	2
390	663	-2
390	902	2
391	473	1
391	491	1
391	672	-2
391	957	2
391	984	-2
392	419	1
392	421	1
392	483	1
392	487	1
392	821	-2
392	935	-2
392	955	-2
393	408	1
393	458	1
393	722	2
393	901	-2
393	995	2
394	574	-2
394	877	2
394	914	2
395	435	1
395	502	1
395	612	2
395	700	-2
395	1022	-2
396	458	1
396	495	1
396	713	2
396	890	-2
396	1001	2
397	556	2
397	580	2
397	783	2
398	421	1
398	471	1
398	591	2
398	721	-2
398	756	2
399	406	1
399	566	-2
399	696	-2
399	826	2
400	554	2
400	869	-2
400	986	2
401	683	-2
401	787	-2
401	996	-2
402	502	1
402	507	1
402	847	-2
402	868	2
402	985	2
403	416	1
403	498	1
403	526	2
403	991	-2
403	1004	-2
404	449	1
404	573	-2
404	676	-2
404	788	-2
405	438	1
405	599	-2
405	648	2
405	841	2
406	409	1
406	454	1
406	459	1
406	566	-2
406	737	-2
406	874	-2
407	415	1
407	425	1
407	620	-2
407	689	2
407	776	-2
408	458	1
408	506	1
408	729	2
408	940	-2
408	995	2
409	459	1
409	503	1
409	874	-2
409	887	2
409	1000	-2
410	438	1
410	548	2
410	731	-2
410	812	2
411	576	2
411	924	-2
411	988	2
412	565	-2
412	583	2
412	719	-2
413	469	1
413	585	2
413	687	-2
413	1021	2
414	590	-2
414	685	2
414	778	2
415	448	1
415	776	-2
415	829	2
415	983	2
416	498	1
416	717	2
416	779	2
416	991	-2
417	564	-2
417	678	-2
417	708	2
418	480	1
418	533	-2
418	828	2
418	897	-2
419	735	-2
419	764	2
419	935	-2
420	536	2
420	547	2
420	628	2
421	483	1
421	591	2
421	955	-2
421	977	2
422	613	2
422	842	2
422	952	2
423	428	1
423	711	-2
423	755	-2
423	941	-2
424	451	1
424	560	-2
424	703	2
424	993	-2
425	433	1
425	689	2
425	695	2
425	768	2
426	443	1
426	453	1
426	496	1
426	690	2
426	771	-2
426	883	-2
427	468	1
427	484	1
427	572	2
427	609	2
427	848	-2
428	711	-2
428	876	2
428	912	2
429	578	-2
429	712	2
429	794	-2
430	907	2
430	917	-2
430	970	-2
431	619	2
431	785	-2
431	919	2
432	540	-2
432	551	2
432	796	-2
433	492	1
433	510	1
433	718	2
433	768	2
433	859	-2
434	486	1
434	513	-2
434	716	-2
434	1007	-2
435	440	1
435	450	1
435	502	1
435	700	-2
435	706	-2
435	938	2
436	544	-2
436	656	-2
436	884	-2
437	445	1
437	519	-2
437	684	2
437	965	-2
438	486	1
438	548	2
438	790	-2
438	841	2
439	853	-2
439	899	-2
439	975	-2
440	447	1
440	597	2
440	938	2
440	1016	2
441	734	-2
441	815	2
441	867	-2
442	444	1
442	504	1
442	736	-2
442	845	2
442	997	2
443	453	1
443	748	2
443	771	-2
443	895	-2
444	504	1
444	736	-2
444	832	-2
444	844	2
445	471	1
445	627	-2
445	900	-2
445	965	-2
446	840	-2
446	1018	2
446	1020	-2
447	597	2
447	704	-2
447	707	-2
448	491	1
448	675	2
448	682	-2
448	829	2
449	676	-2
449	741	2
449	767	-2
450	466	1
450	482	1
450	489	1
450	608	2
450	706	-2
450	814	2
451	524	2
451	703	2
451	922	-2
452	469	1
452	773	-2
452	816	-2
452	846	2
453	472	1
453	476	1
453	624	2
453	771	-2
453	994	-2
454	586	2
454	737	-2
454	862	2
455	464	1
455	873	-2
455	891	-2
455	909	-2
456	500	1
456	552	-2
456	701	2
456	981	2
457	880	-2
457	913	2
457	974	-2
458	495	1
458	879	2
458	995	2
458	1001	2
459	508	1
459	571	-2
459	733	-2
459	874	-2
460	465	1
460	477	1
460	569	-2
460	720	-2
460	750	2
461	463	1
461	512	1
461	640	-2
461	855	2
461	863	-2
462	493	1
462	584	-2
462	870	2
462	945	2
463	543	-2
463	546	2
463	863	-2
464	856	2
464	909	-2
464	1017	-2
465	467	1
465	569	-2
465	752	-2
465	946	-2
466	479	1
466	482	1
466	814	2
466	865	2
466	966	2
467	518	-2
467	752	-2
467	923	-2
468	838	2
468	848	-2
468	864	-2
469	488	1
469	757	2
469	846	2
469	1021	2
470	775	2
470	908	-2
470	1009	-2
471	539	2
471	627	-2
471	721	-2
472	495	1
472	624	2
472	947	2
472	949	2
473	491	1
473	520	-2
473	672	-2
473	906	2
474	698	-2
474	739	2
474	929	-2
475	638	2
475	792	-2
475	971	2
476	665	-2
476	813	-2
476	994	-2
477	537	-2
477	750	2
477	780	-2
478	486	1
478	509	1
478	522	2
478	653	2
478	822	2
479	715	2
479	865	2
479	894	-2
480	655	-2
480	799	2
480	897	-2
481	496	1
481	910	-2
481	980	2
481	1015	2
482	626	-2
482	814	2
482	978	-2
483	492	1
483	836	-2
483	934	2
483	955	-2
484	572	2
484	660	-2
484	674	-2
485	634	2
485	644	-2
485	915	-2
486	513	-2
486	522	2
486	790	-2
487	492	1
487	498	1
487	514	2
487	817	-2
487	821	-2
488	596	2
488	757	2
488	892	-2
489	608	2
489	714	2
489	843	-2
490	515	-2
490	530	-2
490	559	-2
491	672	-2
491	682	-2
491	1014	2
492	510	1
492	817	-2
492	859	-2
492	934	2
493	512	1
493	740	2
493	770	2
493	945	2
494	649	-2
494	726	-2
494	760	2
495	621	-2
495	947	2
495	1001	2
496	883	-2
496	956	2
496	1015	2
497	610	-2
497	871	2
497	982	-2
498	514	2
498	854	2
498	991	-2
499	508	1
499	662	2
499	882	-2
499	979	-2
500	511	1
500	552	-2
500	647	-2
500	896	-2
501	506	1
501	529	2
501	680	-2
501	818	2
502	700	-2
502	727	-2
502	868	2
503	657	-2
503	839	2
503	887	2
504	617	2
504	643	2
504	736	-2
505	623	-2
505	639	-2
505	650	2
506	529	2
506	570	-2
506	729	2
507	562	-2
507	962	2
507	985	2
508	571	-2
508	852	-2
508	979	-2
509	616	2
509	822	2
509	920	-2
510	525	2
510	614	-2
510	859	-2
511	593	-2
511	896	-2
511	999	2
512	740	2
512	855	2
512	1024	2
