1	1	3
2	2	-1
3	3	-3
4	4	-1
5	5	1
6	6	-3
7	7	3
8	8	3
9	9	-3
10	10	1
11	11	3
12	12	1
13	13	3
14	14	-1
15	15	1
16	16	-3
17	17	-1
18	18	-3
19	19	-1
20	20	1
21	21	-3
22	22	-1
23	23	3
24	24	1
25	25	-3
26	26	-1
27	27	1
28	28	-3
29	29	-1
30	30	1
31	31	3
32	32	1
33	33	-1
34	34	3
35	35	1
36	36	-1
37	37	-1
38	38	1
39	39	1
40	40	-3
41	41	1
42	42	1
43	43	-3
44	44	-1
45	45	-1
46	46	-3
47	47	-3
48	48	1
49	49	3
50	50	1
51	51	1
52	52	1
53	53	1
54	54	1
55	55	-1
56	56	1
57	57	3
58	58	-1
59	59	-1
60	60	-1
61	61	-3
62	62	-1
63	63	1
64	64	1
65	65	-1
66	66	-3
67	67	1
68	68	-1
69	69	-3
70	70	-1
71	71	-1
72	72	1
73	73	1
74	74	3
75	75	1
76	76	1
77	77	1
78	78	1
79	79	1
80	80	-1
81	81	-1
82	82	-3
83	83	-1
84	84	-1
85	85	3
86	86	1
87	87	-1
88	88	-1
89	89	1
90	90	3
91	91	-1
92	92	-1
93	93	-1
94	94	-1
95	95	1
96	96	1
97	97	1
98	98	-1
99	99	-1
100	100	3
101	101	-1
102	102	-1
103	103	1
104	104	-1
105	105	1
106	106	1
107	107	-1
108	108	-1
109	109	1
110	110	3
111	111	-1
112	112	1
113	113	-3
114	114	-1
115	115	1
116	116	1
117	117	3
118	118	1
119	119	-1
120	120	-1
121	121	3
122	122	3
123	123	-3
124	124	-3
125	125	-3
126	126	1
127	127	-1
128	128	-1
129	129	-1
130	130	1
131	131	1
132	132	1
133	133	3
134	134	1
135	135	-1
136	136	1
137	137	3
138	138	3
139	139	-1
140	140	-3
141	141	-1
142	142	-3
143	143	1
144	144	-1
145	145	-1
146	146	1
147	147	-3
148	148	1
149	149	-3
150	150	-1
151	151	1
152	152	-1
153	153	1
154	154	-1
155	155	-1
156	156	-1
157	157	1
158	158	1
159	159	-1
160	160	-3
161	161	2
162	162	-2
163	163	2
164	164	2
165	165	2
166	166	2
167	167	2
168	168	2
169	169	-2
170	170	2
171	171	2
172	172	2
173	173	2
174	174	2
175	175	-2
176	176	2
177	177	-2
178	178	-2
179	179	-2
180	180	2
181	181	-2
182	182	2
183	183	2
184	184	2
185	185	-2
186	186	-2
187	187	-2
188	188	2
189	189	-2
190	190	-2
191	191	-2
192	192	-2
193	193	2
194	194	-2
195	195	2
196	196	-2
197	197	2
198	198	2
199	199	2
200	200	2
201	201	-2
202	202	2
203	203	-2
204	204	-2
205	205	-2
206	206	-2
207	207	-2
208	208	-2
209	209	-2
210	210	-2
211	211	2
212	212	-2
213	213	2
214	214	2
215	215	-2
216	216	-2
217	217	-2
218	218	-2
219	219	2
220	220	2
221	221	2
222	222	-2
223	223	2
224	224	-2
225	225	-2
226	226	-2
227	227	-2
228	228	2
229	229	2
230	230	-2
231	231	-2
232	232	2
233	233	-2
234	234	-2
235	235	-2
236	236	-2
237	237	-2
238	238	-2
239	239	2
240	240	-2
241	241	2
242	242	2
243	243	-2
244	244	2
245	245	2
246	246	-2
247	247	2
248	248	-2
249	249	2
250	250	-2
251	251	-2
252	252	-2
253	253	-2
254	254	2
255	255	-2
256	256	-2
257	257	2
258	258	-2
259	259	-2
260	260	2
261	261	2
262	262	-2
263	263	-2
264	264	2
265	265	-2
266	266	2
267	267	-2
268	268	2
269	269	-2
270	270	2
271	271	-2
272	272	2
273	273	2
274	274	2
275	275	2
276	276	2
277	277	-2
278	278	2
279	279	-2
280	280	2
281	281	2
282	282	-2
283	283	-2
284	284	-2
285	285	2
286	286	2
287	287	-2
288	288	2
289	289	2
290	290	2
291	291	2
292	292	2
293	293	2
294	294	2
295	295	-2
296	296	-2
297	297	2
298	298	2
299	299	-2
300	300	-2
301	301	-2
302	302	-2
303	303	2
304	304	-2
305	305	-2
306	306	-2
307	307	-2
308	308	-2
309	309	2
310	310	-2
311	311	2
312	312	-2
313	313	-2
314	314	-2
315	315	-2
316	316	2
317	317	-2
318	318	2
319	319	-2
320	320	-2
1	23	1
1	108	1
1	115	1
1	134	1
1	157	1
1	159	1
1	185	-2
1	252	-2
1	283	-2
2	3	1
2	36	1
2	45	1
2	72	1
2	75	1
2	126	1
2	173	-2
2	301	2
2	313	-2
3	20	1
3	24	1
3	28	1
3	72	1
3	153	1
3	183	-2
3	233	2
3	301	2
4	60	1
4	92	1
4	112	1
4	145	2
4	152	1
4	171	2
4	177	2
4	202	-2
5	8	1
5	50	1
5	52	1
5	103	1
5	105	1
5	118	1
5	230	-2
5	248	2
5	311	2
6	66	1
6	119	1
6	129	1
6	130	1
6	146	1
6	160	1
6	169	2
6	222	2
6	271	2
7	10	1
7	57	1
7	78	1
7	133	1
7	138	1
7	151	1
7	217	-2
7	286	2
7	288	2
8	22	1
8	105	1
8	114	1
8	141	1
8	146	1
8	264	2
8	311	2
8	316	2
9	78	1
9	80	1
9	97	1
9	124	1
9	136	1
9	155	1
9	253	2
9	258	2
9	306	2
10	13	1
10	72	1
10	81	1
10	120	1
10	151	1
10	215	2
10	288	2
10	317	-2
11	19	1
11	32	1
11	67	1
11	85	1
11	112	1
11	120	1
11	197	2
11	229	2
11	303	2
12	33	1
12	52	1
12	54	1
12	71	1
12	97	1
12	147	1
12	170	2
12	263	-2
12	304	2
13	72	1
13	74	1
13	85	1
13	115	1
13	133	1
13	247	2
13	298	2
13	317	-2
14	39	1
14	61	1
14	73	1
14	104	1
14	121	1
14	127	1
14	270	2
14	294	-2
14	308	2
15	51	1
15	75	1
15	134	1
15	143	1
15	144	1
15	149	1
15	261	2
15	285	2
15	310	2
16	17	1
16	28	1
16	35	1
16	37	1
16	128	1
16	132	1
16	204	2
16	277	2
16	291	-2
17	67	1
17	90	1
17	128	1
17	135	1
17	141	1
17	240	-2
17	268	-2
17	291	-2
18	43	1
18	46	1
18	69	1
18	101	1
18	125	1
18	129	1
18	188	-2
18	209	2
18	237	2
19	56	1
19	84	1
19	85	1
19	94	1
19	123	1
19	213	-2
19	297	-2
19	303	2
20	28	1
20	63	1
20	73	1
20	81	1
20	138	1
20	187	-2
20	233	2
20	287	-2
21	42	1
21	82	1
21	101	1
21	115	1
21	124	1
21	135	1
21	181	2
21	192	2
21	282	2
22	55	1
22	80	1
22	93	1
22	99	1
22	146	1
22	238	2
22	255	2
22	316	2
23	49	1
23	77	1
23	80	1
23	93	1
23	134	1
23	185	-2
23	206	-2
23	279	-2
24	42	1
24	152	1
24	153	2
24	158	1
24	167	2
24	183	-2
24	236	-2
25	46	1
25	47	1
25	59	1
25	70	1
25	98	1
25	151	1
25	212	2
25	260	-2
25	312	2
26	47	1
26	61	1
26	103	1
26	120	1
26	126	1
26	139	1
26	176	-2
26	211	2
26	226	2
27	31	1
27	34	1
27	39	1
27	105	1
27	136	1
27	155	1
27	203	-2
27	251	-2
27	274	-2
28	37	1
28	76	1
28	98	1
28	204	2
28	233	2
28	267	2
29	36	1
29	52	1
29	87	1
29	111	1
29	125	1
29	149	1
29	223	-2
29	290	2
29	295	2
30	38	1
30	49	1
30	70	1
30	92	1
30	107	1
30	127	1
30	164	2
30	207	-2
30	216	2
31	39	1
31	57	1
31	77	1
31	146	1
31	153	1
31	165	2
31	186	-2
31	203	-2
32	47	1
32	88	1
32	91	1
32	118	1
32	120	1
32	229	2
32	276	2
32	299	2
33	87	1
33	99	1
33	102	1
33	106	1
33	147	1
33	284	2
33	304	2
33	307	-2
34	42	1
34	94	1
34	127	1
34	131	1
34	136	1
34	251	-2
34	280	2
34	293	2
35	62	1
35	95	1
35	109	1
35	132	1
35	157	1
35	179	-2
35	250	-2
35	277	2
36	39	1
36	117	1
36	126	1
36	149	1
36	163	2
36	173	-2
36	295	2
37	55	1
37	77	1
37	131	1
37	148	1
37	204	2
37	218	-2
37	302	2
38	51	1
38	54	1
38	58	1
38	100	1
38	127	1
38	195	2
38	216	2
38	242	2
39	104	1
39	117	1
39	163	2
39	203	-2
39	294	-2
40	64	1
40	91	1
40	113	1
40	114	1
40	140	1
40	142	1
40	196	2
40	245	-2
40	259	2
41	57	1
41	72	1
41	101	1
41	111	1
41	130	1
41	159	1
41	194	-2
41	199	2
41	278	-2
42	82	1
42	131	1
42	153	1
42	167	2
42	280	2
42	282	2
43	46	1
43	79	1
43	86	1
43	149	1
43	158	1
43	184	-2
43	234	2
43	237	2
44	49	1
44	65	1
44	71	1
44	75	1
44	91	1
44	107	1
44	182	-2
44	225	2
44	232	2
45	58	1
45	75	1
45	81	1
45	82	1
45	145	1
45	193	-2
45	243	2
45	313	-2
46	47	1
46	58	1
46	150	1
46	191	2
46	212	2
46	237	2
47	61	1
47	91	1
47	176	-2
47	212	2
47	299	2
48	96	1
48	133	1
48	137	1
48	143	1
48	150	1
48	154	1
48	246	2
48	314	-2
48	318	2
49	80	1
49	91	1
49	107	1
49	164	2
49	232	2
49	279	-2
50	66	1
50	84	1
50	85	1
50	118	1
50	119	1
50	162	-2
50	174	-2
50	230	-2
51	70	1
51	75	1
51	100	1
51	140	1
51	195	2
51	228	-2
51	261	2
52	71	1
52	103	1
52	111	1
52	170	2
52	248	2
52	290	2
53	62	1
53	78	1
53	84	1
53	117	1
53	147	1
53	156	1
53	161	2
53	175	2
53	189	-2
54	58	1
54	97	1
54	144	1
54	156	1
54	242	2
54	254	-2
54	263	-2
55	80	1
55	142	1
55	148	1
55	154	1
55	218	-2
55	238	2
55	269	2
56	84	1
56	109	1
56	122	1
56	137	1
56	138	1
56	168	2
56	213	-2
56	296	-2
57	130	1
57	138	1
57	153	1
57	186	-2
57	194	-2
57	217	-2
58	82	1
58	150	1
58	191	2
58	242	2
58	243	2
59	94	1
59	98	1
59	107	1
59	126	1
59	132	1
59	224	-2
59	239	-2
59	260	-2
60	90	1
60	103	1
60	140	1
60	145	1
60	147	1
60	177	2
60	178	-2
60	180	-2
61	113	1
61	127	1
61	152	1
61	176	-2
61	275	-2
61	308	2
62	63	1
62	95	1
62	99	1
62	147	1
62	175	2
62	179	-2
62	198	-2
63	89	1
63	99	1
63	138	1
63	143	1
63	198	-2
63	200	2
63	287	-2
64	79	1
64	89	1
64	95	1
64	113	1
64	130	1
64	227	-2
64	256	-2
64	259	2
65	87	1
65	104	1
65	107	1
65	111	1
65	156	1
65	225	2
65	262	2
65	300	-2
66	83	1
66	84	1
66	114	1
66	119	1
66	174	-2
66	271	2
66	272	-2
67	110	1
67	112	1
67	132	1
67	141	1
67	197	2
67	241	2
67	268	-2
68	86	1
68	88	1
68	100	1
68	123	1
68	141	1
68	144	1
68	235	-2
68	244	-2
68	315	2
69	73	1
69	101	1
69	109	1
69	124	1
69	157	1
69	188	-2
69	214	-2
69	319	2
70	92	1
70	140	1
70	151	1
70	207	-2
70	228	-2
70	312	2
71	75	1
71	102	1
71	108	1
71	170	2
71	182	-2
71	320	2
72	101	1
72	199	2
72	301	2
72	317	-2
73	81	1
73	121	1
73	124	1
73	187	-2
73	270	2
73	319	2
74	86	1
74	115	1
74	121	1
74	150	1
74	151	1
74	265	-2
74	292	2
74	298	2
75	182	-2
75	261	2
75	313	-2
76	79	1
76	98	1
76	100	1
76	122	1
76	158	1
76	190	-2
76	249	2
76	267	2
77	93	1
77	131	1
77	146	1
77	165	2
77	206	-2
77	302	2
78	133	1
78	155	1
78	156	1
78	189	-2
78	286	2
78	306	2
79	95	1
79	100	1
79	149	1
79	184	-2
79	190	-2
79	227	-2
80	97	1
80	238	2
80	258	2
80	279	-2
81	120	1
81	145	1
81	187	-2
81	193	-2
81	215	2
82	128	1
82	134	1
82	205	2
82	243	2
82	282	2
83	92	1
83	106	1
83	112	1
83	114	1
83	155	1
83	219	2
83	272	-2
83	309	-2
84	117	1
84	161	2
84	174	-2
84	213	-2
85	119	1
85	133	1
85	162	-2
85	247	2
85	303	2
86	100	1
86	150	1
86	158	1
86	234	2
86	235	-2
86	292	2
87	104	1
87	106	1
87	125	1
87	223	-2
87	284	2
87	300	-2
88	102	1
88	118	1
88	139	1
88	141	1
88	210	2
88	276	2
88	315	2
89	116	1
89	130	1
89	143	1
89	160	1
89	200	2
89	256	-2
89	281	-2
90	103	1
90	135	1
90	139	1
90	154	1
90	178	-2
90	208	-2
90	240	-2
91	142	1
91	196	2
91	232	2
91	299	2
92	112	1
92	152	1
92	202	-2
92	207	-2
92	309	-2
93	99	1
93	118	1
93	160	1
93	206	-2
93	220	-2
93	255	2
94	107	1
94	123	1
94	127	1
94	239	-2
94	293	2
94	297	-2
95	113	1
95	159	1
95	179	-2
95	227	-2
95	273	-2
96	116	1
96	142	1
96	143	1
96	148	2
96	257	-2
96	266	2
96	318	2
97	106	1
97	136	1
97	258	2
97	263	-2
97	305	-2
98	128	1
98	129	1
98	166	2
98	260	-2
98	267	2
99	102	1
99	198	-2
99	255	2
99	307	-2
100	190	-2
100	195	2
100	235	-2
101	124	1
101	188	-2
101	192	2
101	199	2
102	108	1
102	139	1
102	210	2
102	307	-2
102	320	2
103	126	1
103	178	-2
103	211	2
103	248	2
104	119	1
104	125	1
104	231	2
104	294	-2
104	300	-2
105	110	1
105	131	1
105	155	1
105	274	-2
105	289	2
105	311	2
106	136	1
106	155	1
106	219	2
106	284	2
106	305	-2
107	164	2
107	225	2
107	239	-2
108	115	1
108	123	1
108	135	1
108	172	-2
108	283	-2
108	320	2
109	138	1
109	157	2
109	168	2
109	214	-2
109	250	-2
110	122	1
110	131	1
110	132	1
110	137	1
110	201	-2
110	241	2
110	289	2
111	156	1
111	159	1
111	262	2
111	278	-2
111	290	2
112	145	1
112	171	2
112	197	2
112	309	-2
113	152	1
113	159	1
113	259	2
113	273	-2
113	275	-2
114	140	1
114	141	1
114	245	-2
114	264	2
114	272	-2
115	135	1
115	181	2
115	283	-2
115	298	2
116	117	1
116	121	1
116	148	1
116	160	1
116	221	2
116	266	2
116	281	-2
117	121	1
117	161	2
117	163	2
117	221	2
118	160	1
118	220	-2
118	230	-2
118	276	2
119	125	1
119	162	-2
119	231	2
119	271	2
120	139	1
120	215	2
120	226	2
120	229	2
121	151	1
121	221	2
121	265	-2
121	270	2
122	137	2
122	158	1
122	201	-2
122	249	2
122	296	-2
123	135	1
123	144	1
123	172	-2
123	244	-2
123	297	-2
124	136	1
124	192	2
124	253	2
124	319	2
125	129	1
125	209	2
125	223	-2
125	231	2
126	132	1
126	173	-2
126	211	2
126	224	-2
127	216	2
127	293	2
127	308	2
128	129	1
128	134	1
128	166	2
128	205	2
128	291	-2
129	146	1
129	166	2
129	169	2
129	209	2
130	160	1
130	194	-2
130	222	2
130	256	-2
131	280	2
131	289	2
131	302	2
132	224	-2
132	241	2
132	277	2
133	137	1
133	247	2
133	286	2
133	314	-2
134	144	1
134	185	-2
134	205	2
134	285	2
135	172	-2
135	181	2
135	240	-2
136	251	-2
136	253	2
136	305	-2
137	201	-2
137	296	-2
137	314	-2
138	168	2
138	217	-2
138	287	-2
139	154	1
139	208	-2
139	210	2
139	226	2
140	147	1
140	180	-2
140	228	-2
140	245	-2
141	264	2
141	268	-2
141	315	2
142	148	1
142	154	1
142	196	2
142	257	-2
142	269	2
143	149	1
143	200	2
143	310	2
143	318	2
144	156	1
144	244	-2
144	254	-2
144	285	2
145	171	2
145	177	2
145	193	-2
146	165	2
146	169	2
146	316	2
147	175	2
147	180	-2
147	304	2
148	218	-2
148	257	-2
148	266	2
149	184	-2
149	295	2
149	310	2
150	154	1
150	191	2
150	246	2
150	292	2
151	265	-2
151	288	2
151	312	2
152	158	1
152	202	-2
152	236	-2
152	275	-2
153	167	2
153	183	-2
153	186	-2
154	208	-2
154	246	2
154	269	2
155	219	2
155	274	-2
155	306	2
156	189	-2
156	254	-2
156	262	2
157	159	1
157	214	-2
157	250	-2
157	252	-2
158	234	2
158	236	-2
158	249	2
159	252	-2
159	273	-2
159	278	-2
160	220	-2
160	222	2
160	281	-2
