1	1	1
2	2	3
3	3	1
4	4	1
5	5	-1
6	6	1
7	7	-1
8	8	1
9	9	-1
10	10	-3
11	11	1
12	12	3
13	13	-3
14	14	-1
15	15	1
16	16	1
17	17	1
18	18	3
19	19	3
20	20	1
21	21	1
22	22	-1
23	23	1
24	24	-3
25	25	-1
26	26	-1
27	27	1
28	28	1
29	29	-3
30	30	1
31	31	-3
32	32	-3
33	33	-1
34	34	3
35	35	1
36	36	-1
37	37	-1
38	38	1
39	39	-3
40	40	-1
41	41	-1
42	42	-3
43	43	-3
44	44	-1
45	45	-1
46	46	-1
47	47	1
48	48	-1
49	49	-3
50	50	-3
51	51	1
52	52	1
53	53	1
54	54	-1
55	55	1
56	56	1
57	57	1
58	58	1
59	59	-1
60	60	-3
61	61	-3
62	62	3
63	63	-3
64	64	-1
65	65	1
66	66	-3
67	67	1
68	68	-1
69	69	1
70	70	1
71	71	1
72	72	1
73	73	1
74	74	-1
75	75	-1
76	76	3
77	77	1
78	78	-1
79	79	1
80	80	-1
81	81	-1
82	82	1
83	83	-3
84	84	1
85	85	-1
86	86	-1
87	87	1
88	88	1
89	89	1
90	90	-1
91	91	1
92	92	1
93	93	-1
94	94	1
95	95	-1
96	96	1
97	97	-1
98	98	1
99	99	1
100	100	3
101	101	-3
102	102	1
103	103	1
104	104	1
105	105	1
106	106	-3
107	107	-1
108	108	3
109	109	-3
110	110	1
111	111	-1
112	112	-3
113	113	1
114	114	1
115	115	-1
116	116	-3
117	117	3
118	118	-1
119	119	-1
120	120	-1
121	121	3
122	122	3
123	123	1
124	124	-3
125	125	1
126	126	-1
127	127	1
128	128	-1
129	129	3
130	130	-1
131	131	1
132	132	1
133	133	-1
134	134	-1
135	135	1
136	136	3
137	137	-1
138	138	1
139	139	1
140	140	3
141	141	1
142	142	1
143	143	-1
144	144	3
145	145	-1
146	146	1
147	147	1
148	148	-3
149	149	3
150	150	1
151	151	3
152	152	-1
153	153	-3
154	154	1
155	155	1
156	156	1
157	157	3
158	158	-3
159	159	3
160	160	3
161	161	-1
162	162	1
163	163	1
164	164	-1
165	165	3
166	166	-3
167	167	-1
168	168	1
169	169	-1
170	170	1
171	171	1
172	172	1
173	173	1
174	174	3
175	175	-1
176	176	1
177	177	1
178	178	1
179	179	-1
180	180	1
181	181	-1
182	182	3
183	183	3
184	184	-1
185	185	1
186	186	-3
187	187	-1
188	188	-1
189	189	1
190	190	1
191	191	1
192	192	-3
193	193	1
194	194	3
195	195	-1
196	196	3
197	197	-1
198	198	1
199	199	1
200	200	3
201	201	-1
202	202	-3
203	203	1
204	204	-3
205	205	-1
206	206	-1
207	207	-1
208	208	1
209	209	-1
210	210	1
211	211	-3
212	212	-1
213	213	-3
214	214	3
215	215	-3
216	216	1
217	217	-1
218	218	1
219	219	3
220	220	-1
221	221	1
222	222	-1
223	223	1
224	224	-1
225	225	-1
226	226	1
227	227	1
228	228	1
229	229	-1
230	230	1
231	231	-1
232	232	1
233	233	3
234	234	-1
235	235	-1
236	236	-3
237	237	-1
238	238	-1
239	239	1
240	240	1
241	241	-1
242	242	1
243	243	-1
244	244	1
245	245	3
246	246	-1
247	247	1
248	248	-1
249	249	1
250	250	-3
251	251	-1
252	252	1
253	253	-1
254	254	-1
255	255	1
256	256	1
257	257	-1
258	258	-1
259	259	1
260	260	-3
261	261	-1
262	262	1
263	263	-1
264	264	-1
265	265	1
266	266	-1
267	267	-1
268	268	-1
269	269	-1
270	270	3
271	271	-1
272	272	1
273	273	1
274	274	-1
275	275	-1
276	276	-3
277	277	-1
278	278	-1
279	279	1
280	280	3
281	281	-1
282	282	1
283	283	-1
284	284	-1
285	285	1
286	286	1
287	287	1
288	288	-1
289	289	1
290	290	3
291	291	-1
292	292	1
293	293	3
294	294	1
295	295	-1
296	296	-1
297	297	-1
298	298	1
299	299	1
300	300	1
301	301	1
302	302	-1
303	303	-1
304	304	3
305	305	-3
306	306	3
307	307	1
308	308	3
309	309	3
310	310	1
311	311	1
312	312	-1
313	313	1
314	314	1
315	315	-1
316	316	3
317	317	1
318	318	-1
319	319	-1
320	320	1
321	321	-1
322	322	-1
323	323	-1
324	324	1
325	325	-1
326	326	1
327	327	1
328	328	1
329	329	-1
330	330	1
331	331	-1
332	332	-1
333	333	1
334	334	1
335	335	-1
336	336	1
337	337	-1
338	338	-3
339	339	-3
340	340	3
341	341	1
342	342	-1
343	343	-1
344	344	1
345	345	1
346	346	-1
347	347	-1
348	348	1
349	349	-3
350	350	-1
351	351	1
352	352	-1
353	353	3
354	354	3
355	355	-1
356	356	1
357	357	3
358	358	-1
359	359	-1
360	360	-3
361	361	3
362	362	-3
363	363	-1
364	364	-1
365	365	1
366	366	-3
367	367	1
368	368	-1
369	369	-1
370	370	1
371	371	3
372	372	1
373	373	1
374	374	3
375	375	-1
376	376	-3
377	377	1
378	378	-1
379	379	1
380	380	-1
381	381	-1
382	382	-1
383	383	1
384	384	-3
385	385	1
386	386	-1
387	387	-1
388	388	1
389	389	1
390	390	-1
391	391	3
392	392	-1
393	393	-1
394	394	1
395	395	-1
396	396	1
397	397	1
398	398	1
399	399	-3
400	400	-1
401	401	-3
402	402	1
403	403	1
404	404	1
405	405	-1
406	406	-1
407	407	3
408	408	1
409	409	-1
410	410	1
411	411	-3
412	412	-1
413	413	-3
414	414	-3
415	415	-1
416	416	3
417	417	3
418	418	1
419	419	1
420	420	-3
421	421	-1
422	422	-1
423	423	-1
424	424	-1
425	425	-1
426	426	3
427	427	3
428	428	-1
429	429	-3
430	430	-1
431	431	-1
432	432	-1
433	433	-1
434	434	-1
435	435	-1
436	436	-1
437	437	-1
438	438	-1
439	439	1
440	440	-1
441	441	1
442	442	-1
443	443	-1
444	444	-1
445	445	-1
446	446	-1
447	447	-1
448	448	1
449	449	-3
450	450	1
451	451	3
452	452	-1
453	453	1
454	454	3
455	455	1
456	456	-1
457	457	-3
458	458	-1
459	459	-1
460	460	-1
461	461	-1
462	462	1
463	463	1
464	464	-1
465	465	1
466	466	-1
467	467	-1
468	468	-1
469	469	-1
470	470	-1
471	471	1
472	472	1
473	473	-1
474	474	-1
475	475	1
476	476	-1
477	477	-3
478	478	1
479	479	1
480	480	-1
481	481	-1
482	482	-1
483	483	-1
484	484	-1
485	485	1
486	486	-1
487	487	-1
488	488	-3
489	489	1
490	490	-3
491	491	-1
492	492	1
493	493	-3
494	494	-1
495	495	-1
496	496	-1
497	497	1
498	498	-1
499	499	-3
500	500	1
501	501	-1
502	502	-1
503	503	1
504	504	3
505	505	-3
506	506	1
507	507	-3
508	508	1
509	509	1
510	510	1
511	511	1
512	512	-1
513	513	1
514	514	-1
515	515	1
516	516	-1
517	517	1
518	518	-1
519	519	-1
520	520	-3
521	521	-1
522	522	1
523	523	-1
524	524	-1
525	525	-1
526	526	-1
527	527	-1
528	528	1
529	529	-3
530	530	3
531	531	1
532	532	1
533	533	1
534	534	-1
535	535	-1
536	536	-1
537	537	-1
538	538	3
539	539	3
540	540	1
541	541	1
542	542	1
543	543	-3
544	544	1
545	545	1
546	546	1
547	547	1
548	548	1
549	549	1
550	550	1
551	551	-1
552	552	-3
553	553	-1
554	554	-3
555	555	1
556	556	-1
557	557	1
558	558	-1
559	559	-1
560	560	3
561	561	1
562	562	-3
563	563	1
564	564	-3
565	565	-1
566	566	1
567	567	-3
568	568	3
569	569	1
570	570	-1
571	571	1
572	572	-1
573	573	1
574	574	-1
575	575	-1
576	576	1
577	577	1
578	578	-1
579	579	1
580	580	3
581	581	1
582	582	3
583	583	1
584	584	-1
585	585	-1
586	586	3
587	587	1
588	588	1
589	589	-1
590	590	1
591	591	1
592	592	-3
593	593	3
594	594	-1
595	595	3
596	596	1
597	597	1
598	598	-1
599	599	-1
600	600	-3
601	601	-1
602	602	1
603	603	-1
604	604	3
605	605	-1
606	606	-1
607	607	-3
608	608	-1
609	609	1
610	610	3
611	611	1
612	612	-1
613	613	1
614	614	-1
615	615	-1
616	616	1
617	617	-1
618	618	3
619	619	-1
620	620	-1
621	621	3
622	622	1
623	623	1
624	624	-1
625	625	1
626	626	1
627	627	3
628	628	-3
629	629	-1
630	630	-1
631	631	1
632	632	-1
633	633	-1
634	634	1
635	635	1
636	636	1
637	637	-1
638	638	1
639	639	-1
640	640	3
641	641	-1
642	642	1
643	643	-3
644	644	1
645	645	-1
646	646	1
647	647	3
648	648	-1
649	649	-1
650	650	-1
651	651	3
652	652	1
653	653	1
654	654	-1
655	655	3
656	656	1
657	657	1
658	658	-1
659	659	3
660	660	3
661	661	-1
662	662	-1
663	663	1
664	664	1
665	665	-1
666	666	3
667	667	-1
668	668	1
669	669	-1
670	670	1
671	671	-3
672	672	-3
673	673	1
674	674	-1
675	675	-3
676	676	-3
677	677	-1
678	678	-1
679	679	-3
680	680	-1
681	681	-3
682	682	3
683	683	1
684	684	1
685	685	-3
686	686	-3
687	687	-1
688	688	1
689	689	-1
690	690	-1
691	691	-1
692	692	-1
693	693	-1
694	694	1
695	695	-1
696	696	1
697	697	3
698	698	-1
699	699	1
700	700	1
701	701	1
702	702	-1
703	703	-1
704	704	3
705	705	-1
706	706	-3
707	707	1
708	708	1
709	709	3
710	710	-1
711	711	-3
712	712	1
713	713	1
714	714	-1
715	715	-3
716	716	1
717	717	1
718	718	1
719	719	-1
720	720	-1
721	721	1
722	722	-1
723	723	1
724	724	3
725	725	-1
726	726	1
727	727	-1
728	728	-1
729	729	1
730	730	-1
731	731	1
732	732	1
733	733	1
734	734	1
735	735	-1
736	736	-1
737	737	-1
738	738	-3
739	739	1
740	740	-1
741	741	-1
742	742	1
743	743	-1
744	744	-1
745	745	-1
746	746	1
747	747	-1
748	748	-1
749	749	3
750	750	3
751	751	3
752	752	1
753	753	3
754	754	1
755	755	-1
756	756	1
757	757	-1
758	758	-3
759	759	1
760	760	-1
761	761	-1
762	762	1
763	763	-1
764	764	1
765	765	1
766	766	1
767	767	-1
768	768	-1
769	769	1
770	770	1
771	771	-1
772	772	1
773	773	3
774	774	-1
775	775	1
776	776	-1
777	777	-1
778	778	1
779	779	-1
780	780	1
781	781	1
782	782	3
783	783	1
784	784	-1
785	785	-1
786	786	1
787	787	1
788	788	-1
789	789	1
790	790	-3
791	791	3
792	792	-1
793	793	3
794	794	-1
795	795	-1
796	796	-3
797	797	-1
798	798	1
799	799	-1
800	800	1
801	801	-1
802	802	-1
803	803	-1
804	804	-1
805	805	-1
806	806	1
807	807	-1
808	808	1
809	809	-1
810	810	3
811	811	3
812	812	1
813	813	1
814	814	-1
815	815	-3
816	816	-3
817	817	-1
818	818	-1
819	819	-1
820	820	-1
821	821	-3
822	822	1
823	823	3
824	824	-1
825	825	1
826	826	1
827	827	-1
828	828	1
829	829	-3
830	830	-1
831	831	3
832	832	1
833	833	1
834	834	-3
835	835	1
836	836	1
837	837	1
838	838	-3
839	839	1
840	840	-3
841	841	1
842	842	-1
843	843	-1
844	844	-3
845	845	-1
846	846	1
847	847	3
848	848	-1
849	849	-1
850	850	-1
851	851	-1
852	852	-1
853	853	1
854	854	1
855	855	-1
856	856	-1
857	857	1
858	858	1
859	859	1
860	860	3
861	861	1
862	862	1
863	863	1
864	864	-3
865	865	1
866	866	1
867	867	1
868	868	-1
869	869	-1
870	870	-1
871	871	1
872	872	-1
873	873	-1
874	874	-1
875	875	1
876	876	3
877	877	1
878	878	-1
879	879	-3
880	880	1
881	881	1
882	882	3
883	883	1
884	884	-1
885	885	1
886	886	1
887	887	1
888	888	3
889	889	-1
890	890	-1
891	891	-1
892	892	1
893	893	-1
894	894	-1
895	895	-1
896	896	-1
897	897	1
898	898	3
899	899	-1
900	900	-1
901	901	1
902	902	1
903	903	-1
904	904	1
905	905	1
906	906	1
907	907	1
908	908	-1
909	909	-1
910	910	1
911	911	1
912	912	-1
913	913	1
914	914	-1
915	915	-1
916	916	-1
917	917	1
918	918	1
919	919	-1
920	920	-1
921	921	-3
922	922	-3
923	923	3
924	924	1
925	925	-1
926	926	1
927	927	1
928	928	-3
929	929	1
930	930	-1
931	931	1
932	932	1
933	933	-3
934	934	1
935	935	-1
936	936	1
937	937	1
938	938	1
939	939	-1
940	940	-1
941	941	3
942	942	1
943	943	3
944	944	-1
945	945	-1
946	946	-1
947	947	1
948	948	-3
949	949	-1
950	950	1
951	951	1
952	952	-3
953	953	3
954	954	1
955	955	1
956	956	1
957	957	-1
958	958	1
959	959	1
960	960	1
961	961	3
962	962	-1
963	963	-1
964	964	-1
965	965	-3
966	966	3
967	967	3
968	968	-3
969	969	1
970	970	3
971	971	1
972	972	-1
973	973	-1
974	974	-3
975	975	1
976	976	-1
977	977	3
978	978	-1
979	979	1
980	980	1
981	981	1
982	982	1
983	983	-1
984	984	-1
985	985	-1
986	986	1
987	987	-1
988	988	-3
989	989	1
990	990	-1
991	991	3
992	992	1
993	993	-3
994	994	1
995	995	-3
996	996	3
997	997	-3
998	998	-1
999	999	1
1000	1000	1
1001	1001	1
1002	1002	-3
1003	1003	-1
1004	1004	3
1005	1005	1
1006	1006	1
1007	1007	1
1008	1008	-1
1009	1009	1
1010	1010	-1
1011	1011	-1
1012	1012	-1
1013	1013	-1
1014	1014	-1
1015	1015	1
1016	1016	-1
1017	1017	1
1018	1018	-1
1019	1019	1
1020	1020	1
1021	1021	-1
1022	1022	1
1023	1023	-1
1024	1024	1
1025	1025	2
1026	1026	2
1027	1027	2
1028	1028	2
1029	1029	-2
1030	1030	-2
1031	1031	2
1032	1032	2
1033	1033	2
1034	1034	2
1035	1035	-2
1036	1036	-2
1037	1037	-2
1038	1038	-2
1039	1039	-2
1040	1040	2
1041	1041	-2
1042	1042	-2
1043	1043	-2
1044	1044	-2
1045	1045	-2
1046	1046	2
1047	1047	-2
1048	1048	-2
1049	1049	-2
1050	1050	2
1051	1051	-2
1052	1052	2
1053	1053	2
1054	1054	-2
1055	1055	2
1056	1056	-2
1057	1057	2
1058	1058	2
1059	1059	2
1060	1060	2
1061	1061	-2
1062	1062	-2
1063	1063	2
1064	1064	2
1065	1065	-2
1066	1066	2
1067	1067	-2
1068	1068	2
1069	1069	-2
1070	1070	-2
1071	1071	-2
1072	1072	2
1073	1073	-2
1074	1074	2
1075	1075	-2
1076	1076	-2
1077	1077	-2
1078	1078	2
1079	1079	-2
1080	1080	-2
1081	1081	2
1082	1082	2
1083	1083	-2
1084	1084	-2
1085	1085	2
1086	1086	-2
1087	1087	-2
1088	1088	2
1089	1089	-2
1090	1090	2
1091	1091	2
1092	1092	2
1093	1093	-2
1094	1094	2
1095	1095	-2
1096	1096	-2
1097	1097	-2
1098	1098	-2
1099	1099	-2
1100	1100	2
1101	1101	2
1102	1102	-2
1103	1103	2
1104	1104	-2
1105	1105	2
1106	1106	-2
1107	1107	2
1108	1108	-2
1109	1109	2
1110	1110	-2
1111	1111	-2
1112	1112	-2
1113	1113	-2
1114	1114	-2
1115	1115	-2
1116	1116	-2
1117	1117	2
1118	1118	-2
1119	1119	-2
1120	1120	-2
1121	1121	-2
1122	1122	-2
1123	1123	-2
1124	1124	2
1125	1125	2
1126	1126	-2
1127	1127	2
1128	1128	2
1129	1129	2
1130	1130	-2
1131	1131	2
1132	1132	2
1133	1133	-2
1134	1134	2
1135	1135	2
1136	1136	-2
1137	1137	2
1138	1138	-2
1139	1139	2
1140	1140	2
1141	1141	2
1142	1142	-2
1143	1143	2
1144	1144	-2
1145	1145	2
1146	1146	2
1147	1147	-2
1148	1148	2
1149	1149	-2
1150	1150	2
1151	1151	2
1152	1152	2
1153	1153	2
1154	1154	-2
1155	1155	2
1156	1156	2
1157	1157	-2
1158	1158	-2
1159	1159	-2
1160	1160	-2
1161	1161	-2
1162	1162	-2
1163	1163	2
1164	1164	2
1165	1165	2
1166	1166	2
1167	1167	-2
1168	1168	-2
1169	1169	2
1170	1170	2
1171	1171	-2
1172	1172	-2
1173	1173	-2
1174	1174	-2
1175	1175	2
1176	1176	-2
1177	1177	2
1178	1178	-2
1179	1179	-2
1180	1180	-2
1181	1181	2
1182	1182	-2
1183	1183	2
1184	1184	2
1185	1185	-2
1186	1186	2
1187	1187	-2
1188	1188	-2
1189	1189	2
1190	1190	2
1191	1191	-2
1192	1192	2
1193	1193	2
1194	1194	2
1195	1195	-2
1196	1196	-2
1197	1197	-2
1198	1198	-2
1199	1199	-2
1200	1200	-2
1201	1201	-2
1202	1202	2
1203	1203	-2
1204	1204	2
1205	1205	-2
1206	1206	2
1207	1207	2
1208	1208	-2
1209	1209	-2
1210	1210	-2
1211	1211	-2
1212	1212	-2
1213	1213	2
1214	1214	2
1215	1215	2
1216	1216	-2
1217	1217	2
1218	1218	-2
1219	1219	2
1220	1220	2
1221	1221	-2
1222	1222	2
1223	1223	2
1224	1224	-2
1225	1225	-2
1226	1226	-2
1227	1227	2
1228	1228	2
1229	1229	2
1230	1230	2
1231	1231	-2
1232	1232	-2
1233	1233	2
1234	1234	-2
1235	1235	2
1236	1236	2
1237	1237	2
1238	1238	2
1239	1239	-2
1240	1240	2
1241	1241	-2
1242	1242	-2
1243	1243	-2
1244	1244	2
1245	1245	-2
1246	1246	-2
1247	1247	2
1248	1248	-2
1249	1249	-2
1250	1250	2
1251	1251	2
1252	1252	2
1253	1253	-2
1254	1254	-2
1255	1255	2
1256	1256	2
1257	1257	2
1258	1258	2
1259	1259	2
1260	1260	2
1261	1261	-2
1262	1262	2
1263	1263	2
1264	1264	2
1265	1265	-2
1266	1266	2
1267	1267	-2
1268	1268	-2
1269	1269	-2
1270	1270	2
1271	1271	2
1272	1272	2
1273	1273	-2
1274	1274	2
1275	1275	2
1276	1276	-2
1277	1277	-2
1278	1278	-2
1279	1279	-2
1280	1280	-2
1281	1281	2
1282	1282	-2
1283	1283	-2
1284	1284	-2
1285	1285	2
1286	1286	-2
1287	1287	2
1288	1288	2
1289	1289	2
1290	1290	2
1291	1291	-2
1292	1292	2
1293	1293	2
1294	1294	2
1295	1295	-2
1296	1296	-2
1297	1297	-2
1298	1298	-2
1299	1299	-2
1300	1300	2
1301	1301	2
1302	1302	-2
1303	1303	2
1304	1304	-2
1305	1305	2
1306	1306	2
1307	1307	2
1308	1308	2
1309	1309	-2
1310	1310	2
1311	1311	-2
1312	1312	-2
1313	1313	-2
1314	1314	-2
1315	1315	2
1316	1316	-2
1317	1317	2
1318	1318	-2
1319	1319	2
1320	1320	2
1321	1321	-2
1322	1322	2
1323	1323	2
1324	1324	2
1325	1325	2
1326	1326	2
1327	1327	2
1328	1328	2
1329	1329	2
1330	1330	-2
1331	1331	-2
1332	1332	-2
1333	1333	2
1334	1334	-2
1335	1335	-2
1336	1336	2
1337	1337	2
1338	1338	2
1339	1339	2
1340	1340	-2
1341	1341	-2
1342	1342	2
1343	1343	-2
1344	1344	-2
1345	1345	2
1346	1346	-2
1347	1347	2
1348	1348	-2
1349	1349	2
1350	1350	-2
1351	1351	2
1352	1352	2
1353	1353	2
1354	1354	-2
1355	1355	-2
1356	1356	-2
1357	1357	2
1358	1358	-2
1359	1359	2
1360	1360	-2
1361	1361	2
1362	1362	2
1363	1363	2
1364	1364	2
1365	1365	-2
1366	1366	-2
1367	1367	-2
1368	1368	2
1369	1369	-2
1370	1370	-2
1371	1371	-2
1372	1372	2
1373	1373	-2
1374	1374	2
1375	1375	2
1376	1376	2
1377	1377	-2
1378	1378	2
1379	1379	-2
1380	1380	2
1381	1381	2
1382	1382	-2
1383	1383	2
1384	1384	2
1385	1385	-2
1386	1386	-2
1387	1387	2
1388	1388	-2
1389	1389	-2
1390	1390	-2
1391	1391	2
1392	1392	-2
1393	1393	2
1394	1394	-2
1395	1395	-2
1396	1396	2
1397	1397	2
1398	1398	-2
1399	1399	-2
1400	1400	-2
1401	1401	2
1402	1402	2
1403	1403	2
1404	1404	-2
1405	1405	2
1406	1406	2
1407	1407	-2
1408	1408	-2
1409	1409	2
1410	1410	2
1411	1411	-2
1412	1412	-2
1413	1413	2
1414	1414	2
1415	1415	2
1416	1416	-2
1417	1417	2
1418	1418	-2
1419	1419	-2
1420	1420	2
1421	1421	2
1422	1422	2
1423	1423	2
1424	1424	-2
1425	1425	-2
1426	1426	2
1427	1427	2
1428	1428	2
1429	1429	-2
1430	1430	-2
1431	1431	-2
1432	1432	-2
1433	1433	-2
1434	1434	2
1435	1435	-2
1436	1436	-2
1437	1437	-2
1438	1438	2
1439	1439	2
1440	1440	-2
1441	1441	2
1442	1442	-2
1443	1443	-2
1444	1444	2
1445	1445	2
1446	1446	2
1447	1447	2
1448	1448	-2
1449	1449	2
1450	1450	-2
1451	1451	2
1452	1452	2
1453	1453	-2
1454	1454	2
1455	1455	2
1456	1456	2
1457	1457	2
1458	1458	2
1459	1459	-2
1460	1460	2
1461	1461	-2
1462	1462	2
1463	1463	-2
1464	1464	-2
1465	1465	-2
1466	1466	2
1467	1467	2
1468	1468	-2
1469	1469	-2
1470	1470	-2
1471	1471	-2
1472	1472	-2
1473	1473	-2
1474	1474	-2
1475	1475	2
1476	1476	2
1477	1477	-2
1478	1478	2
1479	1479	-2
1480	1480	2
1481	1481	2
1482	1482	2
1483	1483	2
1484	1484	-2
1485	1485	2
1486	1486	2
1487	1487	-2
1488	1488	2
1489	1489	-2
1490	1490	-2
1491	1491	2
1492	1492	2
1493	1493	2
1494	1494	2
1495	1495	2
1496	1496	2
1497	1497	-2
1498	1498	2
1499	1499	2
1500	1500	2
1501	1501	-2
1502	1502	-2
1503	1503	-2
1504	1504	-2
1505	1505	2
1506	1506	-2
1507	1507	-2
1508	1508	2
1509	1509	2
1510	1510	2
1511	1511	-2
1512	1512	-2
1513	1513	2
1514	1514	-2
1515	1515	-2
1516	1516	-2
1517	1517	2
1518	1518	-2
1519	1519	-2
1520	1520	2
1521	1521	2
1522	1522	-2
1523	1523	-2
1524	1524	2
1525	1525	-2
1526	1526	-2
1527	1527	-2
1528	1528	2
1529	1529	-2
1530	1530	-2
1531	1531	-2
1532	1532	-2
1533	1533	2
1534	1534	2
1535	1535	2
1536	1536	-2
1537	1537	2
1538	1538	2
1539	1539	2
1540	1540	2
1541	1541	2
1542	1542	2
1543	1543	2
1544	1544	2
1545	1545	-2
1546	1546	2
1547	1547	-2
1548	1548	2
1549	1549	2
1550	1550	-2
1551	1551	-2
1552	1552	2
1553	1553	2
1554	1554	2
1555	1555	2
1556	1556	-2
1557	1557	2
1558	1558	-2
1559	1559	2
1560	1560	2
1561	1561	-2
1562	1562	2
1563	1563	2
1564	1564	2
1565	1565	-2
1566	1566	2
1567	1567	-2
1568	1568	-2
1569	1569	-2
1570	1570	-2
1571	1571	2
1572	1572	2
1573	1573	-2
1574	1574	2
1575	1575	2
1576	1576	2
1577	1577	2
1578	1578	2
1579	1579	2
1580	1580	-2
1581	1581	-2
1582	1582	2
1583	1583	-2
1584	1584	-2
1585	1585	-2
1586	1586	2
1587	1587	-2
1588	1588	-2
1589	1589	2
1590	1590	2
1591	1591	2
1592	1592	-2
1593	1593	2
1594	1594	2
1595	1595	-2
1596	1596	2
1597	1597	2
1598	1598	-2
1599	1599	2
1600	1600	-2
1601	1601	2
1602	1602	-2
1603	1603	-2
1604	1604	-2
1605	1605	-2
1606	1606	-2
1607	1607	-2
1608	1608	-2
1609	1609	-2
1610	1610	2
1611	1611	2
1612	1612	2
1613	1613	-2
1614	1614	-2
1615	1615	2
1616	1616	-2
1617	1617	-2
1618	1618	-2
1619	1619	2
1620	1620	2
1621	1621	-2
1622	1622	-2
1623	1623	2
1624	1624	-2
1625	1625	2
1626	1626	2
1627	1627	-2
1628	1628	-2
1629	1629	-2
1630	1630	-2
1631	1631	2
1632	1632	2
1633	1633	-2
1634	1634	-2
1635	1635	-2
1636	1636	-2
1637	1637	-2
1638	1638	-2
1639	1639	2
1640	1640	-2
1641	1641	2
1642	1642	-2
1643	1643	2
1644	1644	-2
1645	1645	2
1646	1646	2
1647	1647	-2
1648	1648	2
1649	1649	2
1650	1650	-2
1651	1651	2
1652	1652	2
1653	1653	2
1654	1654	2
1655	1655	-2
1656	1656	2
1657	1657	2
1658	1658	2
1659	1659	2
1660	1660	2
1661	1661	2
1662	1662	-2
1663	1663	2
1664	1664	-2
1665	1665	-2
1666	1666	2
1667	1667	2
1668	1668	-2
1669	1669	2
1670	1670	2
1671	1671	2
1672	1672	2
1673	1673	2
1674	1674	-2
1675	1675	-2
1676	1676	-2
1677	1677	2
1678	1678	-2
1679	1679	2
1680	1680	-2
1681	1681	2
1682	1682	-2
1683	1683	2
1684	1684	2
1685	1685	-2
1686	1686	2
1687	1687	2
1688	1688	-2
1689	1689	2
1690	1690	-2
1691	1691	-2
1692	1692	2
1693	1693	-2
1694	1694	-2
1695	1695	-2
1696	1696	2
1697	1697	-2
1698	1698	-2
1699	1699	-2
1700	1700	-2
1701	1701	-2
1702	1702	-2
1703	1703	2
1704	1704	2
1705	1705	-2
1706	1706	-2
1707	1707	2
1708	1708	2
1709	1709	-2
1710	1710	2
1711	1711	-2
1712	1712	-2
1713	1713	-2
1714	1714	2
1715	1715	-2
1716	1716	2
1717	1717	-2
1718	1718	-2
1719	1719	-2
1720	1720	2
1721	1721	2
1722	1722	-2
1723	1723	-2
1724	1724	2
1725	1725	2
1726	1726	2
1727	1727	-2
1728	1728	2
1729	1729	2
1730	1730	-2
1731	1731	-2
1732	1732	2
1733	1733	-2
1734	1734	-2
1735	1735	2
1736	1736	2
1737	1737	-2
1738	1738	-2
1739	1739	-2
1740	1740	2
1741	1741	-2
1742	1742	-2
1743	1743	2
1744	1744	2
1745	1745	-2
1746	1746	2
1747	1747	-2
1748	1748	-2
1749	1749	2
1750	1750	-2
1751	1751	-2
1752	1752	-2
1753	1753	-2
1754	1754	2
1755	1755	-2
1756	1756	2
1757	1757	2
1758	1758	2
1759	1759	2
1760	1760	2
1761	1761	2
1762	1762	-2
1763	1763	-2
1764	1764	2
1765	1765	-2
1766	1766	2
1767	1767	2
1768	1768	2
1769	1769	2
1770	1770	-2
1771	1771	2
1772	1772	2
1773	1773	2
1774	1774	-2
1775	1775	-2
1776	1776	2
1777	1777	-2
1778	1778	2
1779	1779	2
1780	1780	2
1781	1781	-2
1782	1782	2
1783	1783	-2
1784	1784	2
1785	1785	2
1786	1786	-2
1787	1787	-2
1788	1788	2
1789	1789	2
1790	1790	2
1791	1791	-2
1792	1792	-2
1793	1793	2
1794	1794	2
1795	1795	-2
1796	1796	2
1797	1797	-2
1798	1798	2
1799	1799	-2
1800	1800	-2
1801	1801	-2
1802	1802	-2
1803	1803	-2
1804	1804	-2
1805	1805	2
1806	1806	-2
1807	1807	2
1808	1808	-2
1809	1809	-2
1810	1810	2
1811	1811	2
1812	1812	-2
1813	1813	-2
1814	1814	2
1815	1815	-2
1816	1816	2
1817	1817	-2
1818	1818	2
1819	1819	2
1820	1820	-2
1821	1821	2
1822	1822	-2
1823	1823	-2
1824	1824	2
1825	1825	-2
1826	1826	-2
1827	1827	-2
1828	1828	-2
1829	1829	2
1830	1830	-2
1831	1831	-2
1832	1832	-2
1833	1833	-2
1834	1834	2
1835	1835	-2
1836	1836	2
1837	1837	2
1838	1838	2
1839	1839	-2
1840	1840	-2
1841	1841	2
1842	1842	2
1843	1843	2
1844	1844	2
1845	1845	2
1846	1846	-2
1847	1847	2
1848	1848	-2
1849	1849	2
1850	1850	2
1851	1851	-2
1852	1852	-2
1853	1853	-2
1854	1854	-2
1855	1855	-2
1856	1856	-2
1857	1857	-2
1858	1858	2
1859	1859	-2
1860	1860	2
1861	1861	2
1862	1862	2
1863	1863	2
1864	1864	-2
1865	1865	-2
1866	1866	2
1867	1867	2
1868	1868	-2
1869	1869	-2
1870	1870	-2
1871	1871	-2
1872	1872	2
1873	1873	-2
1874	1874	2
1875	1875	-2
1876	1876	-2
1877	1877	-2
1878	1878	-2
1879	1879	-2
1880	1880	2
1881	1881	2
1882	1882	2
1883	1883	-2
1884	1884	-2
1885	1885	2
1886	1886	2
1887	1887	2
1888	1888	2
1889	1889	-2
1890	1890	2
1891	1891	-2
1892	1892	-2
1893	1893	-2
1894	1894	-2
1895	1895	-2
1896	1896	2
1897	1897	2
1898	1898	-2
1899	1899	2
1900	1900	2
1901	1901	2
1902	1902	2
1903	1903	-2
1904	1904	-2
1905	1905	2
1906	1906	2
1907	1907	-2
1908	1908	-2
1909	1909	-2
1910	1910	-2
1911	1911	2
1912	1912	-2
1913	1913	2
1914	1914	-2
1915	1915	-2
1916	1916	2
1917	1917	-2
1918	1918	2
1919	1919	-2
1920	1920	-2
1921	1921	-2
1922	1922	2
1923	1923	-2
1924	1924	-2
1925	1925	2
1926	1926	2
1927	1927	2
1928	1928	-2
1929	1929	-2
1930	1930	-2
1931	1931	2
1932	1932	-2
1933	1933	2
1934	1934	2
1935	1935	-2
1936	1936	-2
1937	1937	-2
1938	1938	-2
1939	1939	-2
1940	1940	-2
1941	1941	-2
1942	1942	2
1943	1943	-2
1944	1944	2
1945	1945	2
1946	1946	-2
1947	1947	-2
1948	1948	-2
1949	1949	2
1950	1950	-2
1951	1951	-2
1952	1952	2
1953	1953	-2
1954	1954	2
1955	1955	2
1956	1956	-2
1957	1957	-2
1958	1958	2
1959	1959	-2
1960	1960	2
1961	1961	-2
1962	1962	2
1963	1963	-2
1964	1964	2
1965	1965	2
1966	1966	2
1967	1967	-2
1968	1968	2
1969	1969	-2
1970	1970	-2
1971	1971	-2
1972	1972	2
1973	1973	2
1974	1974	-2
1975	1975	-2
1976	1976	2
1977	1977	-2
1978	1978	-2
1979	1979	-2
1980	1980	-2
1981	1981	-2
1982	1982	-2
1983	1983	2
1984	1984	-2
1985	1985	2
1986	1986	2
1987	1987	2
1988	1988	-2
1989	1989	-2
1990	1990	-2
1991	1991	2
1992	1992	2
1993	1993	-2
1994	1994	-2
1995	1995	2
1996	1996	2
1997	1997	2
1998	1998	-2
1999	1999	-2
2000	2000	2
2001	2001	2
2002	2002	-2
2003	2003	2
2004	2004	2
2005	2005	2
2006	2006	2
2007	2007	-2
2008	2008	-2
2009	2009	2
2010	2010	2
2011	2011	2
2012	2012	-2
2013	2013	2
2014	2014	-2
2015	2015	2
2016	2016	2
2017	2017	2
2018	2018	-2
2019	2019	2
2020	2020	2
2021	2021	2
2022	2022	2
2023	2023	-2
2024	2024	2
2025	2025	2
2026	2026	2
2027	2027	-2
2028	2028	2
2029	2029	-2
2030	2030	-2
2031	2031	-2
2032	2032	2
2033	2033	2
2034	2034	-2
2035	2035	-2
2036	2036	-2
2037	2037	-2
2038	2038	-2
2039	2039	-2
2040	2040	-2
2041	2041	-2
2042	2042	2
2043	2043	-2
2044	2044	2
2045	2045	-2
2046	2046	-2
2047	2047	-2
2048	2048	-2
1	184	1
1	537	1
1	596	1
1	624	1
1	859	1
1	1007	1
1	1029	-2
1	1577	2
1	1723	2
2	381	1
2	613	1
2	810	1
2	812	1
2	943	1
2	976	1
2	1026	2
2	1158	-2
2	1868	-2
3	78	1
3	207	1
3	332	1
3	347	1
3	509	1
3	583	1
3	1033	2
3	1456	-2
3	1995	2
4	5	1
4	52	1
4	575	1
4	609	1
4	642	1
4	700	1
4	1027	2
4	1055	2
4	1927	-2
5	510	1
5	600	1
5	609	1
5	695	1
5	874	1
5	1039	2
5	1055	2
5	2008	2
6	56	1
6	238	1
6	653	1
6	680	1
6	741	1
6	964	1
6	1512	-2
6	1734	-2
6	1951	2
7	115	1
7	266	1
7	294	1
7	585	1
7	720	1
7	933	1
7	1205	2
7	1376	-2
7	1915	-2
8	158	1
8	311	1
8	524	1
8	525	1
8	649	1
8	751	1
8	1470	-2
8	1842	2
8	2004	-2
9	45	1
9	106	1
9	326	1
9	355	1
9	587	1
9	685	1
9	1326	-2
9	1417	2
9	1684	-2
10	81	1
10	364	1
10	378	1
10	547	1
10	708	1
10	998	1
10	1420	-2
10	1559	-2
10	1718	2
11	76	1
11	442	1
11	499	1
11	801	1
11	943	1
11	981	1
11	1594	2
11	1976	2
11	2040	2
12	20	1
12	284	1
12	374	1
12	579	1
12	590	1
12	943	1
12	1070	-2
12	1431	-2
12	1819	2
13	392	1
13	619	1
13	726	1
13	832	1
13	849	1
13	985	1
13	1461	2
13	1772	-2
13	1825	2
14	36	1
14	146	1
14	202	1
14	236	1
14	535	1
14	719	1
14	1253	2
14	1795	-2
14	1891	2
15	116	1
15	340	1
15	383	1
15	418	1
15	839	1
15	928	1
15	1429	-2
15	1689	2
15	1973	-2
16	171	1
16	311	1
16	443	1
16	455	1
16	610	1
16	796	1
16	1146	2
16	1895	-2
16	1941	2
17	59	1
17	163	1
17	280	1
17	331	1
17	668	1
17	732	1
17	1332	-2
17	1597	-2
17	1707	2
18	71	1
18	107	1
18	108	1
18	385	1
18	613	1
18	926	1
18	1679	2
18	1865	-2
18	1896	2
19	299	1
19	351	1
19	355	1
19	540	1
19	832	1
19	854	1
19	1359	2
19	1589	2
19	1596	2
20	482	1
20	669	1
20	684	1
20	943	1
20	1000	1
20	1070	-2
20	1439	2
20	1691	2
21	67	1
21	136	1
21	527	1
21	561	1
21	588	1
21	757	1
21	1102	-2
21	1561	2
21	1984	-2
22	94	1
22	235	1
22	318	1
22	402	1
22	782	1
22	863	1
22	1172	2
22	1862	2
22	1924	2
23	229	1
23	504	1
23	601	1
23	684	1
23	962	1
23	996	1
23	1140	-2
23	1551	-2
23	1704	2
24	205	1
24	260	1
24	288	1
24	337	1
24	425	1
24	565	1
24	1089	2
24	1457	-2
24	1899	-2
25	189	1
25	296	1
25	390	1
25	655	1
25	672	1
25	985	1
25	1365	2
25	1780	-2
25	2034	-2
26	171	1
26	295	1
26	437	1
26	500	1
26	606	1
26	668	1
26	1167	2
26	1428	2
26	1536	2
27	124	1
27	631	1
27	691	1
27	756	1
27	878	1
27	911	1
27	1351	2
27	1657	-2
27	1985	2
28	233	1
28	254	1
28	525	1
28	730	1
28	935	1
28	953	1
28	1080	-2
28	1581	-2
28	2039	2
29	156	1
29	162	1
29	252	1
29	260	1
29	296	1
29	366	1
29	1123	2
29	1535	-2
29	1626	-2
30	279	1
30	363	1
30	415	1
30	673	1
30	694	1
30	779	1
30	1318	-2
30	1382	2
30	1403	2
31	134	1
31	507	1
31	523	1
31	529	1
31	646	1
31	661	1
31	1236	-2
31	1588	2
31	1670	-2
32	359	1
32	415	1
32	466	1
32	631	1
32	744	1
32	775	1
32	1712	2
32	1721	-2
32	2005	-2
33	57	1
33	188	1
33	207	1
33	303	1
33	356	1
33	727	1
33	1153	-2
33	1317	-2
33	1473	-2
34	67	1
34	341	1
34	417	1
34	932	1
34	967	1
34	994	1
34	1385	-2
34	1593	2
34	1738	-2
35	110	1
35	117	1
35	199	1
35	548	1
35	678	1
35	817	1
35	1054	2
35	1424	-2
35	1841	2
36	146	1
36	494	1
36	824	1
36	844	1
36	925	1
36	1292	-2
36	1795	-2
36	1810	-2
37	111	1
37	220	1
37	253	1
37	274	1
37	539	1
37	910	1
37	1355	2
37	1580	-2
37	1673	-2
38	127	1
38	511	1
38	616	1
38	705	1
38	883	1
38	938	1
38	1479	-2
38	1553	2
38	1624	2
39	66	1
39	244	1
39	314	1
39	360	1
39	520	1
39	867	1
39	1444	-2
39	1637	2
39	1706	2
40	120	1
40	179	1
40	534	1
40	569	1
40	961	1
40	1021	1
40	1566	-2
40	1822	2
40	1943	-2
41	64	1
41	254	1
41	405	1
41	532	1
41	570	1
41	826	1
41	1245	2
41	1730	2
41	1992	2
42	323	1
42	366	1
42	418	1
42	464	1
42	608	1
42	986	1
42	1370	2
42	1476	-2
42	1617	2
43	44	1
43	48	1
43	185	1
43	381	1
43	544	1
43	559	1
43	1213	-2
43	1239	2
43	1625	-2
44	185	1
44	670	2
44	791	1
44	801	1
44	1082	-2
44	1213	-2
44	1884	-2
45	91	1
45	338	1
45	587	1
45	677	1
45	889	1
45	1417	2
45	1421	-2
45	1498	-2
46	318	1
46	332	1
46	335	1
46	368	1
46	728	1
46	842	1
46	1043	2
46	1321	2
46	1790	2
47	394	1
47	448	1
47	574	1
47	707	1
47	873	1
47	927	1
47	1548	2
47	1576	2
47	1876	2
48	87	1
48	232	1
48	544	1
48	785	1
48	795	1
48	1568	2
48	1625	-2
48	1991	2
49	276	1
49	387	1
49	484	1
49	757	1
49	838	1
49	1016	1
49	1110	2
49	1259	-2
49	1451	-2
50	101	1
50	372	1
50	423	1
50	716	1
50	772	1
50	816	1
50	1283	2
50	1386	2
50	1524	-2
51	257	1
51	356	1
51	462	1
51	885	1
51	901	1
51	936	1
51	1335	-2
51	1699	-2
51	1950	2
52	342	1
52	512	1
52	642	1
52	810	1
52	914	1
52	1329	2
52	1827	-2
52	1927	-2
53	193	1
53	257	1
53	398	1
53	733	1
53	775	1
53	885	1
53	1737	-2
53	1824	-2
53	1977	-2
54	120	1
54	211	1
54	275	1
54	534	1
54	718	1
54	973	1
54	1042	-2
54	1257	-2
54	1814	-2
55	108	1
55	213	1
55	641	1
55	764	1
55	861	1
55	896	1
55	1252	2
55	1537	2
55	2001	-2
56	473	1
56	594	1
56	653	1
56	768	1
56	931	1
56	1136	2
56	1138	-2
56	1734	-2
57	166	1
57	356	1
57	737	1
57	808	1
57	832	1
57	1473	-2
57	1936	2
57	2012	-2
58	321	1
58	343	1
58	441	1
58	553	1
58	563	1
58	586	1
58	1210	-2
58	1218	2
58	1547	-2
59	211	1
59	228	1
59	706	1
59	732	1
59	873	1
59	1707	2
59	1958	-2
59	2027	2
60	179	1
60	202	1
60	420	1
60	526	1
60	598	1
60	681	1
60	1371	2
60	1635	2
60	1912	2
61	195	1
61	213	1
61	237	1
61	777	1
61	934	1
61	945	1
61	1641	-2
61	1694	2
61	1783	2
62	180	1
62	254	1
62	292	1
62	664	1
62	665	1
62	667	1
62	1120	-2
62	1820	-2
62	1946	-2
63	104	1
63	111	1
63	474	1
63	589	1
63	900	1
63	994	1
63	1585	2
63	1652	-2
63	1739	2
64	254	1
64	319	1
64	440	1
64	624	1
64	953	1
64	1134	2
64	1245	2
64	1710	-2
65	104	1
65	180	1
65	187	1
65	284	1
65	458	1
65	482	1
65	1301	2
65	1893	2
65	2000	2
66	244	1
66	439	1
66	656	1
66	740	1
66	809	1
66	1444	-2
66	1480	-2
66	1570	2
67	113	1
67	561	1
67	913	1
67	932	1
67	1102	-2
67	1526	2
67	1738	-2
68	78	1
68	236	1
68	243	1
68	453	1
68	686	1
68	894	1
68	1141	-2
68	1160	-2
68	1861	-2
69	513	1
69	631	1
69	666	1
69	719	1
69	744	1
69	769	1
69	1307	2
69	1562	-2
69	1663	2
70	85	1
70	138	1
70	201	1
70	221	1
70	309	1
70	393	1
70	1195	-2
70	1546	2
70	1747	2
71	137	1
71	297	1
71	596	1
71	637	1
71	926	1
71	1532	2
71	1679	2
71	1715	-2
72	102	1
72	282	1
72	460	1
72	527	1
72	663	1
72	861	1
72	1062	-2
72	1337	2
72	2033	-2
73	203	1
73	204	1
73	209	1
73	238	1
73	253	1
73	951	1
73	1286	-2
73	1419	-2
73	1949	-2
74	246	1
74	497	1
74	593	1
74	846	1
74	851	1
74	948	1
74	1280	2
74	1602	-2
74	1651	-2
75	281	1
75	303	1
75	328	1
75	420	1
75	450	1
75	685	1
75	1188	-2
75	1390	2
75	1503	2
76	316	1
76	504	1
76	633	1
76	701	1
76	981	1
76	1145	2
76	1903	-2
76	1976	2
77	98	1
77	623	1
77	837	1
77	902	1
77	952	1
77	1013	1
77	1604	2
77	1697	-2
77	1900	2
78	332	1
78	433	1
78	686	1
78	781	1
78	1141	-2
78	1379	-2
78	1456	-2
79	146	1
79	614	1
79	662	1
79	773	1
79	878	1
79	984	1
79	1176	-2
79	1312	-2
79	1556	2
80	226	1
80	379	1
80	426	1
80	440	1
80	615	1
80	730	1
80	1036	2
80	1052	2
80	1225	2
81	82	1
81	150	1
81	262	1
81	364	1
81	607	1
81	1282	2
81	1559	-2
81	1623	2
82	100	1
82	159	1
82	262	1
82	432	1
82	829	1
82	1349	-2
82	1592	-2
82	1623	2
83	175	1
83	322	1
83	543	1
83	650	1
83	915	1
83	949	1
83	1045	2
83	1324	-2
83	2038	2
84	187	1
84	326	1
84	363	1
84	563	1
84	846	1
84	972	1
84	1063	2
84	1378	-2
84	2046	-2
85	138	1
85	725	1
85	865	1
85	877	1
85	988	1
85	1092	2
85	1296	2
85	1747	2
86	264	1
86	298	1
86	342	1
86	389	1
86	402	1
86	807	1
86	1558	2
86	1826	-2
86	1847	-2
87	639	1
87	722	1
87	785	1
87	804	1
87	951	1
87	1182	-2
87	1487	-2
87	1568	2
88	410	1
88	503	1
88	565	1
88	611	1
88	752	1
88	966	1
88	1297	-2
88	1885	-2
88	2019	2
89	151	1
89	154	1
89	181	1
89	200	1
89	656	1
89	996	1
89	1384	-2
89	1687	2
89	1784	2
90	244	1
90	443	1
90	774	1
90	834	1
90	984	1
90	1008	1
90	1186	-2
90	1786	2
90	1923	-2
91	523	1
91	560	1
91	597	1
91	789	1
91	889	1
91	1498	-2
91	1587	-2
91	2045	-2
92	130	1
92	634	1
92	751	1
92	810	1
92	818	1
92	913	1
92	1185	-2
92	1659	2
92	1776	-2
93	211	1
93	252	1
93	358	1
93	428	1
93	486	1
93	1006	1
93	1232	2
93	1600	2
93	1665	-2
94	225	1
94	235	1
94	282	1
94	292	1
94	389	1
94	1030	-2
94	1331	-2
94	1924	2
95	258	1
95	346	1
95	411	1
95	461	1
95	940	1
95	964	1
95	1074	2
95	1897	-2
95	1942	-2
96	132	1
96	165	1
96	180	1
96	666	1
96	755	1
96	836	1
96	1469	2
96	1669	2
96	1849	2
97	267	1
97	346	1
97	505	1
97	888	1
97	899	1
97	927	1
97	1203	2
97	1227	-2
97	1272	2
98	263	1
98	340	1
98	623	1
98	667	1
98	678	1
98	1763	2
98	1900	2
98	1937	-2
99	603	1
99	773	1
99	798	1
99	802	1
99	892	1
99	1012	1
99	1107	2
99	1187	2
99	1988	-2
100	159	1
100	438	1
100	470	1
100	621	1
100	935	1
100	1592	-2
100	1793	2
100	1845	2
101	288	1
101	333	1
101	423	1
101	452	1
101	930	1
101	1169	-2
101	1283	2
101	1931	-2
102	135	1
102	460	1
102	578	1
102	756	1
102	917	1
102	1497	-2
102	1883	-2
102	2033	-2
103	149	1
103	181	1
103	419	1
103	600	1
103	620	1
103	664	1
103	1154	-2
103	1348	-2
103	2020	-2
104	111	1
104	187	1
104	353	1
104	980	1
104	1585	2
104	2000	2
104	2016	2
105	412	1
105	524	1
105	839	1
105	909	1
105	941	1
105	1017	1
105	1078	2
105	1340	-2
105	1394	2
106	225	1
106	326	1
106	512	1
106	690	1
106	850	1
106	1326	-2
106	1374	-2
106	1740	-2
107	178	1
107	388	1
107	509	1
107	613	1
107	974	1
107	1436	2
107	1865	-2
107	1921	2
108	385	1
108	536	1
108	764	1
108	966	1
108	1096	-2
108	1252	2
108	1896	2
109	229	1
109	275	1
109	665	1
109	922	1
109	974	1
109	1010	1
109	1698	2
109	1745	2
109	1836	-2
110	171	1
110	363	1
110	466	1
110	548	1
110	855	1
110	1424	-2
110	1522	-2
110	1638	2
111	245	1
111	882	1
111	910	1
111	1041	-2
111	1585	2
111	1673	-2
112	321	1
112	322	1
112	466	1
112	596	1
112	879	1
112	915	1
112	1430	2
112	1741	2
112	1846	2
113	374	1
113	451	1
113	913	1
113	969	1
113	1015	1
113	1526	2
113	1646	2
113	1748	-2
114	128	1
114	351	1
114	530	1
114	542	1
114	681	1
114	775	1
114	1025	2
114	1230	2
114	1484	2
115	266	1
115	767	1
115	812	1
115	865	1
115	918	1
115	1376	-2
115	1932	2
115	1954	2
116	118	1
116	626	1
116	838	1
116	928	1
116	968	1
116	1192	-2
116	1803	2
116	1973	-2
117	199	1
117	397	1
117	479	1
117	692	1
117	812	1
117	1413	2
117	1841	2
117	1909	-2
118	298	1
118	634	1
118	784	1
118	838	1
118	889	1
118	1192	-2
118	1357	2
118	1758	-2
119	224	1
119	238	1
119	329	1
119	345	1
119	419	1
119	566	1
119	1463	-2
119	1511	2
119	1540	-2
120	275	1
120	534	1
120	622	1
120	966	1
120	1257	-2
120	1649	2
120	1822	2
121	272	1
121	494	1
121	586	1
121	759	1
121	831	1
121	938	1
121	1729	2
121	1851	-2
121	1926	2
122	270	1
122	377	1
122	392	1
122	593	1
122	1005	1
122	1022	1
122	1446	2
122	2013	2
122	2014	-2
123	229	1
123	235	1
123	368	1
123	516	1
123	699	1
123	743	1
123	1156	2
123	1708	2
123	2017	-2
124	453	1
124	540	1
124	848	1
124	878	1
124	952	1
124	1211	2
124	1657	-2
124	1722	2
125	141	1
125	389	1
125	543	1
125	821	1
125	826	1
125	889	1
125	1175	2
125	1414	-2
125	1746	2
126	338	1
126	434	1
126	598	1
126	639	1
126	726	1
126	852	1
126	1035	2
126	1462	-2
126	2044	2
127	312	1
127	511	1
127	645	1
127	867	1
127	1017	1
127	1242	-2
127	1553	2
127	1979	2
128	269	1
128	681	1
128	836	1
128	884	1
128	913	1
128	1362	2
128	1484	2
128	1888	-2
129	136	1
129	172	1
129	177	1
129	185	1
129	233	1
129	806	1
129	1493	2
129	1688	-2
129	1944	2
130	377	1
130	530	1
130	591	1
130	795	1
130	818	1
130	1100	2
130	1776	-2
130	1837	-2
131	134	1
131	144	1
131	572	1
131	574	1
131	623	1
131	858	1
131	1163	-2
131	1277	-2
131	1968	2
132	165	1
132	398	1
132	674	1
132	908	1
132	1018	1
132	1402	-2
132	1669	2
132	1864	-2
133	410	1
133	516	1
133	538	1
133	541	1
133	649	1
133	783	1
133	1520	2
133	1661	-2
133	2023	2
134	523	1
134	572	1
134	635	1
134	808	1
134	1163	-2
134	1670	-2
134	1871	-2
135	376	1
135	447	1
135	627	1
135	756	1
135	986	1
135	1090	2
135	1497	-2
135	1843	-2
136	273	1
136	712	1
136	757	1
136	806	1
136	1944	2
136	1984	-2
136	1998	-2
137	264	1
137	297	1
137	844	1
137	904	1
137	906	1
137	1343	-2
137	1532	2
137	1952	-2
138	302	1
138	550	1
138	580	1
138	979	1
138	1467	2
138	1747	2
138	2015	2
139	187	1
139	288	1
139	521	1
139	528	1
139	611	1
139	919	1
139	1104	-2
139	1513	-2
139	1615	2
140	247	1
140	506	1
140	622	1
140	808	1
140	870	1
140	891	1
140	1284	-2
140	1410	2
140	1762	-2
141	572	1
141	577	1
141	680	1
141	697	1
141	826	1
141	1212	2
141	1255	2
141	1746	2
142	242	1
142	531	1
142	602	1
142	687	1
142	709	1
142	961	1
142	1447	2
142	1538	-2
142	1544	2
143	222	1
143	233	1
143	241	1
143	468	1
143	502	1
143	573	1
143	1159	2
143	1305	2
143	1933	-2
144	323	1
144	335	1
144	478	1
144	574	1
144	701	1
144	1240	2
144	1277	-2
144	1750	-2
145	273	1
145	472	1
145	483	1
145	699	1
145	835	1
145	852	1
145	1051	2
145	1881	-2
145	1935	-2
146	634	1
146	984	1
146	988	1
146	1312	-2
146	1507	2
146	1795	-2
147	300	1
147	684	1
147	803	1
147	857	1
147	963	1
147	967	1
147	1338	2
147	1873	2
147	1892	-2
148	367	1
148	459	1
148	514	1
148	614	1
148	760	1
148	815	1
148	1275	-2
148	1578	-2
148	1770	2
149	306	1
149	620	1
149	731	1
149	877	1
149	927	1
149	1154	-2
149	1475	2
149	1481	2
150	160	1
150	607	1
150	765	1
150	830	1
150	833	1
150	1282	2
150	1383	2
150	2037	-2
151	200	1
151	222	1
151	228	1
151	407	1
151	1010	1
151	1675	-2
151	1784	2
151	1815	-2
152	354	1
152	545	1
152	608	1
152	789	1
152	980	1
152	995	1
152	1644	-2
152	1821	-2
152	1981	2
153	212	1
153	359	1
153	844	1
153	858	1
153	1003	1
153	1016	1
153	1573	2
153	1667	-2
153	1974	2
154	181	1
154	273	1
154	293	1
154	768	1
154	783	1
154	1366	-2
154	1384	-2
154	1809	-2
155	158	1
155	301	1
155	323	1
155	475	1
155	539	1
155	626	1
155	1392	2
155	1579	2
155	1906	2
156	162	1
156	175	1
156	176	1
156	406	1
156	1021	1
156	1412	-2
156	1535	-2
156	2028	2
157	163	1
157	266	1
157	478	1
157	511	1
157	743	1
157	818	1
157	1294	2
157	1314	-2
157	1969	-2
158	323	1
158	525	1
158	840	1
158	949	1
158	1392	2
158	2004	-2
158	2006	-2
159	415	1
159	806	1
159	848	1
159	1016	1
159	1170	2
159	1510	2
159	1592	-2
160	203	1
160	746	1
160	773	1
160	830	1
160	970	1
160	1260	2
160	2022	2
160	2037	-2
161	330	1
161	427	1
161	650	1
161	696	1
161	841	1
161	977	1
161	1142	2
161	1742	-2
161	1801	2
162	226	1
162	847	1
162	872	1
162	897	1
162	1344	-2
162	1411	-2
162	1535	-2
163	280	1
163	478	1
163	587	1
163	658	1
163	1332	-2
163	1677	-2
163	1969	-2
164	208	1
164	237	1
164	578	1
164	659	1
164	879	1
164	965	1
164	1065	2
164	1629	2
164	1672	2
165	271	1
165	522	1
165	905	1
165	942	1
165	1669	2
165	1709	-2
165	1859	-2
166	558	1
166	808	1
166	948	1
166	976	1
166	1014	1
166	1406	-2
166	1726	-2
166	1936	2
167	334	1
167	449	1
167	485	1
167	487	1
167	590	1
167	751	1
167	1162	2
167	1777	-2
167	1854	2
168	198	1
168	412	1
168	599	1
168	632	1
168	774	1
168	782	1
168	1073	2
168	1471	-2
168	2025	2
169	314	1
169	445	1
169	499	1
169	518	1
169	623	1
169	916	1
169	1246	2
169	1265	-2
169	1817	2
170	223	1
170	307	1
170	370	1
170	509	1
170	516	1
170	770	1
170	1040	2
170	1069	2
170	1290	2
171	295	1
171	443	1
171	466	1
171	1167	2
171	1522	-2
171	1895	-2
172	185	1
172	279	1
172	591	1
172	738	1
172	845	1
172	1688	-2
172	1975	2
172	1993	-2
173	226	1
173	479	1
173	680	1
173	753	1
173	912	1
173	978	1
173	1157	-2
173	1233	2
173	1855	2
174	445	1
174	514	1
174	582	1
174	860	1
174	947	1
174	1004	1
174	1448	-2
174	1886	2
174	1914	-2
175	543	1
175	866	1
175	886	1
175	1021	1
175	1395	2
175	2028	2
175	2038	2
176	332	1
176	406	1
176	681	1
176	781	1
176	1008	1
176	1229	2
176	1412	-2
176	1907	2
177	233	1
177	305	1
177	476	1
177	581	1
177	745	1
177	1088	2
177	1493	2
177	1676	2
178	308	1
178	317	1
178	388	1
178	748	1
178	1001	1
178	1418	-2
178	1875	-2
178	1921	2
179	287	1
179	526	1
179	602	1
179	1021	1
179	1563	2
179	1566	-2
179	1635	2
180	482	1
180	664	1
180	755	1
180	1301	2
180	1469	2
180	1820	-2
181	195	1
181	571	1
181	600	1
181	1221	-2
181	1384	-2
181	2020	-2
182	353	1
182	385	1
182	448	1
182	451	1
182	487	1
182	713	1
182	1216	-2
182	1364	2
182	1874	2
183	286	1
183	304	1
183	396	1
183	682	1
183	903	1
183	967	1
183	1505	2
183	1796	2
183	2009	2
184	276	1
184	451	1
184	542	1
184	624	1
184	702	1
184	1128	-2
184	1248	-2
184	1723	2
185	418	1
185	765	1
185	1213	-2
185	1688	-2
185	1799	-2
186	205	1
186	397	1
186	500	1
186	739	1
186	830	1
186	1011	1
186	1289	-2
186	1705	2
186	1743	-2
187	611	1
187	972	1
187	1378	-2
187	1513	-2
187	2000	2
188	207	1
188	210	1
188	267	1
188	430	1
188	858	1
188	1317	-2
188	1369	2
188	1407	-2
189	190	1
189	655	1
189	747	1
189	890	1
189	897	1
189	1287	2
189	1918	-2
189	2034	-2
190	216	1
190	217	1
190	336	1
190	897	1
190	944	1
190	1047	-2
190	1287	2
190	1490	2
191	215	1
191	561	1
191	770	1
191	852	1
191	954	1
191	975	1
191	1222	-2
191	1361	2
191	1425	-2
192	366	1
192	574	1
192	600	1
192	758	1
192	909	1
192	1015	1
192	1068	-2
192	1174	2
192	1529	2
193	406	1
193	552	1
193	731	1
193	775	1
193	1015	1
193	1545	2
193	1773	2
193	1977	-2
194	326	1
194	568	1
194	640	1
194	957	1
194	992	1
194	1024	1
194	1465	-2
194	1696	2
194	1781	-2
195	571	1
195	575	1
195	819	1
195	934	1
195	1221	-2
195	1241	2
195	1641	-2
196	304	1
196	753	1
196	847	1
196	857	1
196	929	1
196	982	1
196	1106	-2
196	1534	2
196	1683	2
197	372	1
197	401	1
197	551	1
197	761	1
197	774	1
197	871	1
197	1454	-2
197	1608	2
197	1990	-2
198	269	1
198	383	1
198	433	1
198	599	1
198	784	1
198	1471	-2
198	1856	2
198	1980	-2
199	215	1
199	295	1
199	793	1
199	944	1
199	1316	-2
199	1567	2
199	1841	2
200	513	1
200	555	1
200	841	1
200	992	1
200	1034	2
200	1398	-2
200	1784	2
201	294	1
201	393	1
201	714	1
201	813	1
201	840	1
201	1139	-2
201	1195	-2
201	1501	2
202	534	1
202	681	1
202	719	1
202	975	1
202	1371	2
202	1693	2
202	1891	2
203	403	1
203	554	1
203	773	1
203	951	1
203	1260	2
203	1286	-2
203	1898	2
204	224	1
204	238	1
204	386	1
204	392	1
204	982	1
204	1330	2
204	1700	2
204	1949	-2
205	337	1
205	397	1
205	886	1
205	920	1
205	1089	2
205	1289	-2
205	1751	-2
206	454	1
206	457	1
206	507	1
206	613	1
206	708	1
206	827	1
206	1440	2
206	1521	2
206	1870	2
207	271	1
207	292	1
207	347	1
207	1132	-2
207	1317	-2
207	1995	2
208	320	1
208	704	1
208	708	1
208	879	1
208	981	1
208	1037	-2
208	1065	2
208	1250	2
209	253	1
209	362	1
209	508	1
209	543	1
209	667	1
209	1249	2
209	1315	-2
209	1419	-2
210	421	1
210	625	1
210	750	1
210	858	1
210	908	1
210	1108	-2
210	1143	-2
210	1407	-2
211	228	1
211	486	1
211	973	1
211	1232	2
211	1814	-2
211	2027	2
212	283	1
212	359	1
212	396	1
212	706	1
212	798	1
212	1298	-2
212	1339	-2
212	1667	-2
213	237	1
213	657	1
213	861	1
213	893	1
213	1783	2
213	1792	2
213	2001	-2
214	230	1
214	291	1
214	558	1
214	571	1
214	766	1
214	970	1
214	1117	2
214	1372	2
214	1753	-2
215	421	1
215	561	1
215	691	1
215	944	1
215	1222	-2
215	1523	2
215	1567	2
216	336	1
216	584	1
216	693	1
216	814	1
216	818	1
216	1047	-2
216	1226	2
216	1853	-2
217	319	1
217	586	1
217	683	1
217	840	1
217	944	1
217	1147	-2
217	1490	2
217	1495	-2
218	262	1
218	278	1
218	462	1
218	464	1
218	698	1
218	875	1
218	1189	-2
218	1867	2
218	1960	2
219	345	1
219	371	1
219	378	1
219	454	1
219	541	1
219	762	1
219	1079	-2
219	1531	-2
219	1702	-2
220	234	1
220	305	1
220	398	1
220	539	1
220	559	1
220	1094	-2
220	1580	-2
220	1725	-2
221	309	1
221	457	1
221	781	1
221	859	1
221	911	1
221	1101	2
221	1201	2
221	1546	2
222	228	1
222	241	1
222	248	1
222	968	1
222	1815	-2
222	1890	-2
222	1933	-2
223	370	1
223	440	1
223	515	1
223	548	1
223	749	1
223	1066	-2
223	1290	2
223	1959	-2
224	345	1
224	392	1
224	847	1
224	902	1
224	1330	2
224	1540	-2
224	1749	2
225	283	1
225	292	1
225	428	1
225	690	1
225	1331	-2
225	1374	-2
225	1449	-2
226	440	1
226	479	1
226	872	1
226	1157	-2
226	1225	2
226	1411	-2
227	310	1
227	344	1
227	425	1
227	477	1
227	739	1
227	825	1
227	1061	2
227	1118	-2
227	1614	-2
228	642	1
228	780	1
228	1620	2
228	1815	-2
228	2027	2
229	235	1
229	665	1
229	962	1
229	1140	-2
229	1156	2
229	1698	2
230	291	1
230	362	1
230	704	1
230	784	1
230	959	1
230	1119	-2
230	1753	-2
230	1774	2
231	413	1
231	474	1
231	656	1
231	675	1
231	686	1
231	699	1
231	1126	2
231	1309	2
231	1850	2
232	533	1
232	630	1
232	763	1
232	785	1
232	795	1
232	1818	2
232	1966	-2
232	1991	2
233	525	1
233	573	1
233	1305	2
233	1493	2
233	1581	-2
234	305	1
234	471	1
234	607	1
234	813	1
234	906	1
234	1064	2
234	1094	-2
234	1278	2
235	589	1
235	1001	1
235	1156	2
235	1760	-2
235	1924	2
236	243	1
236	477	1
236	535	1
236	554	1
236	1253	2
236	1829	-2
236	1861	-2
237	463	1
237	629	1
237	659	1
237	1291	2
237	1672	2
237	1783	2
238	566	1
238	964	1
238	1511	2
238	1512	-2
238	1949	-2
239	387	1
239	508	1
239	648	1
239	783	1
239	790	1
239	923	1
239	1184	-2
239	1196	-2
239	1701	-2
240	340	1
240	527	1
240	603	1
240	652	1
240	750	1
240	991	1
240	1057	2
240	1198	2
240	1274	2
241	564	1
241	677	1
241	788	1
241	1007	1
241	1224	2
241	1756	2
241	1933	-2
242	475	1
242	523	1
242	709	1
242	747	1
242	792	1
242	1447	2
242	1518	2
242	1858	2
243	463	1
243	506	1
243	743	1
243	860	1
243	1346	-2
243	1527	2
243	1861	-2
244	463	1
244	619	1
244	1008	1
244	1281	2
244	1444	-2
244	1923	-2
245	616	1
245	653	1
245	657	1
245	863	1
245	882	1
245	1041	-2
245	1053	2
245	1166	2
246	540	1
246	564	1
246	724	1
246	769	1
246	948	1
246	1231	2
246	1630	-2
246	1651	-2
247	502	1
247	622	1
247	649	1
247	771	1
247	787	1
247	1115	-2
247	1284	-2
247	1680	2
248	650	1
248	679	1
248	848	1
248	918	1
248	968	1
248	1515	2
248	1621	-2
248	1890	-2
249	435	1
249	573	1
249	629	1
249	640	1
249	711	1
249	898	1
249	1127	2
249	1380	-2
249	1930	-2
250	546	1
250	637	1
250	759	1
250	807	1
250	819	1
250	952	1
250	1099	2
250	1485	-2
250	1894	2
251	347	1
251	599	1
251	644	1
251	646	1
251	742	1
251	997	1
251	1397	-2
251	1713	-2
251	1877	2
252	366	1
252	860	1
252	865	1
252	1006	1
252	1109	2
252	1626	-2
252	1665	-2
253	274	1
253	434	1
253	815	1
253	1355	2
253	1419	-2
253	1732	-2
254	667	1
254	935	1
254	1120	-2
254	1245	2
254	2039	2
255	293	1
255	331	1
255	737	1
255	790	1
255	996	1
255	1009	1
255	1442	-2
255	1571	-2
255	1653	2
256	270	1
256	471	1
256	517	1
256	854	1
256	912	1
256	958	1
256	1083	-2
256	1085	-2
256	1887	2
257	462	1
257	470	1
257	885	1
257	972	1
257	1335	-2
257	1514	2
257	1824	-2
258	546	1
258	629	1
258	653	1
258	910	1
258	964	1
258	1744	-2
258	1812	-2
258	1942	-2
259	350	1
259	396	1
259	435	1
259	530	1
259	551	1
259	661	1
259	1116	2
259	1148	2
259	1719	-2
260	296	1
260	425	1
260	806	1
260	993	1
260	1123	2
260	1393	-2
260	1899	-2
261	387	1
261	414	1
261	694	1
261	846	1
261	968	1
261	971	1
261	1087	-2
261	1197	2
261	1477	2
262	464	1
262	671	1
262	919	1
262	1623	2
262	1869	2
262	1960	2
263	340	1
263	675	1
263	864	1
263	870	1
263	960	1
263	1937	-2
263	1957	2
263	1961	2
264	342	1
264	379	1
264	554	1
264	904	1
264	1325	-2
264	1343	-2
264	1558	2
265	423	1
265	493	1
265	500	1
265	550	1
265	690	1
265	1002	1
265	1091	-2
265	1645	2
265	2041	-2
266	743	1
266	767	1
266	874	1
266	1314	-2
266	1376	-2
266	1516	2
267	430	1
267	437	1
267	717	1
267	899	1
267	1121	-2
267	1203	2
267	1369	2
268	285	1
268	409	1
268	549	1
268	710	1
268	804	1
268	877	1
268	1399	-2
268	1404	2
268	1879	2
269	287	1
269	383	1
269	884	1
269	909	1
269	1209	2
269	1888	-2
269	1980	-2
270	348	1
270	392	1
270	802	1
270	854	1
270	1083	-2
270	1916	2
270	2014	-2
271	292	1
271	300	1
271	800	1
271	942	1
271	1132	-2
271	1525	2
271	1709	-2
272	294	1
272	315	1
272	494	1
272	721	1
272	936	1
272	1678	-2
272	1733	2
272	1926	2
273	293	1
273	712	1
273	852	1
273	1366	-2
273	1881	-2
273	1998	-2
274	336	1
274	475	1
274	533	1
274	593	1
274	1355	2
274	1472	-2
274	1989	2
275	825	1
275	841	1
275	1010	1
275	1257	-2
275	1311	-2
275	1745	2
276	387	1
276	505	1
276	702	1
276	939	1
276	1128	-2
276	1165	-2
276	1451	-2
277	459	1
277	560	1
277	612	1
277	642	1
277	690	1
277	919	1
277	1137	-2
277	1717	2
277	1736	2
278	303	1
278	310	1
278	342	1
278	497	1
278	698	1
278	1269	2
278	1279	2
278	1867	2
279	308	1
279	357	1
279	673	1
279	738	1
279	1403	2
279	1768	2
279	1975	2
280	481	1
280	625	1
280	961	1
280	972	1
280	1332	-2
280	1728	2
280	1844	2
281	282	1
281	493	1
281	685	1
281	704	1
281	1017	1
281	1390	2
281	1468	-2
281	1901	-2
282	389	1
282	493	1
282	861	1
282	1030	-2
282	1062	-2
282	1901	-2
283	396	1
283	428	1
283	557	1
283	757	1
283	1298	-2
283	1449	-2
283	1978	2
284	336	1
284	374	1
284	429	1
284	458	1
284	1431	-2
284	1778	-2
284	1893	2
285	409	1
285	615	1
285	724	1
285	734	1
285	884	1
285	1647	-2
285	1788	2
285	1879	2
286	643	1
286	682	1
286	735	1
286	934	1
286	951	1
286	1804	-2
286	1807	-2
286	2009	2
287	602	1
287	797	1
287	909	1
287	982	1
287	1149	-2
287	1209	2
287	1563	2
288	333	1
288	528	1
288	565	1
288	1457	-2
288	1615	2
288	1931	-2
289	296	1
289	349	1
289	478	1
289	510	1
289	546	1
289	850	1
289	1263	-2
289	1769	2
289	1782	2
290	358	1
290	568	1
290	582	1
290	647	1
290	772	1
290	936	1
290	1215	2
290	1389	-2
290	1775	-2
291	469	1
291	630	1
291	914	1
291	962	1
291	1190	-2
291	1595	2
291	1753	-2
292	665	1
292	1132	-2
292	1331	-2
292	1946	-2
293	579	1
293	890	1
293	996	1
293	1059	2
293	1366	-2
293	1653	2
294	720	1
294	721	1
294	840	1
294	1139	-2
294	1678	-2
294	1915	-2
295	585	1
295	662	1
295	793	1
295	1167	2
295	1288	-2
295	1316	-2
296	390	1
296	510	1
296	1123	2
296	1780	-2
296	1782	2
297	515	1
297	536	1
297	899	1
297	912	1
297	1532	2
297	1628	-2
297	1727	2
298	314	1
298	402	1
298	889	1
298	910	1
298	1478	2
298	1758	-2
298	1826	-2
299	335	1
299	355	1
299	404	1
299	501	1
299	1009	1
299	1596	2
299	1662	-2
299	2024	-2
300	444	1
300	458	1
300	800	1
300	967	1
300	1048	-2
300	1525	2
300	1892	-2
301	450	1
301	475	1
301	492	1
301	695	1
301	796	1
301	1129	2
301	1155	-2
301	1579	2
302	411	1
302	550	1
302	723	1
302	755	1
302	1018	1
302	1415	-2
302	1880	-2
302	2015	2
303	310	1
303	328	1
303	727	1
303	1153	-2
303	1188	-2
303	1279	2
304	441	1
304	857	1
304	903	1
304	994	1
304	1496	2
304	1505	2
304	1683	2
305	476	1
305	501	1
305	879	1
305	1094	-2
305	1435	2
305	1676	2
306	547	1
306	731	1
306	761	1
306	868	1
306	960	1
306	1481	2
306	1650	-2
306	1831	-2
307	408	1
307	447	1
307	474	1
307	509	1
307	1022	1
307	1040	2
307	1352	2
307	1972	-2
308	357	1
308	556	1
308	648	1
308	1001	1
308	1418	-2
308	1572	2
308	1768	2
309	416	1
309	651	1
309	729	1
309	817	1
309	1111	-2
309	1293	2
309	1546	2
310	425	1
310	658	1
310	713	1
310	1279	2
310	1614	-2
310	1752	-2
311	740	1
311	751	1
311	796	1
311	803	1
311	1470	-2
311	1766	2
311	1941	2
312	382	1
312	570	1
312	645	1
312	727	1
312	878	1
312	1105	-2
312	1396	2
312	1979	2
313	408	1
313	491	1
313	566	1
313	734	1
313	786	1
313	869	1
313	1601	2
313	1612	2
313	1982	2
314	518	1
314	867	1
314	910	1
314	1265	-2
314	1478	2
314	1706	2
315	419	1
315	660	1
315	859	1
315	907	1
315	936	1
315	1164	2
315	1183	-2
315	1733	2
316	369	1
316	616	1
316	625	1
316	701	1
316	941	1
316	1095	-2
316	1267	-2
316	1903	-2
317	489	1
317	731	1
317	748	1
317	826	1
317	974	1
317	1711	-2
317	1875	-2
317	2036	2
318	368	1
318	402	1
318	524	1
318	965	1
318	1172	2
318	1586	-2
318	1790	2
319	414	1
319	586	1
319	624	1
319	895	1
319	1147	-2
319	1710	-2
319	1835	2
320	365	1
320	604	1
320	637	1
320	694	1
320	981	1
320	1037	-2
320	1583	-2
320	1797	2
321	343	1
321	459	1
321	466	1
321	503	1
321	1067	-2
321	1218	2
321	1741	2
322	427	1
322	828	1
322	879	1
322	915	1
322	1324	-2
322	1813	-2
322	1846	2
323	335	1
323	464	1
323	1240	2
323	1392	2
323	1617	2
324	350	1
324	592	1
324	702	1
324	717	1
324	862	1
324	989	1
324	1152	2
324	1648	2
324	1922	-2
325	400	1
325	845	1
325	894	1
325	977	1
325	995	1
325	1005	1
325	1168	2
325	1353	-2
325	1486	2
326	363	1
326	992	1
326	1063	2
326	1326	-2
326	1465	-2
327	405	1
327	426	1
327	526	1
327	696	1
327	895	1
327	984	1
327	1178	-2
327	1299	2
327	1987	2
328	380	1
328	435	1
328	739	1
328	938	1
328	1188	-2
328	1863	2
328	1955	-2
329	419	1
329	422	1
329	457	1
329	695	1
329	1011	1
329	1463	-2
329	1492	-2
329	1690	2
330	391	1
330	647	1
330	809	1
330	841	1
330	949	1
330	1401	2
330	1801	2
330	2018	-2
331	369	1
331	668	1
331	732	1
331	1009	1
331	1442	-2
331	1549	-2
331	1597	-2
332	728	1
332	781	1
332	1229	2
332	1321	2
332	1456	-2
333	436	1
333	489	1
333	604	1
333	638	1
333	1238	2
333	1244	2
333	1931	-2
334	339	1
334	751	1
334	776	1
334	843	1
334	883	1
334	1695	2
334	1777	-2
334	1838	2
335	501	1
335	842	1
335	1043	2
335	1240	2
335	2024	-2
336	429	1
336	593	1
336	1047	-2
336	1472	-2
336	1778	-2
337	651	1
337	676	1
337	807	1
337	864	1
337	1089	2
337	1264	2
337	1872	-2
338	456	1
338	677	1
338	745	1
338	852	1
338	1421	-2
338	1441	-2
338	1462	-2
339	444	1
339	599	1
339	814	1
339	843	1
339	997	1
339	1519	2
339	1695	2
339	2047	2
340	418	1
340	652	1
340	1274	2
340	1429	-2
340	1937	-2
341	489	1
341	495	1
341	736	1
341	994	1
341	1002	1
341	1443	2
341	1593	2
341	1692	2
342	497	1
342	512	1
342	1269	2
342	1558	2
342	1827	-2
343	566	1
343	687	1
343	769	1
343	973	1
343	1097	-2
343	1218	2
343	1433	2
344	372	1
344	470	1
344	739	1
344	831	1
344	997	1
344	1118	-2
344	1200	-2
344	1207	-2
345	357	1
345	541	1
345	954	1
345	1161	-2
345	1540	-2
345	1702	-2
346	411	1
346	488	1
346	888	1
346	899	1
346	1272	2
346	1897	-2
346	2030	2
347	644	1
347	779	1
347	920	1
347	1533	-2
347	1877	2
347	1995	2
348	552	1
348	579	1
348	802	1
348	905	1
348	934	1
348	1911	2
348	1916	2
348	2011	-2
349	478	1
349	698	1
349	853	1
349	921	1
349	946	1
349	1263	-2
349	1839	2
349	2003	-2
350	396	1
350	691	1
350	717	1
350	935	1
350	1076	2
350	1116	2
350	1152	2
351	520	1
351	530	1
351	540	1
351	558	1
351	1025	2
351	1354	2
351	1359	2
352	376	1
352	481	1
352	576	2
352	771	1
352	1010	1
352	1081	-2
352	1098	-2
352	1962	-2
353	487	1
353	980	1
353	1004	1
353	1012	1
353	1500	2
353	1874	2
353	2016	2
354	545	1
354	587	1
354	687	1
354	744	1
354	917	1
354	1437	-2
354	1644	-2
354	1904	-2
355	663	1
355	685	1
355	1008	1
355	1306	-2
355	1596	2
355	1684	-2
356	901	1
356	946	1
356	978	1
356	1473	-2
356	1882	2
356	1950	2
357	638	1
357	954	1
357	1024	1
357	1161	-2
357	1768	2
357	1828	-2
358	399	1
358	428	1
358	568	1
358	928	1
358	1215	2
358	1600	2
358	1613	2
359	775	1
359	849	1
359	941	1
359	1667	-2
359	1712	2
359	1798	2
360	520	1
360	592	1
360	676	1
360	805	1
360	926	1
360	1356	2
360	1466	-2
360	1637	2
361	428	1
361	465	1
361	673	1
361	714	1
361	924	1
361	1018	1
361	1038	-2
361	1779	2
361	1947	-2
362	404	1
362	667	1
362	784	1
362	838	1
362	1249	2
362	1774	2
362	1791	2
363	415	1
363	855	1
363	1063	2
363	1382	2
363	1638	2
364	562	1
364	567	1
364	853	1
364	942	1
364	1336	-2
364	1377	-2
364	1559	-2
365	604	1
365	709	1
365	717	1
365	766	1
365	979	1
365	1206	2
365	1583	-2
365	1800	2
366	608	1
366	758	1
366	1476	-2
366	1529	2
366	1626	-2
367	459	1
367	467	1
367	560	1
367	787	1
367	932	1
367	1103	2
367	1256	2
367	1275	-2
368	507	1
368	743	1
368	925	1
368	1790	2
368	1808	2
368	2017	-2
369	443	1
369	556	1
369	616	1
369	732	1
369	1267	-2
369	1549	-2
369	1953	2
370	400	1
370	661	1
370	754	1
370	823	1
370	1290	2
370	1605	-2
370	2048	2
371	454	1
371	545	1
371	588	1
371	726	1
371	888	1
371	1079	-2
371	1271	2
371	1610	2
372	716	1
372	831	1
372	871	1
372	1200	-2
372	1524	-2
372	1990	-2
373	388	1
373	447	1
373	490	1
373	550	1
373	723	1
373	923	1
373	1342	2
373	1427	2
373	1963	2
374	451	1
374	819	1
374	904	1
374	1431	-2
374	1646	2
374	2029	-2
375	469	1
375	603	1
375	794	1
375	855	1
375	931	1
375	939	1
375	1262	-2
375	1345	-2
375	1806	-2
376	447	1
376	467	1
376	576	1
376	1002	1
376	1081	-2
376	1843	-2
376	1928	2
377	403	1
377	593	1
377	618	1
377	795	1
377	1446	2
377	1453	-2
377	1837	-2
378	547	1
378	674	1
378	762	1
378	896	1
378	1420	-2
378	1531	-2
378	1611	-2
379	404	1
379	426	1
379	554	1
379	900	1
379	1052	2
379	1325	-2
379	1986	2
380	707	1
380	739	1
380	827	1
380	857	1
380	922	1
380	1327	-2
380	1599	-2
380	1863	2
381	559	1
381	756	1
381	812	1
381	816	1
381	1239	2
381	1270	-2
381	1868	-2
382	442	1
382	548	1
382	811	1
382	878	1
382	1020	1
382	1105	-2
382	1405	2
382	2042	-2
383	714	1
383	803	1
383	839	1
383	1689	2
383	1980	-2
383	1994	2
384	594	1
384	821	1
384	824	1
384	856	1
384	987	1
384	998	1
384	1180	2
384	1590	-2
384	1735	-2
385	451	1
385	483	1
385	654	1
385	1364	2
385	1896	2
385	1913	-2
386	452	1
386	728	1
386	736	1
386	982	1
386	1023	1
386	1084	-2
386	1674	2
386	1700	2
387	508	1
387	971	1
387	1197	2
387	1451	-2
387	1701	-2
388	752	1
388	800	1
388	923	1
388	1342	2
388	1445	2
388	1921	2
389	807	1
389	889	1
389	1030	-2
389	1175	2
389	1847	-2
390	703	1
390	837	1
390	918	1
390	925	1
390	1032	-2
390	1780	-2
390	1908	-2
391	510	1
391	647	1
391	659	1
391	688	1
391	1004	1
391	1328	2
391	1401	2
391	1569	-2
392	849	1
392	1330	2
392	1461	2
392	2014	-2
393	722	1
393	870	1
393	917	1
393	987	1
393	1195	-2
393	1489	2
393	1945	-2
394	670	1
394	795	1
394	927	1
394	1000	1
394	1019	1
394	1358	-2
394	1574	-2
394	1576	2
395	449	1
395	476	1
395	669	1
395	720	1
395	730	1
395	955	1
395	1046	2
395	1112	2
395	1668	2
396	967	1
396	1116	2
396	1298	-2
396	1796	2
397	692	1
397	937	1
397	955	1
397	1289	-2
397	1413	2
397	2043	-2
398	559	1
398	733	1
398	908	1
398	1725	-2
398	1737	-2
398	1864	-2
399	496	1
399	575	1
399	802	1
399	821	1
399	928	1
399	1341	2
399	1613	2
399	2021	-2
400	661	1
400	727	1
400	733	1
400	977	1
400	1486	2
400	1889	2
400	2048	2
401	529	1
401	551	1
401	725	1
401	747	1
401	921	1
401	1223	-2
401	1454	-2
401	1488	-2
402	450	1
402	975	1
402	1172	2
402	1642	-2
402	1826	-2
403	485	1
403	554	1
403	618	1
403	886	1
403	1453	-2
403	1857	-2
403	1898	2
404	838	1
404	900	1
404	1009	1
404	1662	-2
404	1791	2
404	1986	2
405	482	1
405	532	1
405	715	1
405	984	1
405	1299	2
405	1460	-2
405	1992	2
406	477	1
406	552	1
406	679	1
406	1412	-2
406	1545	2
406	1671	-2
407	618	1
407	662	1
407	688	1
407	960	1
407	1010	1
407	1409	2
407	1675	-2
407	2010	2
408	474	1
408	734	1
408	894	1
408	983	1
408	1352	2
408	1601	2
408	1789	-2
409	552	1
409	565	1
409	705	1
409	881	1
409	1304	-2
409	1474	2
409	1879	2
410	455	1
410	538	1
410	611	1
410	822	1
410	1297	-2
410	1520	2
410	1910	2
411	430	1
411	963	1
411	1018	1
411	1363	-2
411	1415	-2
411	1897	-2
412	632	1
412	851	1
412	872	1
412	941	1
412	1073	2
412	1078	2
412	1452	-2
413	636	1
413	686	1
413	713	1
413	734	1
413	993	1
413	1126	2
413	1416	2
413	1509	-2
414	605	1
414	725	1
414	895	1
414	968	1
414	1360	2
414	1477	2
414	1835	2
415	466	1
415	848	1
415	1170	2
415	1382	2
415	1721	-2
416	817	1
416	892	1
416	953	1
416	998	1
416	1000	1
416	1111	-2
416	1235	2
416	1400	-2
417	544	1
417	624	1
417	770	1
417	898	1
417	967	1
417	1243	-2
417	1385	-2
417	1632	2
418	765	1
418	986	1
418	1370	2
418	1429	-2
418	1799	-2
419	664	1
419	859	1
419	1183	-2
419	1348	-2
419	1463	-2
420	450	1
420	591	1
420	598	1
420	740	1
420	1503	2
420	1552	-2
420	1912	2
421	571	1
421	691	1
421	750	1
421	828	1
421	1108	-2
421	1177	-2
421	1523	2
422	517	1
422	816	1
422	887	1
422	944	1
422	1011	1
422	1049	2
422	1268	-2
422	1492	-2
423	500	1
423	583	1
423	988	1
423	1283	2
423	1645	2
423	1771	-2
424	445	1
424	469	1
424	492	1
424	519	1
424	738	1
424	754	1
424	1050	-2
424	1616	-2
424	1833	2
425	805	1
425	1013	1
425	1614	-2
425	1899	-2
425	1970	2
426	580	1
426	895	1
426	937	1
426	1052	2
426	1603	-2
426	1987	2
427	439	1
427	828	1
427	831	1
427	977	1
427	1455	2
427	1742	-2
427	1813	-2
428	1018	1
428	1449	-2
428	1600	2
428	1779	2
429	488	1
429	584	1
429	643	1
429	764	1
429	1550	2
429	1778	-2
429	1917	2
430	635	1
430	881	1
430	963	1
430	1113	-2
430	1363	-2
430	1369	2
431	518	1
431	553	1
431	716	1
431	843	1
431	915	1
431	946	1
431	1391	-2
431	1482	-2
431	1724	2
432	508	1
432	721	1
432	763	1
432	792	1
432	829	1
432	1349	-2
432	1542	-2
432	2002	-2
433	781	1
433	784	1
433	786	1
433	921	1
433	1379	-2
433	1682	2
433	1856	2
434	639	1
434	703	1
434	815	1
434	906	1
434	1035	2
434	1732	-2
434	1834	2
435	661	1
435	711	1
435	938	1
435	1380	-2
435	1719	-2
435	1955	-2
436	604	1
436	645	1
436	673	1
436	939	1
436	959	1
436	1238	2
436	1464	2
436	1720	-2
437	606	1
437	717	1
437	741	1
437	891	1
437	1121	-2
437	1191	2
437	1536	2
438	473	1
438	676	1
438	706	1
438	914	1
438	935	1
438	1217	-2
438	1793	2
438	1967	2
439	723	1
439	740	1
439	759	1
439	831	1
439	1044	-2
439	1455	2
439	1480	-2
440	548	1
440	953	1
440	1066	-2
440	1134	2
440	1225	2
441	553	1
441	854	1
441	957	1
441	994	1
441	1210	-2
441	1300	-2
441	1496	2
442	499	1
442	728	1
442	898	1
442	1020	1
442	1350	-2
442	2040	2
442	2042	-2
443	556	1
443	834	1
443	1186	-2
443	1895	-2
443	1953	2
444	458	1
444	495	1
444	729	1
444	997	1
444	1048	-2
444	1077	2
444	2047	2
445	499	1
445	514	1
445	754	1
445	1817	2
445	1833	2
445	1914	-2
446	553	1
446	655	1
446	835	1
446	897	1
446	954	1
446	976	1
446	1124	-2
446	1319	2
446	1502	2
447	723	1
447	1022	1
447	1427	2
447	1843	-2
447	1972	-2
448	471	1
448	574	1
448	713	1
448	950	1
448	1216	-2
448	1609	-2
448	1876	2
449	581	1
449	590	1
449	730	1
449	833	1
449	1112	2
449	1162	2
449	1761	-2
450	695	1
450	975	1
450	1129	2
450	1503	2
450	1642	-2
451	542	1
451	1248	-2
451	1364	2
451	1646	2
452	458	1
452	905	1
452	930	1
452	1023	1
452	1071	2
452	1084	-2
452	1169	-2
453	602	1
453	848	1
453	894	1
453	950	1
453	1160	-2
453	1211	2
453	1664	-2
454	708	1
454	929	1
454	987	1
454	1079	-2
454	1517	2
454	1521	2
455	501	1
455	610	1
455	811	1
455	822	1
455	1146	2
455	1334	-2
455	1910	2
456	572	1
456	621	1
456	745	1
456	780	1
456	791	1
456	1441	-2
456	1640	-2
456	1939	2
457	507	1
457	695	1
457	781	1
457	1201	2
457	1690	2
457	1870	2
458	905	1
458	1048	-2
458	1071	2
458	1893	2
459	503	1
459	612	1
459	1067	-2
459	1137	-2
459	1275	-2
460	776	1
460	777	1
460	833	1
460	907	1
460	1373	-2
460	1450	2
460	2033	-2
461	464	1
461	512	1
461	710	1
461	929	1
461	940	1
461	1074	2
461	1228	-2
461	1956	2
462	517	1
462	663	1
462	875	1
462	1189	-2
462	1303	2
462	1335	-2
463	619	1
463	629	1
463	860	1
463	1281	2
463	1291	2
463	1346	-2
464	512	1
464	1228	-2
464	1617	2
464	1960	2
465	472	1
465	633	1
465	762	1
465	887	1
465	924	1
465	1541	-2
465	1947	-2
465	1997	2
466	1522	-2
466	1721	-2
466	1741	2
467	560	1
467	748	1
467	950	1
467	1002	1
467	1135	-2
467	1256	2
467	1928	2
468	502	1
468	555	1
468	797	1
468	869	1
468	904	1
468	1159	2
468	1794	2
468	1964	-2
469	492	1
469	603	1
469	914	1
469	1190	-2
469	1262	-2
469	1616	-2
470	621	1
470	972	1
470	997	1
470	1207	-2
470	1514	2
470	1845	2
471	607	1
471	950	1
471	958	1
471	1278	2
471	1609	-2
471	1887	2
472	633	1
472	724	1
472	798	1
472	835	1
472	1075	-2
472	1541	-2
472	1935	-2
473	594	1
473	692	1
473	835	1
473	914	1
473	1138	-2
473	1217	-2
473	1491	-2
474	675	1
474	900	1
474	1309	2
474	1352	2
474	1652	-2
475	533	1
475	747	1
475	1579	2
475	1858	2
475	1989	2
476	518	1
476	567	1
476	955	1
476	1046	2
476	1528	-2
476	1676	2
477	554	1
477	679	1
477	825	1
477	1061	2
477	1671	-2
477	1829	-2
478	701	1
478	1263	-2
478	1750	-2
478	1969	-2
479	493	1
479	562	1
479	812	1
479	1157	-2
479	1681	-2
479	1909	-2
480	569	1
480	605	1
480	822	1
480	868	1
480	990	1
480	999	1
480	1150	-2
480	1193	2
480	1971	2
481	625	1
481	900	1
481	928	1
481	1010	1
481	1844	2
481	1860	-2
481	1962	-2
482	684	1
482	715	1
482	1301	2
482	1460	-2
482	1691	2
483	583	1
483	654	1
483	699	1
483	875	1
483	1051	2
483	1832	-2
483	1913	-2
484	584	1
484	718	1
484	820	1
484	970	1
484	1016	1
484	1110	2
484	1276	-2
484	1631	-2
485	487	1
485	617	1
485	886	1
485	931	1
485	1131	2
485	1854	2
485	1857	-2
486	491	1
486	609	1
486	872	1
486	893	1
486	1219	-2
486	1232	2
486	2026	2
487	794	1
487	969	1
487	1759	-2
487	1854	2
487	1874	2
488	584	1
488	632	1
488	796	1
488	899	1
488	1381	-2
488	1917	2
488	2030	2
489	638	1
489	826	1
489	1002	1
489	1244	2
489	1443	2
489	1711	-2
490	550	1
490	551	1
490	578	1
490	628	1
490	880	1
490	1208	2
490	1755	2
490	1963	2
491	522	1
491	609	1
491	869	1
491	992	1
491	1654	-2
491	1982	2
491	2026	2
492	522	1
492	657	1
492	796	1
492	1155	-2
492	1575	2
492	1616	-2
493	562	1
493	1002	1
493	1091	-2
493	1681	-2
493	1901	-2
494	703	1
494	790	1
494	925	1
494	1292	-2
494	1811	-2
494	1926	2
495	729	1
495	736	1
495	981	1
495	1019	1
495	1077	2
495	1692	2
495	1830	2
496	575	1
496	882	1
496	887	1
496	892	1
496	995	1
496	1122	2
496	1714	2
496	2021	-2
497	531	1
497	593	1
497	971	1
497	1269	2
497	1602	-2
497	1636	-2
498	515	1
498	679	1
498	749	1
498	947	1
498	956	1
498	965	1
498	1086	2
498	1214	-2
498	1499	2
499	537	1
499	932	1
499	1504	2
499	1817	2
499	2040	2
500	668	1
500	1011	1
500	1428	2
500	1645	2
500	1743	-2
501	811	1
501	879	1
501	1334	-2
501	1435	2
501	2024	-2
502	787	1
502	829	1
502	903	1
502	1115	-2
502	1159	2
502	1564	-2
503	733	1
503	752	1
503	901	1
503	1067	-2
503	1643	2
503	1885	-2
504	633	1
504	683	1
504	684	1
504	991	1
504	1145	2
504	1658	2
504	1704	2
505	521	1
505	664	1
505	927	1
505	939	1
505	1165	-2
505	1227	-2
505	1996	-2
506	743	1
506	746	1
506	870	1
506	1003	1
506	1527	2
506	1565	-2
506	1762	-2
507	529	1
507	925	1
507	1236	-2
507	1808	2
507	1870	2
508	543	1
508	792	1
508	1315	-2
508	1701	-2
508	2002	-2
509	583	1
509	974	1
509	1033	2
509	1040	2
509	1436	2
510	695	1
510	1004	1
510	1039	2
510	1569	-2
510	1782	2
511	638	1
511	818	1
511	839	1
511	1294	2
511	1553	2
511	1940	2
512	850	1
512	1228	-2
512	1740	-2
512	1827	-2
513	744	1
513	841	1
513	930	1
513	959	1
513	1034	2
513	1562	-2
513	1655	-2
514	614	1
514	820	1
514	990	1
514	1151	-2
514	1770	2
514	1914	-2
515	536	1
515	749	2
515	1499	2
515	1727	2
515	1959	-2
516	541	1
516	699	1
516	770	1
516	1069	2
516	1708	2
516	2023	2
517	663	1
517	912	1
517	944	1
517	1085	-2
517	1268	-2
517	1303	2
518	553	1
518	567	1
518	1265	-2
518	1391	-2
518	1528	-2
519	595	1
519	610	1
519	675	1
519	738	1
519	809	1
519	1050	-2
519	1333	2
519	1816	-2
520	558	1
520	736	1
520	1013	1
520	1354	2
520	1606	2
520	1637	2
521	607	1
521	664	1
521	845	1
521	919	1
521	1104	-2
521	1114	2
521	1996	-2
522	657	1
522	905	1
522	992	1
522	1575	2
522	1654	-2
522	1859	-2
523	560	1
523	792	1
523	1518	2
523	1670	-2
523	2045	-2
524	649	1
524	965	1
524	1017	1
524	1394	2
524	1586	-2
524	1842	2
525	564	1
525	702	1
525	1199	2
525	1581	-2
525	2004	-2
526	542	1
526	696	1
526	868	1
526	1178	-2
526	1635	2
526	1948	2
527	588	1
527	603	1
527	663	1
527	1198	2
527	1337	2
527	1561	2
528	533	1
528	541	1
528	693	1
528	1023	1
528	1615	2
528	1686	-2
528	1965	2
529	628	1
529	747	1
529	908	1
529	1236	-2
529	1488	-2
529	1634	2
530	551	1
530	591	1
530	1025	2
530	1100	2
530	1148	2
531	643	1
531	799	1
531	961	1
531	971	1
531	1247	-2
531	1544	2
531	1636	-2
532	580	1
532	804	1
532	933	1
532	980	1
532	1426	2
532	1992	2
532	2007	2
533	541	1
533	785	1
533	1818	2
533	1965	2
533	1989	2
534	718	1
534	975	1
534	1042	-2
534	1693	2
534	1822	2
535	697	1
535	712	1
535	1012	1
535	1014	1
535	1253	2
535	1323	-2
535	1483	2
536	711	1
536	940	1
536	966	1
536	1096	-2
536	1656	-2
536	1727	2
537	692	1
537	758	1
537	932	1
537	1007	1
537	1144	2
537	1504	2
537	1577	2
538	636	1
538	644	1
538	763	1
538	851	1
538	1056	-2
538	1520	2
538	1938	-2
539	588	1
539	626	1
539	707	1
539	1580	-2
539	1866	2
539	1906	2
540	724	1
540	952	1
540	1359	2
540	1630	-2
540	1722	2
541	1702	-2
541	1965	2
541	2023	2
542	775	1
542	868	1
542	1230	2
542	1248	-2
542	1948	2
543	821	1
543	1315	-2
543	1414	-2
543	2038	2
544	624	1
544	861	1
544	876	1
544	1171	-2
544	1243	-2
544	1625	-2
545	555	1
545	588	1
545	620	1
545	1271	2
545	1644	-2
545	1902	-2
546	850	1
546	910	1
546	952	1
546	1099	2
546	1769	2
546	1812	-2
547	866	1
547	880	1
547	960	1
547	1031	2
547	1420	-2
547	1650	-2
548	811	1
548	1066	-2
548	1405	2
548	1424	-2
549	732	1
549	800	1
549	804	1
549	977	1
549	1011	1
549	1093	-2
549	1404	2
549	1508	2
550	690	1
550	1963	2
550	2015	2
550	2041	-2
551	628	1
551	1148	2
551	1454	-2
551	1755	2
552	565	1
552	579	1
552	1474	2
552	1545	2
552	2011	-2
553	897	1
553	1210	-2
553	1391	-2
553	1502	2
554	1325	-2
554	1829	-2
554	1898	2
555	620	1
555	869	1
555	992	1
555	1398	-2
555	1794	2
555	1902	-2
556	648	1
556	891	1
556	1009	1
556	1130	2
556	1572	2
556	1953	2
557	585	1
557	644	1
557	757	1
557	799	1
557	947	1
557	1254	-2
557	1584	-2
557	1978	2
558	571	1
558	948	1
558	1354	2
558	1372	2
558	1406	-2
559	595	1
559	786	1
559	1239	2
559	1347	2
559	1725	-2
560	642	1
560	1256	2
560	1736	2
560	2045	-2
561	660	1
561	682	1
561	1102	-2
561	1222	-2
561	1387	2
562	567	1
562	573	1
562	920	1
562	1336	-2
562	1666	-2
562	1681	-2
563	586	1
563	641	1
563	693	1
563	846	1
563	1547	-2
563	1685	2
563	2046	-2
564	702	1
564	769	1
564	1007	1
564	1199	2
564	1224	2
564	1231	2
565	966	1
565	1457	-2
565	1474	2
565	2019	2
566	769	1
566	786	1
566	1097	-2
566	1511	2
566	1612	2
567	648	1
567	705	1
567	1336	-2
567	1458	-2
567	1528	-2
568	640	1
568	659	1
568	778	1
568	1215	2
568	1639	2
568	1696	2
569	604	1
569	645	1
569	961	1
569	999	1
569	1150	-2
569	1322	2
569	1943	-2
570	639	1
570	727	1
570	826	1
570	856	1
570	1058	-2
570	1396	2
570	1730	2
571	828	1
571	1177	-2
571	1221	-2
571	1372	2
572	697	1
572	780	1
572	1163	-2
572	1255	2
572	1939	2
573	640	1
573	920	1
573	1127	2
573	1305	2
573	1666	-2
574	1015	1
574	1174	2
574	1277	-2
574	1876	2
575	700	1
575	819	1
575	1027	2
575	1241	2
575	2021	-2
576	771	1
576	813	1
576	825	1
576	1081	-2
576	1098	-2
576	1764	2
577	680	1
577	820	1
577	823	1
577	876	1
577	880	1
577	1181	2
577	1212	2
577	1905	2
578	880	1
578	917	1
578	965	1
578	1208	2
578	1629	2
578	1883	-2
579	590	1
579	890	1
579	1059	2
579	1819	2
579	2011	-2
580	937	1
580	979	1
580	980	1
580	1426	2
580	1467	2
580	1603	-2
581	745	1
581	780	1
581	833	1
581	855	1
581	1088	2
581	1285	2
581	1761	-2
582	647	1
582	866	1
582	947	1
582	999	1
582	1368	2
582	1775	-2
582	1886	2
583	875	1
583	988	1
583	1033	2
583	1771	-2
583	1832	-2
584	818	1
584	970	1
584	1226	2
584	1276	-2
584	1917	2
585	644	1
585	662	1
585	933	1
585	1205	2
585	1288	-2
585	1584	-2
586	938	1
586	1147	-2
586	1547	-2
586	1729	2
587	658	1
587	917	1
587	1417	2
587	1677	-2
587	1904	-2
588	707	1
588	1271	2
588	1561	2
588	1866	2
589	971	1
589	994	1
589	1001	1
589	1019	1
589	1179	-2
589	1739	2
589	1760	-2
590	654	1
590	882	1
590	1162	2
590	1754	2
590	1819	2
591	740	1
591	845	1
591	1100	2
591	1552	-2
591	1993	-2
592	617	1
592	719	1
592	926	1
592	989	1
592	1356	2
592	1922	-2
592	1929	2
593	1446	2
593	1472	-2
593	1602	-2
594	737	1
594	937	1
594	998	1
594	1138	-2
594	1590	-2
594	1823	2
595	610	1
595	682	1
595	697	1
595	786	1
595	1333	2
595	1347	2
595	1530	-2
596	637	1
596	859	1
596	915	1
596	1029	-2
596	1430	2
596	1715	-2
597	606	1
597	628	1
597	738	1
597	789	1
597	989	1
597	1587	-2
597	1598	2
597	1787	-2
598	726	1
598	829	1
598	871	1
598	1703	-2
598	1912	2
598	2044	2
599	814	1
599	997	1
599	1397	-2
599	1471	-2
599	1519	2
600	874	1
600	909	1
600	1068	-2
600	2008	2
600	2020	-2
601	742	1
601	785	1
601	797	1
601	924	1
601	996	1
601	1551	-2
601	1607	2
601	1731	2
602	687	1
602	950	1
602	1538	-2
602	1563	2
602	1664	-2
603	892	1
603	1107	2
603	1198	2
603	1262	-2
604	645	1
604	1238	2
604	1322	2
604	1583	-2
605	725	1
605	748	1
605	779	1
605	822	1
605	1193	2
605	1220	-2
605	1360	2
606	635	1
606	940	1
606	989	1
606	1310	-2
606	1536	2
606	1787	-2
607	845	1
607	1114	2
607	1278	2
607	1282	2
608	789	1
608	856	1
608	1007	1
608	1133	-2
608	1476	-2
608	1981	2
609	665	1
609	942	1
609	1055	2
609	1622	2
609	2026	2
610	749	1
610	979	1
610	1146	2
610	1333	2
610	1591	2
611	614	1
611	721	1
611	1273	-2
611	1297	-2
611	1513	-2
612	620	1
612	788	1
612	828	1
612	962	1
612	1137	-2
612	1251	-2
612	1560	2
613	827	1
613	943	1
613	1158	-2
613	1440	2
613	1865	-2
614	662	1
614	721	1
614	1273	-2
614	1556	2
614	1770	2
615	724	1
615	730	1
615	760	1
615	792	1
615	1036	2
615	1647	-2
615	1852	2
616	653	1
616	705	1
616	1053	2
616	1267	-2
616	1624	2
617	700	1
617	719	1
617	735	1
617	931	1
617	1131	2
617	1929	2
617	1934	-2
618	662	1
618	778	1
618	1001	1
618	1432	-2
618	1453	-2
618	2010	2
619	633	1
619	832	1
619	1003	1
619	1266	-2
619	1281	2
619	1772	-2
620	788	1
620	1154	-2
620	1251	-2
620	1902	-2
621	791	1
621	805	1
621	991	1
621	1308	2
621	1640	-2
621	1845	2
622	766	1
622	787	1
622	966	1
622	1284	-2
622	1649	2
622	2031	2
623	858	1
623	916	1
623	1246	2
623	1900	2
623	1968	2
624	1243	-2
624	1710	-2
624	1723	2
625	908	1
625	941	1
625	1095	-2
625	1143	-2
625	1844	2
626	968	1
626	1020	1
626	1022	1
626	1803	2
626	1906	2
626	1999	-2
627	660	1
627	793	1
627	823	1
627	963	1
627	986	1
627	1090	2
627	1320	2
627	1848	-2
628	738	1
628	908	1
628	1598	2
628	1634	2
628	1755	2
629	653	1
629	898	1
629	1291	2
629	1744	-2
629	1930	-2
630	763	1
630	789	1
630	794	1
630	962	1
630	1595	2
630	1920	-2
630	1966	-2
631	744	1
631	769	1
631	911	1
631	1663	2
631	1985	2
631	2005	-2
632	796	1
632	876	1
632	990	1
632	1073	2
632	1381	-2
632	1388	-2
633	1003	1
633	1145	2
633	1266	-2
633	1541	-2
634	784	1
634	810	1
634	988	1
634	1185	-2
634	1357	2
634	1507	2
635	808	1
635	881	1
635	940	1
635	1113	-2
635	1310	-2
635	1871	-2
636	644	1
636	655	1
636	713	1
636	874	1
636	1072	2
636	1509	-2
636	1938	-2
637	694	1
637	759	1
637	1715	-2
637	1797	2
637	1894	2
638	839	1
638	1024	1
638	1244	2
638	1828	-2
638	1940	2
639	722	1
639	856	1
639	1035	2
639	1058	-2
639	1182	-2
640	729	1
640	901	1
640	1127	2
640	1302	-2
640	1696	2
641	685	1
641	693	1
641	896	1
641	1024	1
641	1537	2
641	1660	-2
641	1685	2
642	780	1
642	1620	2
642	1736	2
642	1927	-2
643	764	1
643	799	1
643	951	1
643	1247	-2
643	1550	2
643	1807	-2
644	1584	-2
644	1877	2
644	1938	-2
645	959	1
645	1322	2
645	1720	-2
645	1979	2
646	661	1
646	742	1
646	875	1
646	985	1
646	1582	2
646	1588	2
646	1713	-2
647	741	1
647	1006	1
647	1401	2
647	1716	2
647	1775	-2
648	705	1
648	790	1
648	1184	-2
648	1458	-2
648	1572	2
649	771	1
649	783	1
649	1661	-2
649	1680	2
649	1842	2
650	696	1
650	918	1
650	949	1
650	1045	2
650	1142	2
650	1621	-2
651	668	1
651	678	1
651	729	1
651	807	1
651	1264	2
651	1293	2
651	1422	2
652	715	1
652	755	1
652	871	1
652	1006	1
652	1274	2
652	1375	2
652	2035	2
653	1053	2
653	1734	-2
653	1744	-2
654	698	1
654	765	1
654	882	1
654	1258	-2
654	1754	2
654	1913	-2
655	835	1
655	874	1
655	1072	2
655	1319	2
655	2034	-2
656	699	1
656	809	1
656	996	1
656	1570	2
656	1687	2
656	1850	2
657	863	1
657	893	1
657	1166	2
657	1575	2
657	1792	2
658	713	1
658	842	1
658	933	1
658	1619	-2
658	1677	-2
658	1752	-2
659	688	1
659	778	1
659	1328	2
659	1639	2
659	1672	2
660	682	1
660	823	1
660	907	1
660	1164	2
660	1320	2
660	1387	2
661	1588	2
661	1719	-2
661	2048	2
662	1288	-2
662	1556	2
662	2010	2
663	1008	1
663	1303	2
663	1306	-2
663	1337	2
664	1348	-2
664	1820	-2
664	1996	-2
665	942	1
665	1622	2
665	1698	2
665	1946	-2
666	718	1
666	719	1
666	836	1
666	916	1
666	1307	2
666	1757	2
666	1849	2
667	678	1
667	1120	-2
667	1249	2
667	1763	2
668	678	1
668	1422	2
668	1428	2
668	1597	-2
669	720	1
669	903	1
669	1000	1
669	1021	1
669	1439	2
669	1668	2
669	1983	-2
670	791	1
670	801	1
670	1019	1
670	1082	-2
670	1358	-2
670	1884	-2
671	672	1
671	686	1
671	689	1
671	919	1
671	922	1
671	1028	-2
671	1543	-2
671	1869	2
672	686	1
672	710	1
672	907	1
672	985	1
672	1365	2
672	1543	-2
672	1925	-2
673	714	1
673	939	1
673	1038	-2
673	1403	2
673	1464	2
674	896	1
674	902	1
674	926	1
674	1018	1
674	1402	-2
674	1611	-2
674	1878	-2
675	809	1
675	864	1
675	1309	2
675	1816	-2
675	1957	2
676	706	1
676	805	1
676	864	1
676	1466	-2
676	1872	-2
676	1967	2
677	788	2
677	993	1
677	1421	-2
677	1539	-2
677	1756	2
678	817	1
678	1054	2
678	1422	2
678	1763	2
679	848	1
679	947	1
679	1086	2
679	1515	2
679	1671	-2
680	741	1
680	753	1
680	1212	2
680	1233	2
680	1951	2
681	1008	1
681	1371	2
681	1484	2
681	1907	2
682	697	1
682	1387	2
682	1530	-2
682	2009	2
683	772	1
683	840	1
683	991	1
683	999	1
683	1495	-2
683	1554	2
683	1658	2
684	857	1
684	1338	2
684	1691	2
684	1704	2
685	1024	1
685	1390	2
685	1660	-2
685	1684	-2
686	1126	2
686	1141	-2
686	1543	-2
687	744	1
687	973	1
687	1433	2
687	1437	-2
687	1538	-2
688	801	1
688	896	1
688	960	1
688	1328	2
688	1409	2
688	1557	-2
689	776	1
689	782	1
689	922	1
689	948	1
689	1005	1
689	1028	-2
689	1194	2
689	1627	2
690	919	1
690	1374	-2
690	1717	2
690	2041	-2
691	756	1
691	935	1
691	1076	2
691	1351	2
691	1523	2
692	758	1
692	835	1
692	1144	2
692	1413	2
692	1491	-2
693	814	1
693	1023	1
693	1685	2
693	1686	-2
693	1853	-2
694	779	1
694	846	1
694	1087	-2
694	1318	-2
694	1797	2
695	1039	2
695	1129	2
695	1690	2
696	862	1
696	924	1
696	1142	2
696	1178	-2
696	1438	2
697	1014	1
697	1255	2
697	1483	2
697	1530	-2
698	765	1
698	946	1
698	1258	-2
698	1867	2
698	2003	-2
699	1051	2
699	1708	2
699	1850	2
700	735	1
700	843	1
700	923	1
700	1027	2
700	1494	2
700	1934	-2
701	850	1
701	983	1
701	1750	-2
701	1765	2
701	1903	-2
702	862	1
702	1128	-2
702	1199	2
702	1648	2
703	790	1
703	906	1
703	918	1
703	1032	-2
703	1811	-2
703	1834	2
704	708	1
704	959	1
704	1017	1
704	1119	-2
704	1250	2
704	1468	-2
705	881	1
705	1304	-2
705	1458	-2
705	1624	2
706	798	1
706	873	1
706	1339	-2
706	1958	-2
706	1967	2
707	857	1
707	873	1
707	1548	2
707	1599	-2
707	1866	2
708	998	1
708	1250	2
708	1521	2
708	1718	2
709	742	1
709	750	1
709	766	1
709	1206	2
709	1447	2
709	1618	-2
710	877	1
710	907	1
710	929	1
710	1399	-2
710	1925	-2
710	1956	2
711	864	1
711	873	1
711	940	1
711	1380	-2
711	1656	-2
711	1919	2
712	956	1
712	989	1
712	1012	1
712	1323	-2
712	1434	2
712	1998	-2
713	1216	-2
713	1509	-2
713	1752	-2
714	803	1
714	813	1
714	1038	-2
714	1501	2
714	1994	2
715	768	1
715	957	1
715	1006	1
715	1460	-2
715	1840	2
715	2035	2
716	867	1
716	915	1
716	983	1
716	1313	-2
716	1524	-2
716	1724	2
717	979	1
717	1121	-2
717	1152	2
717	1800	2
718	820	1
718	916	1
718	1042	-2
718	1631	-2
718	1757	2
719	1307	2
719	1891	2
719	1929	2
720	778	1
720	955	1
720	1261	2
720	1668	2
720	1915	-2
721	763	1
721	1273	-2
721	1542	-2
721	1678	-2
722	870	1
722	964	1
722	1014	1
722	1182	-2
722	1945	-2
722	2032	-2
723	755	1
723	759	1
723	1044	-2
723	1427	2
723	1880	-2
724	798	1
724	1075	-2
724	1630	-2
724	1647	-2
725	865	1
725	921	1
725	1092	2
725	1223	-2
725	1360	2
726	888	1
726	985	1
726	1610	2
726	1825	2
726	2044	2
727	733	1
727	1153	-2
727	1396	2
727	1889	2
728	736	1
728	898	1
728	1321	2
728	1350	-2
728	1674	2
729	901	1
729	1077	2
729	1293	2
729	1302	-2
730	953	1
730	1036	2
730	1080	-2
730	1112	2
731	974	1
731	1015	1
731	1481	2
731	1773	2
731	2036	2
732	977	1
732	1093	-2
732	1549	-2
732	1707	2
733	901	1
733	1643	2
733	1737	-2
733	1889	2
734	884	1
734	993	1
734	1416	2
734	1601	2
734	1788	2
735	761	1
735	767	1
735	934	1
735	1367	2
735	1804	-2
735	1934	-2
736	1013	1
736	1606	2
736	1674	2
736	1692	2
737	790	1
737	832	1
737	937	1
737	1571	-2
737	1823	2
737	2012	-2
738	1050	-2
738	1598	2
738	1975	2
739	830	1
739	1118	-2
739	1705	2
739	1863	2
740	803	1
740	1480	-2
740	1552	-2
740	1766	2
741	891	1
741	1006	1
741	1191	2
741	1716	2
741	1951	2
742	750	1
742	924	1
742	1618	-2
742	1713	-2
742	1731	2
743	1314	-2
743	1527	2
743	2017	-2
744	1437	-2
744	1562	-2
744	2005	-2
745	834	1
745	881	1
745	1088	2
745	1125	-2
745	1441	-2
746	771	1
746	837	1
746	970	1
746	1003	1
746	1565	-2
746	1633	2
746	2022	2
747	890	1
747	1488	-2
747	1858	2
747	1918	-2
748	779	1
748	950	1
748	1135	-2
748	1220	-2
748	1875	-2
749	979	1
749	1499	2
749	1591	2
749	1959	-2
750	991	1
750	1057	2
750	1108	-2
750	1618	-2
751	913	1
751	1470	-2
751	1659	2
751	1777	-2
752	793	1
752	800	1
752	973	1
752	1445	2
752	1459	-2
752	1885	-2
753	885	1
753	888	1
753	929	1
753	1106	-2
753	1233	2
753	1802	-2
754	791	1
754	822	1
754	823	1
754	1237	2
754	1605	-2
754	1833	2
755	871	1
755	1375	2
755	1469	2
755	1880	-2
756	816	1
756	1270	-2
756	1351	2
756	1497	-2
757	838	1
757	1259	-2
757	1978	2
757	1984	-2
758	836	1
758	911	1
758	1060	-2
758	1144	2
758	1529	2
759	831	1
759	1044	-2
759	1851	-2
759	1894	2
760	792	1
760	815	1
760	956	1
760	1020	1
760	1295	-2
760	1578	-2
760	1852	2
761	767	1
761	774	1
761	868	1
761	1367	2
761	1608	2
761	1831	-2
762	834	1
762	883	1
762	887	1
762	1531	-2
762	1767	-2
762	1997	2
763	851	1
763	1056	-2
763	1542	-2
763	1966	-2
764	777	1
764	811	1
764	1204	2
764	1252	2
764	1550	2
765	833	1
765	1258	-2
765	1383	2
765	1799	-2
766	787	1
766	970	1
766	1117	2
766	1206	2
766	2031	2
767	874	1
767	918	1
767	1367	2
767	1516	2
767	1954	2
768	783	1
768	931	1
768	957	1
768	1136	2
768	1809	-2
768	1840	2
769	1097	-2
769	1231	2
769	1663	2
770	898	1
770	975	1
770	1069	2
770	1361	2
770	1632	2
771	837	1
771	1098	-2
771	1633	2
771	1680	2
772	816	1
772	936	1
772	999	1
772	1386	2
772	1389	-2
772	1554	2
773	798	1
773	878	1
773	1176	-2
773	1260	2
773	1988	-2
774	782	1
774	984	1
774	1608	2
774	1786	2
774	2025	2
775	1230	2
775	1712	2
775	1977	-2
776	777	1
776	883	1
776	948	1
776	1450	2
776	1627	2
776	1838	2
777	811	1
777	945	1
777	1204	2
777	1450	2
777	1694	2
778	955	1
778	1001	1
778	1261	2
778	1432	-2
778	1639	2
779	920	1
779	1220	-2
779	1318	-2
779	1533	-2
780	855	1
780	1285	2
780	1620	2
780	1939	2
781	1201	2
781	1229	2
781	1379	-2
782	863	1
782	1005	1
782	1194	2
782	1862	2
782	2025	2
783	923	1
783	1196	-2
783	1661	-2
783	1809	-2
784	1357	2
784	1774	2
784	1856	2
785	797	1
785	1568	2
785	1607	2
785	1818	2
786	921	1
786	1347	2
786	1612	2
786	1682	2
787	932	1
787	1103	2
787	1115	-2
787	2031	2
788	993	1
788	1251	-2
788	1539	-2
788	1756	2
789	794	1
789	1587	-2
789	1920	-2
789	1981	2
790	1184	-2
790	1571	-2
790	1811	-2
791	822	1
791	1237	2
791	1640	-2
791	1884	-2
792	1518	2
792	1852	2
792	2002	-2
793	963	1
793	973	1
793	1316	-2
793	1459	-2
793	1848	-2
794	855	1
794	969	1
794	1345	-2
794	1759	-2
794	1920	-2
795	1000	1
795	1574	-2
795	1837	-2
795	1991	2
796	1155	-2
796	1381	-2
796	1941	2
797	904	1
797	982	1
797	1149	-2
797	1607	2
797	1964	-2
798	1075	-2
798	1339	-2
798	1988	-2
799	814	1
799	947	1
799	978	1
799	1247	-2
799	1254	-2
799	1423	-2
800	1011	1
800	1445	2
800	1508	2
800	1525	2
801	896	1
801	943	1
801	1082	-2
801	1557	-2
801	1594	2
802	821	1
802	1012	1
802	1187	2
802	1341	2
802	1916	2
803	963	1
803	1766	2
803	1873	2
803	1994	2
804	933	1
804	951	1
804	1404	2
804	1487	-2
804	2007	2
805	991	1
805	1013	1
805	1308	2
805	1466	-2
805	1970	2
806	993	1
806	1016	1
806	1393	-2
806	1510	2
806	1944	2
807	819	1
807	1264	2
807	1485	-2
807	1847	-2
808	891	1
808	1410	2
808	1871	-2
808	1936	2
809	949	1
809	1570	2
809	1816	-2
809	2018	-2
810	914	1
810	976	1
810	1026	2
810	1185	-2
810	1329	2
811	1204	2
811	1334	-2
811	1405	2
812	865	1
812	1868	-2
812	1909	-2
812	1932	2
813	825	1
813	906	1
813	1064	2
813	1501	2
813	1764	2
814	978	1
814	1423	-2
814	1519	2
814	1853	-2
815	849	1
815	890	1
815	1578	-2
815	1732	-2
815	1785	-2
816	887	1
816	1049	2
816	1270	-2
816	1386	2
817	945	1
817	958	1
817	1054	2
817	1111	-2
817	1408	2
818	1226	2
818	1294	2
818	1776	-2
819	904	1
819	1241	2
819	1485	-2
819	2029	-2
820	876	1
820	990	1
820	1151	-2
820	1181	2
820	1631	-2
821	987	1
821	1341	2
821	1414	-2
821	1735	-2
822	1193	2
822	1237	2
822	1910	2
823	880	1
823	1320	2
823	1605	-2
823	1905	2
824	827	1
824	844	1
824	856	1
824	969	1
824	1180	2
824	1506	-2
824	1810	-2
825	841	1
825	1061	2
825	1311	-2
825	1764	2
826	1711	-2
826	1730	2
826	1746	2
827	922	1
827	969	1
827	1327	-2
827	1440	2
827	1506	-2
828	962	1
828	1177	-2
828	1560	2
828	1813	-2
829	871	1
829	903	1
829	1349	-2
829	1564	-2
829	1703	-2
830	862	1
830	916	1
830	1555	-2
830	1705	2
830	2037	-2
831	1200	-2
831	1455	2
831	1851	-2
832	854	1
832	1589	2
832	1772	-2
832	2012	-2
833	907	1
833	1373	-2
833	1383	2
833	1761	-2
834	881	1
834	883	1
834	1125	-2
834	1186	-2
834	1767	-2
835	1319	2
835	1491	-2
835	1935	-2
836	911	1
836	913	1
836	1060	-2
836	1362	2
836	1849	2
837	925	1
837	1013	1
837	1633	2
837	1697	-2
837	1908	-2
838	1192	-2
838	1259	-2
838	1791	2
839	909	1
839	1340	-2
839	1689	2
839	1940	2
840	949	1
840	1139	-2
840	1495	-2
840	2006	-2
841	1034	2
841	1311	-2
841	1801	2
842	893	1
842	933	1
842	958	1
842	1043	2
842	1173	-2
842	1619	-2
843	923	1
843	946	1
843	1482	-2
843	1494	2
843	1695	2
844	906	1
844	1016	1
844	1810	-2
844	1952	-2
844	1974	2
845	1005	1
845	1114	2
845	1353	-2
845	1993	-2
846	851	1
846	1087	-2
846	1280	2
846	2046	-2
847	897	1
847	902	1
847	982	1
847	1344	-2
847	1534	2
847	1749	2
848	1170	2
848	1211	2
848	1515	2
849	890	1
849	941	1
849	1461	2
849	1785	-2
849	1798	2
850	983	1
850	1740	-2
850	1765	2
850	1769	2
851	872	1
851	1056	-2
851	1280	2
851	1452	-2
852	954	1
852	1425	-2
852	1462	-2
852	1881	-2
853	921	1
853	942	1
853	945	1
853	986	1
853	1377	-2
853	1805	2
853	1839	2
854	957	1
854	1083	-2
854	1300	-2
854	1589	2
855	1285	2
855	1345	-2
855	1638	2
856	1007	1
856	1058	-2
856	1133	-2
856	1180	2
857	1338	2
857	1599	-2
857	1683	2
858	1003	1
858	1407	-2
858	1573	2
858	1968	2
859	911	1
859	1029	-2
859	1101	2
859	1183	-2
860	865	1
860	1004	1
860	1109	2
860	1346	-2
860	1448	-2
861	876	1
861	1062	-2
861	1171	-2
861	2001	-2
862	916	1
862	924	1
862	1438	2
862	1555	-2
862	1648	2
863	869	1
863	895	1
863	1166	2
863	1234	2
863	1862	2
864	873	1
864	1872	-2
864	1919	2
864	1957	2
865	1092	2
865	1109	2
865	1932	2
866	880	1
866	886	1
866	999	1
866	1031	2
866	1368	2
866	1395	2
867	983	1
867	1017	1
867	1242	-2
867	1313	-2
867	1706	2
868	990	1
868	1831	-2
868	1948	2
868	1971	2
869	895	1
869	1234	2
869	1794	2
869	1982	2
870	960	1
870	1762	-2
870	1945	-2
870	1961	2
871	1375	2
871	1703	-2
871	1990	-2
872	893	1
872	1219	-2
872	1411	-2
872	1452	-2
873	1548	2
873	1919	2
873	1958	-2
874	1072	2
874	1516	2
874	2008	2
875	985	1
875	1189	-2
875	1582	2
875	1832	-2
876	990	1
876	1171	-2
876	1181	2
876	1388	-2
877	927	1
877	988	1
877	1296	2
877	1399	-2
877	1475	2
878	1105	-2
878	1176	-2
878	1657	-2
879	1065	2
879	1435	2
879	1846	2
880	1031	2
880	1208	2
880	1905	2
881	1113	-2
881	1125	-2
881	1304	-2
882	887	1
882	1041	-2
882	1714	2
882	1754	2
883	938	1
883	1479	-2
883	1767	-2
883	1838	2
884	930	1
884	1023	1
884	1202	-2
884	1788	2
884	1888	-2
885	888	1
885	936	1
885	1699	-2
885	1802	-2
885	1824	-2
886	920	1
886	1395	2
886	1751	-2
886	1857	-2
887	1049	2
887	1714	2
887	1997	2
888	1272	2
888	1610	2
888	1802	-2
889	1175	2
889	1498	-2
889	1758	-2
890	1059	2
890	1785	-2
890	1918	-2
891	1009	1
891	1130	2
891	1191	2
891	1410	2
892	995	1
892	998	1
892	1107	2
892	1122	2
892	1235	2
893	958	1
893	1173	-2
893	1219	-2
893	1792	2
894	983	1
894	995	1
894	1160	-2
894	1168	2
894	1789	-2
895	1234	2
895	1835	2
895	1987	2
896	1537	2
896	1557	-2
896	1611	-2
897	1287	2
897	1344	-2
897	1502	2
898	1350	-2
898	1632	2
898	1930	-2
899	912	1
899	1203	2
899	1628	-2
899	2030	2
900	928	1
900	1652	-2
900	1860	-2
900	1986	2
901	1302	-2
901	1643	2
901	1950	2
902	926	1
902	952	1
902	1604	2
902	1749	2
902	1878	-2
903	1021	1
903	1505	2
903	1564	-2
903	1983	-2
904	1343	-2
904	1964	-2
904	2029	-2
905	934	1
905	1071	2
905	1859	-2
905	1911	2
906	1064	2
906	1834	2
906	1952	-2
907	1164	2
907	1373	-2
907	1925	-2
908	1143	-2
908	1634	2
908	1864	-2
909	1068	-2
909	1209	2
909	1340	-2
910	1478	2
910	1673	-2
910	1812	-2
911	1060	-2
911	1101	2
911	1985	2
912	978	1
912	1085	-2
912	1628	-2
912	1855	2
913	1362	2
913	1526	2
913	1659	2
914	1190	-2
914	1217	-2
914	1329	2
915	1324	-2
915	1430	2
915	1724	2
916	1246	2
916	1555	-2
916	1757	2
917	987	1
917	1489	2
917	1883	-2
917	1904	-2
918	1032	-2
918	1621	-2
918	1954	2
919	1104	-2
919	1717	2
919	1869	2
920	1533	-2
920	1666	-2
920	1751	-2
921	1223	-2
921	1682	2
921	1839	2
922	974	1
922	1028	-2
922	1327	-2
922	1836	-2
923	1196	-2
923	1342	2
923	1494	2
924	1438	2
924	1731	2
924	1947	-2
925	1292	-2
925	1808	2
925	1908	-2
926	1356	2
926	1679	2
926	1878	-2
927	1227	-2
927	1475	2
927	1576	2
928	1613	2
928	1860	-2
928	1973	-2
929	987	1
929	1106	-2
929	1517	2
929	1956	2
930	959	1
930	1023	1
930	1169	-2
930	1202	-2
930	1655	-2
931	939	1
931	1131	2
931	1136	2
931	1806	-2
932	1103	2
932	1504	2
932	1738	-2
933	1205	2
933	1619	-2
933	2007	2
934	1641	-2
934	1804	-2
934	1911	2
935	1076	2
935	1793	2
935	2039	2
936	1389	-2
936	1699	-2
936	1733	2
937	955	1
937	1603	-2
937	1823	2
937	2043	-2
938	1479	-2
938	1729	2
938	1955	-2
939	1165	-2
939	1464	2
939	1806	-2
940	1074	2
940	1310	-2
940	1656	-2
941	1078	2
941	1095	-2
941	1798	2
942	1377	-2
942	1622	2
942	1709	-2
943	1070	-2
943	1158	-2
943	1594	2
944	1268	-2
944	1490	2
944	1567	2
945	958	1
945	986	1
945	1408	2
945	1694	2
945	1805	2
946	978	1
946	1482	-2
946	1882	2
946	2003	-2
947	1086	2
947	1254	-2
947	1886	2
948	1406	-2
948	1627	2
948	1651	-2
949	1045	2
949	2006	-2
949	2018	-2
950	1135	-2
950	1609	-2
950	1664	-2
951	1286	-2
951	1487	-2
951	1807	-2
952	1099	2
952	1604	2
952	1722	2
953	1000	1
953	1080	-2
953	1134	2
953	1400	-2
954	976	1
954	1124	-2
954	1161	-2
954	1425	-2
955	1046	2
955	1261	2
955	2043	-2
956	965	1
956	989	1
956	1020	1
956	1214	-2
956	1295	-2
956	1434	2
957	1024	1
957	1300	-2
957	1781	-2
957	1840	2
958	1173	-2
958	1408	2
958	1887	2
959	1119	-2
959	1655	-2
959	1720	-2
960	1409	2
960	1650	-2
960	1961	2
961	972	1
961	1544	2
961	1728	2
961	1943	-2
962	1140	-2
962	1560	2
962	1595	2
963	1363	-2
963	1848	-2
963	1873	2
964	1014	1
964	1512	-2
964	1942	-2
964	2032	-2
965	1214	-2
965	1586	-2
965	1629	2
966	1096	-2
966	1649	2
966	2019	2
967	1385	-2
967	1796	2
967	1892	-2
968	1477	2
968	1803	2
968	1890	-2
969	1015	1
969	1506	-2
969	1748	-2
969	1759	-2
970	1117	2
970	1276	-2
970	2022	2
971	1019	1
971	1179	-2
971	1197	2
971	1636	-2
972	1378	-2
972	1514	2
972	1728	2
973	1433	2
973	1459	-2
973	1814	-2
974	1436	2
974	1836	-2
974	2036	2
975	1361	2
975	1642	-2
975	1693	2
976	1014	1
976	1026	2
976	1124	-2
976	1726	-2
977	1093	-2
977	1486	2
977	1742	-2
978	1423	-2
978	1855	2
978	1882	2
979	1467	2
979	1591	2
979	1800	2
980	995	1
980	1426	2
980	1821	-2
980	2016	2
981	1019	1
981	1037	-2
981	1830	2
981	1976	2
982	1149	-2
982	1534	2
982	1700	2
983	1313	-2
983	1765	2
983	1789	-2
984	1299	2
984	1312	-2
984	1786	2
985	1365	2
985	1582	2
985	1825	2
986	1090	2
986	1370	2
986	1805	2
987	1489	2
987	1517	2
987	1735	-2
988	1296	2
988	1507	2
988	1771	-2
989	1434	2
989	1787	-2
989	1922	-2
990	1151	-2
990	1388	-2
990	1971	2
991	1057	2
991	1308	2
991	1658	2
992	1398	-2
992	1465	-2
992	1654	-2
993	1393	-2
993	1416	2
993	1539	-2
994	1496	2
994	1593	2
994	1739	2
995	1122	2
995	1168	2
995	1821	-2
996	1551	-2
996	1653	2
996	1687	2
997	1207	-2
997	1397	-2
997	2047	2
998	1235	2
998	1590	-2
998	1718	2
999	1150	-2
999	1368	2
999	1554	2
1000	1400	-2
1000	1439	2
1000	1574	-2
1001	1418	-2
1001	1432	-2
1001	1760	-2
1002	1091	-2
1002	1443	2
1002	1928	2
1003	1266	-2
1003	1565	-2
1003	1573	2
1004	1012	1
1004	1448	-2
1004	1500	2
1004	1569	-2
1005	1022	1
1005	1194	2
1005	1353	-2
1005	2013	2
1006	1665	-2
1006	1716	2
1006	2035	2
1007	1133	-2
1007	1224	2
1007	1577	2
1008	1306	-2
1008	1907	2
1008	1923	-2
1009	1130	2
1009	1442	-2
1009	1662	-2
1010	1675	-2
1010	1745	2
1010	1962	-2
1011	1492	-2
1011	1508	2
1011	1743	-2
1012	1187	2
1012	1323	-2
1012	1500	2
1013	1606	2
1013	1697	-2
1013	1970	2
1014	1483	2
1014	1726	-2
1014	2032	-2
1015	1174	2
1015	1748	-2
1015	1773	2
1016	1110	2
1016	1510	2
1016	1974	2
1017	1242	-2
1017	1394	2
1017	1468	-2
1018	1402	-2
1018	1415	-2
1018	1779	2
1019	1179	-2
1019	1358	-2
1019	1830	2
1020	1022	1
1020	1295	-2
1020	1999	-2
1020	2042	-2
1021	1566	-2
1021	1983	-2
1021	2028	2
1022	1972	-2
1022	1999	-2
1022	2013	2
1023	1084	-2
1023	1202	-2
1023	1686	-2
1024	1660	-2
1024	1781	-2
1024	1828	-2
