1	1	1
2	2	-1
3	3	1
4	4	1
5	5	1
6	6	1
7	7	-3
8	8	1
9	9	-3
10	10	1
11	11	-3
12	12	-1
13	13	-1
14	14	1
15	15	-1
16	16	1
17	17	3
18	18	1
19	19	-1
20	20	1
21	21	1
22	22	1
23	23	-1
24	24	-1
25	25	-1
26	26	1
27	27	3
28	28	-1
29	29	-1
30	30	-1
31	31	-3
32	32	3
33	33	3
34	34	1
35	35	1
36	36	3
37	37	3
38	38	-1
39	39	-3
40	40	-1
41	41	-3
42	42	-1
43	43	-1
44	44	1
45	45	1
46	46	3
47	47	1
48	48	3
49	49	-1
50	50	1
51	51	-1
52	52	-1
53	53	-1
54	54	-1
55	55	1
56	56	1
57	57	1
58	58	-1
59	59	-1
60	60	-3
61	61	1
62	62	3
63	63	-1
64	64	-1
65	65	-1
66	66	1
67	67	-1
68	68	1
69	69	3
70	70	-1
71	71	-1
72	72	1
73	73	-1
74	74	-1
75	75	-1
76	76	3
77	77	1
78	78	3
79	79	-1
80	80	-1
81	81	1
82	82	-3
83	83	1
84	84	1
85	85	1
86	86	-1
87	87	1
88	88	1
89	89	-1
90	90	1
91	91	1
92	92	3
93	93	-1
94	94	-1
95	95	-3
96	96	-1
97	97	-1
98	98	-1
99	99	3
100	100	1
101	101	1
102	102	-1
103	103	-1
104	104	-3
105	105	-1
106	106	3
107	107	-1
108	108	3
109	109	-1
110	110	3
111	111	3
112	112	1
113	113	-1
114	114	-1
115	115	-1
116	116	1
117	117	1
118	118	1
119	119	-1
120	120	-1
121	121	-3
122	122	1
123	123	1
124	124	-1
125	125	3
126	126	1
127	127	-1
128	128	1
129	129	-2
130	130	2
131	131	-2
132	132	-2
133	133	-2
134	134	2
135	135	2
136	136	2
137	137	2
138	138	2
139	139	2
140	140	-2
141	141	2
142	142	2
143	143	-2
144	144	2
145	145	2
146	146	-2
147	147	2
148	148	-2
149	149	2
150	150	-2
151	151	2
152	152	-2
153	153	-2
154	154	-2
155	155	-2
156	156	-2
157	157	-2
158	158	2
159	159	2
160	160	-2
161	161	2
162	162	-2
163	163	-2
164	164	2
165	165	2
166	166	-2
167	167	2
168	168	2
169	169	-2
170	170	-2
171	171	2
172	172	2
173	173	-2
174	174	2
175	175	2
176	176	-2
177	177	-2
178	178	-2
179	179	2
180	180	2
181	181	2
182	182	2
183	183	-2
184	184	-2
185	185	-2
186	186	-2
187	187	2
188	188	-2
189	189	2
190	190	-2
191	191	2
192	192	-2
193	193	-2
194	194	2
195	195	2
196	196	2
197	197	2
198	198	2
199	199	-2
200	200	2
201	201	-2
202	202	-2
203	203	-2
204	204	2
205	205	2
206	206	-2
207	207	2
208	208	-2
209	209	2
210	210	2
211	211	2
212	212	2
213	213	2
214	214	-2
215	215	2
216	216	-2
217	217	2
218	218	-2
219	219	-2
220	220	2
221	221	-2
222	222	-2
223	223	-2
224	224	-2
225	225	-2
226	226	2
227	227	2
228	228	2
229	229	2
230	230	-2
231	231	-2
232	232	-2
233	233	2
234	234	-2
235	235	-2
236	236	-2
237	237	2
238	238	-2
239	239	2
240	240	-2
241	241	-2
242	242	2
243	243	-2
244	244	2
245	245	2
246	246	2
247	247	2
248	248	2
249	249	-2
250	250	2
251	251	-2
252	252	2
253	253	-2
254	254	-2
255	255	-2
256	256	2
1	20	1
1	57	1
1	61	1
1	67	1
1	81	1
1	94	1
1	132	-2
1	184	2
1	250	2
2	17	1
2	29	1
2	31	1
2	52	1
2	98	1
2	127	1
2	144	-2
2	217	2
2	256	-2
3	6	1
3	39	1
3	65	1
3	68	1
3	69	1
3	84	1
3	141	-2
3	205	2
3	220	2
4	17	1
4	21	1
4	86	1
4	89	1
4	99	1
4	100	1
4	160	-2
4	189	2
4	237	-2
5	17	1
5	32	1
5	68	1
5	84	1
5	101	1
5	107	1
5	178	-2
5	203	-2
5	255	2
6	39	1
6	88	1
6	91	1
6	97	1
6	112	1
6	141	-2
6	164	2
6	228	2
7	14	1
7	20	1
7	28	1
7	30	1
7	59	1
7	87	1
7	146	2
7	186	2
7	194	-2
8	14	1
8	41	1
8	44	1
8	53	1
8	72	1
8	92	1
8	192	-2
8	210	-2
8	225	-2
9	42	1
9	67	1
9	77	1
9	80	1
9	82	1
9	90	1
9	131	2
9	202	2
9	209	-2
10	27	1
10	33	1
10	49	1
10	70	1
10	77	1
10	120	1
10	134	2
10	188	-2
10	247	-2
11	21	1
11	79	1
11	93	1
11	94	1
11	96	1
11	121	1
11	168	-2
11	219	2
11	251	2
12	38	2
12	42	1
12	55	1
12	70	1
12	71	1
12	143	2
12	161	2
12	235	2
13	35	1
13	54	2
13	65	1
13	82	1
13	93	1
13	145	2
13	197	-2
13	254	2
14	20	1
14	34	1
14	44	1
14	81	1
14	147	2
14	194	-2
14	225	-2
15	50	1
15	51	1
15	68	1
15	105	2
15	109	1
15	151	-2
15	239	-2
15	243	-2
16	40	1
16	43	1
16	46	1
16	60	1
16	80	1
16	84	1
16	199	-2
16	222	-2
16	227	-2
17	21	1
17	101	1
17	127	1
17	189	2
17	203	-2
17	217	2
18	45	1
18	47	1
18	64	1
18	78	1
18	111	1
18	118	1
18	165	2
18	169	2
18	211	2
19	44	1
19	80	1
19	91	1
19	92	1
19	95	1
19	127	1
19	183	-2
19	221	2
19	238	2
20	36	1
20	57	1
20	110	1
20	137	2
20	194	-2
20	250	2
21	36	1
21	106	1
21	121	1
21	162	-2
21	189	2
21	219	2
22	24	1
22	56	1
22	70	1
22	106	1
22	120	1
22	126	1
22	193	-2
22	234	2
22	249	-2
23	25	1
23	29	1
23	30	1
23	49	1
23	61	1
23	71	1
23	149	-2
23	167	2
23	179	-2
24	51	1
24	53	1
24	81	1
24	95	1
24	106	1
24	148	2
24	152	2
24	249	-2
25	29	1
25	57	1
25	59	1
25	76	1
25	117	1
25	179	-2
25	207	-2
25	212	2
26	34	1
26	67	1
26	85	2
26	98	1
26	113	1
26	182	2
26	190	-2
26	230	2
27	33	1
27	37	1
27	48	1
27	83	1
27	100	1
27	188	-2
27	214	-2
27	248	2
28	30	1
28	38	1
28	75	1
28	99	1
28	105	1
28	186	2
28	200	2
28	236	2
29	52	1
29	69	1
29	90	1
29	144	-2
29	179	-2
29	191	2
30	58	1
30	61	1
30	96	1
30	167	2
30	185	2
30	186	2
31	58	1
31	86	1
31	98	1
31	103	1
31	112	1
31	150	2
31	216	2
31	256	-2
32	77	1
32	78	1
32	100	1
32	107	1
32	118	1
32	140	-2
32	178	-2
32	198	2
33	37	1
33	46	1
33	64	1
33	106	1
33	188	-2
33	231	-2
33	253	-2
34	56	1
34	69	1
34	81	1
34	113	1
34	147	2
34	155	-2
34	230	2
35	54	1
35	85	1
35	87	1
35	109	1
35	110	1
35	145	2
35	233	-2
35	242	2
36	89	1
36	106	1
36	110	1
36	113	1
36	137	2
36	162	-2
36	173	-2
37	48	1
37	50	1
37	64	1
37	126	1
37	214	-2
37	231	-2
37	240	-2
38	55	1
38	70	1
38	75	1
38	143	2
38	161	2
38	236	2
39	57	1
39	102	1
39	104	1
39	119	1
39	141	-2
39	177	2
39	215	-2
40	41	1
40	52	1
40	84	1
40	88	1
40	114	1
40	181	-2
40	208	2
40	222	-2
41	52	1
41	53	1
41	115	1
41	119	1
41	201	2
41	208	2
41	210	-2
42	71	1
42	82	1
42	103	1
42	119	1
42	131	2
42	218	-2
42	235	2
43	60	1
43	108	1
43	111	1
43	118	1
43	124	1
43	195	-2
43	227	-2
43	229	2
44	92	1
44	107	1
44	120	1
44	138	-2
44	183	-2
44	225	-2
45	55	1
45	74	1
45	102	1
45	111	1
45	125	1
45	130	-2
45	165	2
45	244	2
46	80	1
46	91	1
46	106	1
46	124	1
46	199	-2
46	226	2
46	253	-2
47	55	1
47	64	1
47	71	1
47	83	1
47	99	1
47	139	2
47	169	2
47	204	2
48	61	1
48	62	1
48	73	1
48	93	1
48	133	-2
48	158	2
48	214	-2
49	66	1
49	70	1
49	71	1
49	79	1
49	149	-2
49	206	-2
49	247	-2
50	75	1
50	105	1
50	126	1
50	128	1
50	129	-2
50	151	-2
50	240	-2
51	53	1
51	90	1
51	105	1
51	125	1
51	152	2
51	154	-2
51	239	-2
52	78	1
52	123	1
52	144	-2
52	174	2
52	208	2
53	72	1
53	122	1
53	152	2
53	170	-2
53	210	-2
54	82	1
54	93	1
54	97	1
54	142	-2
54	145	2
54	254	2
55	99	1
55	125	1
55	139	2
55	143	2
55	244	2
56	69	1
56	107	1
56	126	1
56	127	1
56	155	-2
56	193	-2
56	223	2
57	76	1
57	102	1
57	177	2
57	212	2
57	250	2
58	96	2
58	103	1
58	128	1
58	163	-2
58	185	2
58	216	2
59	62	1
59	87	1
59	116	1
59	117	1
59	146	2
59	171	2
59	207	-2
60	75	1
60	83	1
60	86	1
60	121	1
60	157	2
60	172	-2
60	227	-2
61	67	1
61	73	1
61	158	2
61	167	2
61	184	2
62	93	1
62	116	1
62	123	1
62	125	1
62	133	-2
62	171	2
62	180	2
63	66	2
63	73	1
63	104	1
63	108	1
63	122	1
63	153	-2
63	156	2
63	175	-2
64	98	1
64	103	1
64	136	-2
64	169	2
64	231	-2
65	69	1
65	72	1
65	82	1
65	126	1
65	176	2
65	197	-2
65	220	2
66	79	1
66	104	1
66	108	1
66	153	-2
66	175	-2
66	206	-2
67	85	1
67	90	1
67	184	2
67	190	-2
67	202	2
68	84	2
68	109	1
68	205	2
68	243	-2
68	255	2
69	90	1
69	155	-2
69	191	2
69	220	2
70	120	1
70	161	2
70	234	2
70	247	-2
71	83	1
71	149	-2
71	204	2
71	235	2
72	92	1
72	122	1
72	126	1
72	170	-2
72	176	2
72	192	-2
73	89	1
73	109	1
73	122	1
73	156	2
73	158	2
73	166	2
74	79	1
74	95	1
74	102	1
74	108	1
74	112	1
74	130	-2
74	187	2
74	224	2
75	83	1
75	128	1
75	129	-2
75	157	2
75	236	2
76	88	1
76	114	1
76	116	1
76	117	1
76	212	2
76	232	-2
76	252	2
77	78	1
77	80	1
77	120	1
77	134	2
77	140	-2
77	209	-2
78	118	1
78	123	1
78	140	-2
78	174	2
78	211	2
79	95	1
79	96	1
79	168	-2
79	206	-2
79	224	2
80	95	1
80	199	-2
80	209	-2
80	238	2
81	94	1
81	95	1
81	132	-2
81	147	2
81	148	2
82	97	1
82	131	2
82	142	-2
82	197	-2
83	100	1
83	157	2
83	204	2
83	248	2
84	205	2
84	222	-2
84	255	2
85	98	1
85	109	1
85	182	2
85	190	-2
85	233	-2
86	99	1
86	112	1
86	121	1
86	150	2
86	160	-2
86	172	-2
87	101	1
87	110	1
87	115	1
87	146	2
87	241	-2
87	242	2
88	91	1
88	114	1
88	116	1
88	181	-2
88	228	2
88	252	2
89	100	1
89	109	1
89	113	1
89	166	2
89	173	-2
89	237	-2
90	125	1
90	154	-2
90	191	2
90	202	2
91	124	1
91	127	1
91	221	2
91	226	2
91	228	2
92	111	1
92	117	1
92	183	-2
92	192	-2
92	213	2
93	94	1
93	133	-2
93	251	2
93	254	2
94	97	1
94	104	1
94	132	-2
94	135	-2
94	251	2
95	148	2
95	224	2
95	238	2
96	128	1
96	163	-2
96	168	-2
96	185	2
97	104	1
97	112	1
97	135	-2
97	142	-2
97	164	2
98	103	1
98	136	-2
98	182	2
98	256	-2
99	105	1
99	139	2
99	160	-2
99	200	2
100	118	1
100	198	2
100	237	-2
100	248	2
101	114	1
101	115	2
101	159	-2
101	203	-2
101	241	-2
102	110	1
102	122	1
102	130	-2
102	177	2
102	246	2
103	119	1
103	136	-2
103	216	2
103	218	-2
104	119	1
104	135	-2
104	175	-2
104	215	-2
105	151	-2
105	200	2
105	239	-2
106	162	-2
106	249	-2
106	253	-2
107	120	1
107	127	1
107	138	-2
107	178	-2
107	223	2
108	111	1
108	112	1
108	153	-2
108	187	2
108	229	2
109	166	2
109	233	-2
109	243	-2
110	122	1
110	137	2
110	242	2
110	246	2
111	117	1
111	165	2
111	213	2
111	229	2
112	150	2
112	164	2
112	187	2
113	116	1
113	123	1
113	173	-2
113	230	2
113	245	-2
114	115	1
114	117	1
114	159	-2
114	181	-2
114	232	-2
115	119	1
115	159	-2
115	201	2
115	241	-2
116	123	1
116	171	2
116	245	-2
116	252	2
117	207	-2
117	213	2
117	232	-2
118	124	1
118	195	-2
118	198	2
118	211	2
119	201	2
119	215	-2
119	218	-2
120	134	2
120	138	-2
120	234	2
121	124	1
121	128	1
121	172	-2
121	196	-2
121	219	2
122	156	2
122	170	-2
122	246	2
123	125	1
123	174	2
123	180	2
123	245	-2
124	128	1
124	195	-2
124	196	-2
124	226	2
125	154	-2
125	180	2
125	244	2
126	176	2
126	193	-2
126	240	-2
127	217	2
127	221	2
127	223	2
128	129	-2
128	163	-2
128	196	-2
