1	1	1
2	2	-1
3	3	3
4	4	1
5	5	-3
6	6	1
7	7	1
8	8	-1
9	9	-1
10	10	1
11	11	-3
12	12	-1
13	13	-1
14	14	1
15	15	3
16	16	3
17	17	1
18	18	-3
19	19	1
20	20	-3
21	21	-3
22	22	1
23	23	-3
24	24	-3
25	25	-3
26	26	1
27	27	-1
28	28	-1
29	29	-1
30	30	-1
31	31	-1
32	32	-1
33	33	1
34	34	1
35	35	1
36	36	-3
37	37	-1
38	38	-1
39	39	1
40	40	-1
41	41	1
42	42	-1
43	43	-1
44	44	-3
45	45	-1
46	46	1
47	47	3
48	48	-1
49	49	-1
50	50	-1
51	51	-1
52	52	1
53	53	-1
54	54	-3
55	55	-3
56	56	-1
57	57	1
58	58	1
59	59	-3
60	60	-1
61	61	-1
62	62	1
63	63	1
64	64	-1
65	65	1
66	66	-1
67	67	-1
68	68	-1
69	69	-1
70	70	3
71	71	3
72	72	-1
73	73	-3
74	74	-1
75	75	-3
76	76	-1
77	77	-3
78	78	-1
79	79	3
80	80	-1
81	81	-1
82	82	3
83	83	-3
84	84	3
85	85	-3
86	86	1
87	87	1
88	88	-1
89	89	-1
90	90	1
91	91	-1
92	92	-3
93	93	-3
94	94	1
95	95	1
96	96	-1
97	97	3
98	98	-1
99	99	-3
100	100	1
101	101	-1
102	102	-1
103	103	-1
104	104	-1
105	105	1
106	106	-1
107	107	-1
108	108	-1
109	109	-3
110	110	-1
111	111	1
112	112	-1
113	113	3
114	114	-3
115	115	1
116	116	-1
117	117	1
118	118	-1
119	119	1
120	120	1
121	121	-1
122	122	-1
123	123	1
124	124	-1
125	125	1
126	126	-1
127	127	-3
128	128	-1
129	129	2
130	130	-2
131	131	2
132	132	-2
133	133	2
134	134	2
135	135	-2
136	136	2
137	137	-2
138	138	2
139	139	-2
140	140	2
141	141	2
142	142	-2
143	143	2
144	144	2
145	145	-2
146	146	-2
147	147	-2
148	148	-2
149	149	2
150	150	2
151	151	2
152	152	2
153	153	2
154	154	2
155	155	-2
156	156	-2
157	157	2
158	158	2
159	159	-2
160	160	2
161	161	2
162	162	-2
163	163	-2
164	164	-2
165	165	-2
166	166	-2
167	167	2
168	168	2
169	169	2
170	170	2
171	171	2
172	172	2
173	173	2
174	174	-2
175	175	-2
176	176	2
177	177	-2
178	178	-2
179	179	2
180	180	-2
181	181	2
182	182	2
183	183	2
184	184	2
185	185	-2
186	186	2
187	187	-2
188	188	2
189	189	2
190	190	-2
191	191	2
192	192	-2
193	193	2
194	194	-2
195	195	-2
196	196	2
197	197	2
198	198	2
199	199	2
200	200	2
201	201	-2
202	202	-2
203	203	-2
204	204	2
205	205	-2
206	206	-2
207	207	-2
208	208	-2
209	209	-2
210	210	-2
211	211	2
212	212	2
213	213	-2
214	214	-2
215	215	-2
216	216	-2
217	217	-2
218	218	2
219	219	2
220	220	2
221	221	-2
222	222	-2
223	223	-2
224	224	-2
225	225	-2
226	226	2
227	227	2
228	228	2
229	229	2
230	230	2
231	231	2
232	232	-2
233	233	-2
234	234	2
235	235	2
236	236	-2
237	237	2
238	238	2
239	239	-2
240	240	2
241	241	2
242	242	-2
243	243	-2
244	244	2
245	245	2
246	246	-2
247	247	-2
248	248	-2
249	249	-2
250	250	-2
251	251	2
252	252	-2
253	253	-2
254	254	2
255	255	-2
256	256	-2
1	21	1
1	39	1
1	78	1
1	88	1
1	112	1
1	117	1
1	212	-2
1	243	-2
1	250	-2
2	28	1
2	32	1
2	44	1
2	64	1
2	72	1
2	108	1
2	134	2
2	146	2
2	167	-2
3	15	1
3	22	1
3	34	2
3	71	1
3	82	1
3	153	2
3	157	2
3	160	2
4	9	1
4	14	1
4	34	1
4	48	1
4	54	1
4	87	1
4	169	2
4	205	2
4	228	2
5	11	1
5	23	1
5	33	1
5	69	1
5	108	1
5	127	1
5	172	-2
5	201	2
5	241	-2
6	16	2
6	59	1
6	88	1
6	105	1
6	107	1
6	149	-2
6	166	-2
6	175	-2
7	26	1
7	30	1
7	31	1
7	52	1
7	76	1
7	101	1
7	156	-2
7	213	2
7	230	2
8	18	1
8	32	1
8	42	1
8	63	1
8	78	1
8	89	1
8	155	2
8	204	2
8	214	2
9	14	1
9	25	1
9	38	1
9	76	1
9	88	1
9	163	2
9	169	2
9	187	2
10	16	1
10	17	1
10	30	1
10	51	1
10	59	1
10	72	1
10	186	2
10	209	2
10	247	-2
11	37	1
11	43	1
11	44	1
11	69	1
11	98	1
11	129	-2
11	201	2
11	224	2
12	29	1
12	60	1
12	71	1
12	92	1
12	95	1
12	115	1
12	216	-2
12	219	-2
12	249	2
13	22	1
13	55	1
13	58	1
13	75	1
13	101	1
13	127	1
13	176	-2
13	189	2
13	202	2
14	43	1
14	59	1
14	86	1
14	99	1
14	139	-2
14	169	2
14	253	2
15	22	1
15	41	1
15	56	1
15	62	1
15	122	1
15	157	2
15	211	2
15	215	-2
16	17	1
16	105	1
16	107	1
16	166	-2
16	175	-2
16	247	-2
17	42	1
17	71	1
17	101	1
17	108	1
17	161	2
17	242	2
17	247	-2
18	27	1
18	58	1
18	62	1
18	89	1
18	120	1
18	155	2
18	164	2
18	255	2
19	24	1
19	74	1
19	77	1
19	81	1
19	87	1
19	111	1
19	179	-2
19	222	-2
19	239	-2
20	36	1
20	45	1
20	53	1
20	81	1
20	98	1
20	117	1
20	136	-2
20	154	-2
20	218	-2
21	36	1
21	78	1
21	92	1
21	109	1
21	122	1
21	165	2
21	199	-2
21	212	-2
22	35	1
22	58	1
22	124	1
22	157	2
22	171	-2
22	189	2
23	33	1
23	41	1
23	83	1
23	87	1
23	106	1
23	133	-2
23	172	-2
23	197	-2
24	32	1
24	54	1
24	77	2
24	118	1
24	179	-2
24	225	2
24	236	2
25	38	1
25	45	1
25	107	1
25	109	1
25	124	1
25	132	2
25	187	2
25	234	-2
26	57	1
26	76	1
26	81	1
26	86	1
26	89	1
26	196	2
26	230	2
26	252	2
27	65	2
27	66	1
27	105	1
27	120	1
27	185	-2
27	207	2
27	255	2
28	44	1
28	46	1
28	48	1
28	75	1
28	84	1
28	140	2
28	167	-2
28	254	-2
29	60	1
29	61	1
29	73	1
29	83	1
29	97	1
29	208	2
29	219	-2
29	233	-2
30	51	1
30	101	1
30	116	1
30	121	1
30	186	2
30	213	2
30	245	-2
31	50	1
31	51	1
31	52	1
31	118	1
31	122	1
31	156	-2
31	162	2
31	182	-2
32	64	1
32	77	1
32	78	1
32	146	2
32	204	2
32	236	2
33	38	1
33	82	1
33	90	1
33	100	1
33	172	-2
33	192	-2
33	256	-2
34	54	1
34	71	1
34	82	1
34	153	2
34	160	2
34	205	2
35	58	1
35	95	1
35	119	1
35	120	1
35	124	1
35	171	-2
35	183	2
35	227	2
36	37	1
36	56	1
36	81	1
36	92	1
36	136	-2
36	137	2
36	165	2
37	44	1
37	56	1
37	70	1
37	79	1
37	129	-2
37	137	2
37	159	-2
38	64	1
38	90	1
38	91	1
38	131	-2
38	187	2
38	192	-2
39	62	1
39	66	1
39	82	1
39	103	1
39	112	1
39	188	2
39	203	2
39	243	-2
40	52	1
40	94	2
40	102	1
40	103	1
40	114	1
40	147	2
40	190	-2
40	210	2
41	42	1
41	56	1
41	87	1
41	115	1
41	133	-2
41	206	-2
41	215	-2
42	63	1
42	108	1
42	115	1
42	206	-2
42	214	2
42	242	2
43	83	1
43	86	1
43	98	1
43	104	1
43	139	-2
43	198	-2
43	224	2
44	72	1
44	86	1
44	129	-2
44	167	-2
44	174	2
45	106	1
45	109	1
45	116	1
45	117	1
45	132	2
45	217	-2
45	218	-2
46	69	1
46	84	1
46	89	1
46	96	1
46	113	1
46	140	2
46	141	2
46	150	-2
47	53	1
47	57	1
47	63	1
47	113	1
47	117	1
47	125	1
47	145	-2
47	229	2
47	231	2
48	67	1
48	73	1
48	75	1
48	87	1
48	184	-2
48	228	2
48	254	-2
49	55	1
49	96	1
49	102	1
49	110	1
49	118	1
49	126	1
49	138	-2
49	168	-2
49	240	2
50	66	1
50	70	1
50	95	1
50	110	1
50	118	1
50	148	-2
50	170	-2
50	182	-2
51	106	1
51	111	1
51	122	1
51	142	2
51	162	2
51	186	2
52	61	1
52	94	1
52	100	1
52	152	-2
52	156	-2
52	190	-2
53	57	1
53	80	1
53	93	1
53	98	1
53	154	-2
53	181	-2
53	231	2
54	74	1
54	85	1
54	118	1
54	205	2
54	220	-2
54	225	2
55	75	1
55	92	1
55	114	1
55	126	1
55	138	-2
55	202	2
55	235	-2
56	85	1
56	102	1
56	137	2
56	191	-2
56	215	-2
57	81	1
57	84	1
57	125	1
57	173	2
57	231	2
57	252	2
58	62	1
58	119	1
58	164	2
58	189	2
58	227	2
59	72	1
59	88	1
59	99	1
59	149	-2
59	209	2
59	253	2
60	69	1
60	105	1
60	116	1
60	127	1
60	135	2
60	219	-2
60	248	-2
61	68	1
61	97	1
61	100	1
61	112	1
61	152	-2
61	158	-2
61	233	-2
62	82	1
62	122	1
62	164	2
62	188	2
62	211	2
63	110	1
63	113	1
63	119	1
63	214	2
63	229	2
63	237	2
64	91	1
64	97	1
64	121	1
64	131	-2
64	146	2
64	244	2
65	66	1
65	79	1
65	105	1
65	120	1
65	144	2
65	185	-2
65	207	2
66	103	1
66	110	1
66	170	-2
66	185	-2
66	203	2
67	73	1
67	96	1
67	112	1
67	126	1
67	128	1
67	184	-2
67	195	-2
67	232	2
68	73	1
68	90	1
68	93	1
68	100	1
68	112	1
68	158	-2
68	180	2
68	194	-2
69	89	1
69	105	1
69	150	-2
69	201	2
69	248	-2
70	79	2
70	95	1
70	104	1
70	148	-2
70	159	-2
70	226	2
71	101	1
71	115	1
71	153	2
71	161	2
71	216	-2
72	86	1
72	108	1
72	134	2
72	174	2
72	209	2
73	83	1
73	93	1
73	180	2
73	184	-2
73	208	2
74	81	1
74	85	1
74	93	1
74	107	1
74	220	-2
74	223	2
74	239	-2
75	91	1
75	126	1
75	202	2
75	238	-2
75	254	-2
76	80	1
76	88	1
76	115	1
76	163	2
76	193	-2
76	230	2
77	114	1
77	128	1
77	179	-2
77	236	2
77	251	-2
78	99	1
78	104	1
78	204	2
78	212	-2
78	246	2
79	104	1
79	120	1
79	144	2
79	159	-2
79	226	2
80	93	1
80	94	1
80	115	1
80	124	1
80	181	-2
80	193	-2
80	200	2
81	136	-2
81	239	-2
81	252	2
82	100	1
82	160	2
82	188	2
82	256	-2
83	104	1
83	106	1
83	197	-2
83	198	-2
83	208	2
84	113	1
84	123	1
84	125	1
84	140	2
84	173	2
84	178	-2
85	102	1
85	119	1
85	128	1
85	143	-2
85	191	-2
85	220	-2
86	89	1
86	139	-2
86	174	2
86	196	2
87	111	1
87	133	-2
87	222	-2
87	228	2
88	117	1
88	149	-2
88	163	2
88	250	-2
89	150	-2
89	155	2
89	196	2
90	100	1
90	109	1
90	125	1
90	130	2
90	192	-2
90	194	-2
91	103	1
91	111	1
91	126	1
91	131	-2
91	151	2
91	238	-2
92	95	1
92	114	1
92	165	2
92	235	-2
92	249	2
93	107	1
93	180	2
93	181	-2
93	223	2
94	102	1
94	124	1
94	190	-2
94	200	2
94	210	2
95	120	1
95	148	-2
95	183	2
95	249	2
96	110	1
96	112	1
96	113	1
96	141	2
96	168	-2
96	232	2
97	98	1
97	121	1
97	123	1
97	177	-2
97	233	-2
97	244	2
98	123	1
98	154	-2
98	177	-2
98	224	2
99	104	1
99	121	1
99	123	1
99	221	2
99	246	2
99	253	2
100	152	-2
100	194	-2
100	256	-2
101	127	1
101	161	2
101	176	-2
101	213	2
102	118	1
102	191	-2
102	210	2
102	240	2
103	111	1
103	114	1
103	147	2
103	151	2
103	203	2
104	198	-2
104	226	2
104	246	2
105	166	-2
105	207	2
105	248	-2
106	111	1
106	116	1
106	142	2
106	197	-2
106	217	-2
107	124	1
107	175	-2
107	223	2
107	234	-2
108	127	1
108	134	2
108	241	-2
108	242	2
109	122	1
109	125	1
109	130	2
109	132	2
109	199	-2
110	119	1
110	168	-2
110	170	-2
110	237	2
111	142	2
111	151	2
111	222	-2
112	158	-2
112	232	2
112	243	-2
113	123	1
113	141	2
113	178	-2
113	229	2
114	128	1
114	147	2
114	235	-2
114	251	-2
115	193	-2
115	206	-2
115	216	-2
116	121	1
116	127	1
116	135	2
116	217	-2
116	245	-2
117	125	1
117	145	-2
117	218	-2
117	250	-2
118	182	-2
118	225	2
118	240	2
119	128	1
119	143	-2
119	227	2
119	237	2
120	144	2
120	183	2
120	255	2
121	123	1
121	221	2
121	244	2
121	245	-2
122	162	2
122	199	-2
122	211	2
123	177	-2
123	178	-2
123	221	2
124	171	-2
124	200	2
124	234	-2
125	130	2
125	145	-2
125	173	2
126	128	1
126	138	-2
126	195	-2
126	238	-2
127	135	2
127	176	-2
127	241	-2
128	143	-2
128	195	-2
128	251	-2
