1	1	1
2	2	1
3	3	1
4	4	-1
5	5	1
6	6	1
7	7	3
8	8	-3
9	9	3
10	10	1
11	11	-1
12	12	1
13	13	-1
14	14	-1
15	15	1
16	16	1
17	17	-3
18	18	3
19	19	-1
20	20	-3
21	21	-3
22	22	3
23	23	1
24	24	1
25	25	-3
26	26	3
27	27	1
28	28	1
29	29	-1
30	30	-1
31	31	-1
32	32	3
33	33	-1
34	34	-3
35	35	1
36	36	-3
37	37	-1
38	38	-1
39	39	-1
40	40	1
41	41	1
42	42	-3
43	43	-1
44	44	-3
45	45	1
46	46	1
47	47	-1
48	48	-1
49	49	-3
50	50	1
51	51	3
52	52	1
53	53	1
54	54	1
55	55	1
56	56	3
57	57	-1
58	58	-3
59	59	1
60	60	-1
61	61	3
62	62	1
63	63	-1
64	64	1
65	65	-1
66	66	-1
67	67	-3
68	68	-1
69	69	-1
70	70	1
71	71	-1
72	72	-1
73	73	1
74	74	-1
75	75	1
76	76	1
77	77	-1
78	78	1
79	79	-1
80	80	1
81	81	1
82	82	3
83	83	1
84	84	3
85	85	1
86	86	1
87	87	-1
88	88	1
89	89	-3
90	90	1
91	91	1
92	92	-1
93	93	1
94	94	-1
95	95	1
96	96	1
97	97	-1
98	98	3
99	99	1
100	100	3
101	101	-1
102	102	1
103	103	-1
104	104	-1
105	105	-3
106	106	1
107	107	-1
108	108	1
109	109	-1
110	110	1
111	111	-1
112	112	-1
113	113	1
114	114	3
115	115	1
116	116	1
117	117	1
118	118	-1
119	119	1
120	120	1
121	121	-1
122	122	-1
123	123	-1
124	124	-3
125	125	3
126	126	1
127	127	-1
128	128	1
129	129	1
130	130	-3
131	131	1
132	132	1
133	133	1
134	134	1
135	135	1
136	136	3
137	137	2
138	138	-2
139	139	-2
140	140	2
141	141	2
142	142	-2
143	143	2
144	144	-2
145	145	2
146	146	2
147	147	2
148	148	2
149	149	-2
150	150	-2
151	151	-2
152	152	2
153	153	2
154	154	-2
155	155	-2
156	156	-2
157	157	-2
158	158	-2
159	159	-2
160	160	2
161	161	-2
162	162	-2
163	163	2
164	164	2
165	165	-2
166	166	2
167	167	2
168	168	-2
169	169	-2
170	170	2
171	171	-2
172	172	2
173	173	2
174	174	-2
175	175	2
176	176	2
177	177	-2
178	178	-2
179	179	-2
180	180	-2
181	181	-2
182	182	-2
183	183	2
184	184	2
185	185	-2
186	186	2
187	187	-2
188	188	-2
189	189	-2
190	190	2
191	191	2
192	192	-2
193	193	-2
194	194	2
195	195	2
196	196	2
197	197	2
198	198	2
199	199	-2
200	200	-2
201	201	2
202	202	2
203	203	-2
204	204	2
205	205	-2
206	206	2
207	207	2
208	208	2
209	209	2
210	210	-2
211	211	2
212	212	-2
213	213	-2
214	214	2
215	215	-2
216	216	-2
217	217	-2
218	218	-2
219	219	2
220	220	-2
221	221	-2
222	222	-2
223	223	2
224	224	2
225	225	-2
226	226	2
227	227	-2
228	228	2
229	229	-2
230	230	2
231	231	2
232	232	-2
233	233	-2
234	234	2
235	235	2
236	236	2
237	237	2
238	238	2
239	239	2
240	240	-2
241	241	2
242	242	-2
243	243	-2
244	244	-2
245	245	-2
246	246	2
247	247	2
248	248	2
249	249	2
250	250	2
251	251	-2
252	252	2
253	253	2
254	254	-2
255	255	2
256	256	2
257	257	2
258	258	2
259	259	2
260	260	-2
261	261	2
262	262	-2
263	263	2
264	264	-2
265	265	-2
266	266	-2
267	267	2
268	268	-2
269	269	2
270	270	-2
271	271	2
272	272	2
1	28	1
1	47	1
1	54	1
1	71	1
1	80	1
1	85	1
1	154	-2
1	201	-2
1	258	2
2	17	1
2	59	1
2	64	1
2	96	1
2	103	1
2	126	1
2	159	2
2	160	2
2	263	2
3	58	1
3	70	1
3	84	1
3	93	1
3	108	1
3	119	1
3	157	2
3	208	2
3	210	-2
4	6	1
4	23	1
4	72	1
4	100	1
4	107	1
4	128	1
4	143	-2
4	162	-2
4	202	-2
5	26	1
5	63	1
5	108	1
5	111	1
5	118	1
5	132	1
5	230	-2
5	239	2
5	245	-2
6	82	1
6	100	2
6	107	1
6	130	1
6	149	2
6	162	-2
6	191	2
7	10	1
7	15	1
7	86	1
7	98	1
7	106	1
7	134	1
7	189	-2
7	246	2
7	253	2
8	25	1
8	50	1
8	86	1
8	87	1
8	97	1
8	123	1
8	147	-2
8	188	2
8	225	2
9	52	1
9	73	1
9	81	1
9	95	2
9	96	1
9	231	2
9	251	-2
9	270	-2
10	24	1
10	26	1
10	31	1
10	82	1
10	86	1
10	168	-2
10	181	2
10	253	2
11	23	1
11	57	1
11	83	1
11	117	1
11	120	1
11	124	1
11	138	-2
11	237	-2
11	262	2
12	14	1
12	46	1
12	57	1
12	77	1
12	108	1
12	116	1
12	176	2
12	252	-2
12	267	2
13	21	1
13	28	1
13	57	1
13	84	1
13	93	1
13	110	1
13	240	2
13	249	2
13	254	2
14	15	1
14	92	1
14	95	1
14	105	1
14	116	1
14	176	2
14	217	2
14	241	-2
15	61	1
15	98	1
15	105	1
15	125	1
15	189	-2
15	217	2
15	229	-2
16	29	1
16	39	1
16	99	1
16	110	1
16	116	1
16	121	1
16	186	2
16	198	-2
16	206	2
17	30	1
17	33	1
17	67	1
17	96	1
17	103	1
17	159	2
17	185	2
17	265	2
18	46	1
18	51	1
18	83	1
18	87	1
18	92	1
18	113	1
18	151	-2
18	158	-2
18	165	-2
19	34	1
19	71	2
19	90	1
19	94	1
19	99	1
19	156	-2
19	259	-2
19	269	-2
20	38	1
20	48	1
20	54	1
20	89	1
20	92	1
20	102	1
20	215	2
20	238	-2
20	256	-2
21	46	1
21	93	1
21	99	1
21	112	1
21	126	1
21	145	-2
21	179	2
21	240	2
22	50	1
22	51	1
22	59	1
22	80	1
22	102	1
22	133	1
22	173	2
22	199	-2
22	200	-2
23	55	1
23	57	1
23	128	1
23	136	1
23	138	-2
23	143	-2
23	242	-2
24	31	2
24	54	1
24	114	1
24	128	1
24	140	2
24	181	2
24	224	2
25	49	1
25	67	1
25	73	1
25	97	1
25	105	1
25	147	-2
25	148	-2
25	235	-2
26	53	1
26	56	1
26	82	1
26	132	1
26	168	-2
26	171	-2
26	239	2
27	38	1
27	45	1
27	50	1
27	65	1
27	91	1
27	133	1
27	164	2
27	172	2
27	268	2
28	41	1
28	69	1
28	71	1
28	84	1
28	201	-2
28	249	2
28	250	2
29	45	1
29	88	1
29	93	1
29	121	1
29	132	1
29	192	-2
29	198	-2
29	204	-2
30	33	1
30	62	1
30	79	1
30	81	1
30	109	1
30	161	2
30	185	2
30	243	-2
31	47	1
31	114	1
31	129	1
31	167	-2
31	181	2
31	224	2
32	37	1
32	101	1
32	114	2
32	123	1
32	125	1
32	137	2
32	175	2
32	197	2
33	37	1
33	70	1
33	121	1
33	126	1
33	142	-2
33	183	-2
33	185	2
34	53	1
34	68	1
34	90	1
34	119	1
34	130	1
34	214	-2
34	244	2
34	259	-2
35	39	1
35	56	1
35	60	1
35	74	1
35	79	1
35	130	1
35	155	2
35	213	-2
35	261	2
36	41	1
36	68	1
36	75	1
36	89	1
36	118	1
36	133	1
36	209	-2
36	228	-2
36	257	-2
37	70	1
37	77	1
37	103	1
37	125	1
37	183	-2
37	197	2
37	266	2
38	43	1
38	91	1
38	92	1
38	119	1
38	182	-2
38	256	-2
38	268	2
39	97	1
39	110	1
39	115	1
39	130	1
39	155	2
39	180	2
39	206	2
40	76	1
40	82	1
40	91	1
40	98	1
40	117	1
40	127	1
40	146	2
40	255	-2
40	260	-2
41	68	1
41	69	1
41	90	1
41	129	1
41	196	2
41	250	2
41	257	-2
42	49	1
42	59	1
42	63	1
42	72	1
42	101	1
42	116	1
42	153	-2
42	220	2
42	232	2
43	58	1
43	65	1
43	69	1
43	87	1
43	119	1
43	178	2
43	182	-2
43	203	2
44	48	1
44	60	1
44	66	1
44	101	1
44	104	1
44	124	1
44	205	2
44	234	-2
44	248	-2
45	65	1
45	89	1
45	93	1
45	109	1
45	164	2
45	192	-2
45	212	2
46	83	1
46	108	1
46	112	1
46	165	-2
46	179	2
46	267	2
47	69	1
47	80	1
47	129	1
47	131	1
47	154	-2
47	167	-2
47	271	-2
48	54	1
48	88	1
48	104	1
48	117	1
48	205	2
48	226	2
48	238	-2
49	73	1
49	94	1
49	116	1
49	134	1
49	148	-2
49	153	-2
49	272	-2
50	80	1
50	86	1
50	133	1
50	172	2
50	188	2
50	200	-2
51	92	1
51	112	1
51	122	1
51	133	1
51	158	-2
51	199	-2
51	211	2
52	55	1
52	61	1
52	95	1
52	112	1
52	135	1
52	152	-2
52	218	-2
52	231	2
53	56	1
53	77	1
53	96	1
53	130	1
53	171	-2
53	195	2
53	214	-2
54	85	1
54	128	1
54	140	2
54	238	-2
54	258	2
55	61	1
55	78	1
55	111	1
55	136	1
55	218	-2
55	223	-2
55	242	-2
56	72	1
56	79	1
56	128	1
56	171	-2
56	213	-2
56	222	-2
57	77	1
57	110	1
57	138	-2
57	252	-2
57	254	2
58	66	1
58	69	1
58	104	1
58	108	1
58	150	2
58	157	2
58	178	2
59	64	1
59	72	1
59	102	1
59	173	2
59	220	2
59	263	2
60	65	1
60	66	1
60	74	2
60	233	2
60	234	-2
60	261	2
61	76	1
61	125	1
61	134	1
61	207	2
61	218	-2
61	229	-2
62	67	1
62	81	1
62	86	1
62	118	1
62	124	1
62	163	-2
62	177	-2
62	243	-2
63	75	1
63	101	1
63	118	1
63	135	1
63	141	2
63	230	-2
63	232	2
64	81	1
64	90	1
64	109	1
64	121	1
64	174	-2
64	193	2
64	263	2
65	74	1
65	87	1
65	164	2
65	203	2
65	233	2
66	85	1
66	104	1
66	110	1
66	150	2
66	234	-2
66	264	-2
67	103	1
67	105	1
67	124	1
67	163	-2
67	235	-2
67	265	2
68	84	1
68	119	1
68	127	1
68	169	-2
68	244	2
68	257	-2
69	131	1
69	178	2
69	250	2
69	271	-2
70	102	1
70	119	1
70	129	1
70	170	2
70	183	-2
70	208	2
71	94	1
71	99	1
71	156	-2
71	201	-2
71	269	-2
72	107	1
72	128	1
72	202	-2
72	220	2
72	222	-2
73	75	1
73	96	1
73	125	1
73	148	-2
73	221	-2
73	270	-2
74	111	1
74	122	1
74	166	-2
74	233	2
74	261	2
75	125	1
75	133	1
75	135	1
75	141	2
75	209	-2
75	221	-2
76	78	1
76	115	1
76	127	1
76	134	1
76	187	-2
76	207	2
76	255	-2
77	96	1
77	103	1
77	195	2
77	252	-2
77	266	2
78	94	1
78	107	1
78	111	1
78	115	1
78	139	-2
78	187	-2
78	223	-2
79	109	1
79	122	1
79	123	1
79	161	2
79	194	-2
79	213	-2
80	106	1
80	113	1
80	154	-2
80	200	-2
80	236	-2
81	95	1
81	121	1
81	193	2
81	243	-2
81	251	-2
82	98	1
82	100	1
82	146	2
82	168	-2
82	191	2
83	100	1
83	117	1
83	132	1
83	165	-2
83	184	2
83	237	-2
84	93	1
84	127	1
84	169	-2
84	210	-2
84	249	2
85	105	1
85	110	1
85	127	1
85	227	2
85	258	2
85	264	-2
86	118	1
86	177	-2
86	188	2
86	253	2
87	113	1
87	123	1
87	151	-2
87	203	2
87	225	2
88	98	1
88	117	1
88	131	1
88	132	1
88	144	-2
88	204	-2
88	226	2
89	102	1
89	109	1
89	118	1
89	212	2
89	215	2
89	228	-2
90	109	1
90	129	1
90	174	-2
90	196	2
90	259	-2
91	117	1
91	120	1
91	131	1
91	247	2
91	260	-2
91	268	2
92	95	1
92	158	-2
92	241	-2
92	256	-2
93	192	-2
93	210	-2
93	240	2
94	107	1
94	134	1
94	139	-2
94	269	-2
94	272	-2
95	231	2
95	241	-2
95	251	-2
96	159	2
96	195	2
96	270	-2
97	104	1
97	115	2
97	147	-2
97	180	2
97	190	2
98	131	1
98	144	-2
98	146	2
98	189	-2
99	116	1
99	126	1
99	145	-2
99	156	-2
99	186	2
100	132	1
100	162	-2
100	184	2
100	191	2
101	114	1
101	124	1
101	175	2
101	232	2
101	248	-2
102	129	1
102	170	2
102	173	2
102	215	2
103	126	1
103	160	2
103	265	2
103	266	2
104	115	1
104	150	2
104	190	2
104	205	2
105	127	1
105	217	2
105	227	2
105	235	-2
106	113	1
106	120	1
106	134	1
106	136	1
106	216	-2
106	236	-2
106	246	2
107	130	1
107	139	-2
107	149	2
107	202	-2
108	111	1
108	157	2
108	245	-2
108	267	2
109	161	2
109	174	-2
109	212	2
110	206	2
110	254	2
110	264	-2
111	122	1
111	166	-2
111	223	-2
111	245	-2
112	122	1
112	135	1
112	152	-2
112	179	2
112	211	2
113	135	1
113	136	1
113	151	-2
113	219	2
113	236	-2
114	123	1
114	137	2
114	175	2
114	224	2
115	180	2
115	187	-2
115	190	2
116	153	-2
116	176	2
116	186	2
117	226	2
117	237	-2
117	260	-2
118	177	-2
118	228	-2
118	230	-2
119	182	-2
119	208	2
119	244	2
120	124	1
120	131	1
120	136	1
120	216	-2
120	247	2
120	262	2
121	126	1
121	142	-2
121	193	2
121	198	-2
122	123	1
122	166	-2
122	194	-2
122	211	2
123	137	2
123	194	-2
123	225	2
124	163	-2
124	248	-2
124	262	2
125	197	2
125	221	-2
125	229	-2
126	142	-2
126	145	-2
126	160	2
127	169	-2
127	227	2
127	255	-2
128	140	2
128	143	-2
128	222	-2
129	167	-2
129	170	2
129	196	2
130	149	2
130	155	2
130	214	-2
131	144	-2
131	247	2
131	271	-2
132	184	2
132	204	-2
132	239	2
133	172	2
133	199	-2
133	209	-2
134	207	2
134	246	2
134	272	-2
135	136	1
135	141	2
135	152	-2
135	219	2
136	216	-2
136	219	2
136	242	-2
