1	1	1
2	2	-1
3	3	1
4	4	-3
5	5	1
6	6	3
7	7	1
8	8	1
9	9	3
10	10	-3
11	11	1
12	12	-1
13	13	1
14	14	-1
15	15	-1
16	16	-1
17	17	-3
18	18	-1
19	19	1
20	20	1
21	21	-1
22	22	3
23	23	-1
24	24	-1
25	25	3
26	26	1
27	27	1
28	28	-1
29	29	1
30	30	-1
31	31	-3
32	32	1
33	33	-1
34	34	-3
35	35	-1
36	36	3
37	37	1
38	38	1
39	39	-1
40	40	1
41	41	-1
42	42	-1
43	43	-1
44	44	-3
45	45	3
46	46	-1
47	47	-3
48	48	-1
49	49	-1
50	50	1
51	51	1
52	52	1
53	53	1
54	54	3
55	55	1
56	56	3
57	57	3
58	58	-1
59	59	1
60	60	-3
61	61	3
62	62	-1
63	63	1
64	64	-1
65	65	-1
66	66	-1
67	67	1
68	68	-1
69	69	1
70	70	1
71	71	1
72	72	3
73	73	-1
74	74	1
75	75	-1
76	76	3
77	77	-1
78	78	-1
79	79	-3
80	80	1
81	81	-3
82	82	1
83	83	1
84	84	-1
85	85	-1
86	86	1
87	87	-1
88	88	-1
89	89	-3
90	90	1
91	91	-1
92	92	-1
93	93	1
94	94	1
95	95	1
96	96	-1
97	97	-1
98	98	1
99	99	1
100	100	1
101	101	-1
102	102	3
103	103	1
104	104	-1
105	105	1
106	106	3
107	107	3
108	108	1
109	109	1
110	110	-1
111	111	1
112	112	1
113	113	1
114	114	-1
115	115	-1
116	116	3
117	117	3
118	118	3
119	119	-1
120	120	-1
121	121	1
122	122	1
123	123	-1
124	124	1
125	125	1
126	126	-1
127	127	-1
128	128	-1
129	129	-1
130	130	1
131	131	-3
132	132	3
133	133	-1
134	134	-1
135	135	1
136	136	1
137	137	-1
138	138	-1
139	139	-1
140	140	1
141	141	-1
142	142	1
143	143	1
144	144	-1
145	145	-3
146	146	1
147	147	1
148	148	-1
149	149	3
150	150	-1
151	151	3
152	152	-3
153	153	1
154	154	-1
155	155	1
156	156	-1
157	157	1
158	158	1
159	159	1
160	160	1
161	161	2
162	162	2
163	163	-2
164	164	2
165	165	-2
166	166	-2
167	167	-2
168	168	-2
169	169	2
170	170	-2
171	171	-2
172	172	-2
173	173	-2
174	174	-2
175	175	2
176	176	2
177	177	2
178	178	2
179	179	2
180	180	2
181	181	-2
182	182	2
183	183	-2
184	184	2
185	185	-2
186	186	-2
187	187	2
188	188	-2
189	189	2
190	190	-2
191	191	2
192	192	-2
193	193	-2
194	194	-2
195	195	2
196	196	2
197	197	2
198	198	-2
199	199	-2
200	200	-2
201	201	2
202	202	-2
203	203	-2
204	204	-2
205	205	2
206	206	-2
207	207	2
208	208	2
209	209	-2
210	210	-2
211	211	2
212	212	-2
213	213	-2
214	214	-2
215	215	-2
216	216	2
217	217	-2
218	218	2
219	219	-2
220	220	-2
221	221	2
222	222	-2
223	223	-2
224	224	-2
225	225	2
226	226	-2
227	227	-2
228	228	2
229	229	-2
230	230	2
231	231	2
232	232	-2
233	233	-2
234	234	2
235	235	-2
236	236	-2
237	237	2
238	238	2
239	239	2
240	240	-2
241	241	2
242	242	-2
243	243	-2
244	244	-2
245	245	2
246	246	2
247	247	2
248	248	2
249	249	-2
250	250	2
251	251	2
252	252	-2
253	253	2
254	254	2
255	255	-2
256	256	2
257	257	2
258	258	2
259	259	-2
260	260	2
261	261	2
262	262	-2
263	263	-2
264	264	-2
265	265	2
266	266	2
267	267	2
268	268	2
269	269	-2
270	270	-2
271	271	2
272	272	2
273	273	-2
274	274	-2
275	275	-2
276	276	-2
277	277	-2
278	278	-2
279	279	2
280	280	2
281	281	-2
282	282	-2
283	283	-2
284	284	2
285	285	2
286	286	2
287	287	2
288	288	-2
289	289	2
290	290	2
291	291	-2
292	292	2
293	293	2
294	294	2
295	295	-2
296	296	-2
297	297	2
298	298	-2
299	299	-2
300	300	2
301	301	2
302	302	2
303	303	2
304	304	-2
305	305	2
306	306	-2
307	307	-2
308	308	2
309	309	2
310	310	2
311	311	-2
312	312	-2
313	313	-2
314	314	-2
315	315	2
316	316	2
317	317	2
318	318	2
319	319	-2
320	320	2
1	18	1
1	45	1
1	49	1
1	61	1
1	109	1
1	148	1
1	219	-2
1	256	2
1	309	-2
2	47	1
2	65	1
2	66	1
2	115	1
2	135	1
2	151	1
2	173	2
2	193	-2
2	248	-2
3	24	1
3	45	1
3	54	1
3	69	1
3	113	1
3	142	1
3	265	2
3	277	-2
3	307	2
4	14	2
4	19	1
4	127	1
4	144	1
4	160	1
4	202	2
4	209	2
4	310	-2
5	23	1
5	33	1
5	36	1
5	40	1
5	87	1
5	116	1
5	238	2
5	272	2
5	311	2
6	38	1
6	51	1
6	61	1
6	132	1
6	134	1
6	150	1
6	196	2
6	244	-2
6	247	2
7	65	1
7	76	1
7	101	1
7	107	1
7	155	1
7	159	1
7	192	2
7	302	2
7	308	2
8	13	1
8	26	1
8	71	1
8	102	1
8	113	1
8	143	1
8	162	-2
8	166	-2
8	271	2
9	29	1
9	38	1
9	43	1
9	67	1
9	83	1
9	147	1
9	206	-2
9	228	2
9	282	-2
10	64	1
10	65	1
10	75	1
10	87	1
10	133	1
10	141	1
10	234	-2
10	291	2
10	300	-2
11	23	1
11	25	1
11	60	1
11	76	1
11	86	1
11	159	1
11	216	-2
11	237	2
11	296	-2
12	26	1
12	34	1
12	68	1
12	100	1
12	108	1
12	111	1
12	267	-2
12	283	2
12	292	2
13	22	1
13	27	1
13	93	1
13	140	1
13	143	1
13	162	-2
13	286	2
13	288	-2
14	28	1
14	63	1
14	127	1
14	144	1
14	202	2
14	209	2
14	314	-2
15	21	1
15	34	1
15	46	1
15	110	1
15	119	1
15	156	1
15	191	2
15	198	2
15	204	2
16	24	1
16	91	1
16	95	1
16	120	1
16	139	1
16	143	1
16	185	2
16	243	2
16	319	-2
17	58	1
17	73	1
17	77	1
17	85	1
17	93	1
17	96	1
17	186	2
17	259	2
17	293	-2
18	30	1
18	31	1
18	66	1
18	90	1
18	148	1
18	183	2
18	304	-2
18	309	-2
19	90	1
19	115	1
19	124	1
19	153	1
19	160	1
19	215	-2
19	266	2
19	310	-2
20	53	1
20	119	1
20	131	1
20	134	1
20	147	1
20	151	1
20	178	-2
20	182	2
20	305	2
21	124	1
21	126	1
21	139	1
21	147	1
21	156	1
21	191	2
21	197	-2
21	241	-2
22	54	1
22	112	1
22	140	1
22	146	1
22	149	1
22	180	2
22	189	2
22	286	2
23	36	1
23	42	1
23	60	1
23	138	1
23	216	-2
23	238	2
23	250	-2
24	42	1
24	49	1
24	91	1
24	142	1
24	227	2
24	243	2
24	265	2
25	36	1
25	76	2
25	93	1
25	144	1
25	237	2
25	239	2
25	317	2
26	71	1
26	111	1
26	116	1
26	148	1
26	260	2
26	267	-2
26	271	2
27	31	1
27	52	2
27	93	1
27	125	1
27	257	-2
27	288	-2
27	318	2
28	43	1
28	50	1
28	63	1
28	84	1
28	92	1
28	169	-2
28	287	-2
28	314	-2
29	38	1
29	41	1
29	78	1
29	139	1
29	155	1
29	164	-2
29	176	2
29	282	-2
30	31	1
30	63	1
30	66	1
30	142	1
30	154	1
30	295	2
30	298	2
30	304	-2
31	52	1
31	90	1
31	142	1
31	183	2
31	257	-2
31	298	2
32	33	1
32	37	1
32	68	1
32	117	1
32	125	1
32	136	1
32	221	2
32	224	-2
32	313	2
33	40	1
33	59	1
33	72	1
33	125	1
33	225	2
33	311	2
33	313	2
34	68	1
34	119	1
34	123	1
34	152	1
34	204	2
34	283	2
34	316	-2
35	38	1
35	64	1
35	71	1
35	89	1
35	108	1
35	160	1
35	175	2
35	217	2
35	252	2
36	63	1
36	144	1
36	151	1
36	238	2
36	262	-2
36	317	2
37	79	1
37	80	1
37	114	1
37	117	1
37	135	1
37	208	2
37	221	2
37	245	-2
38	108	1
38	134	1
38	217	2
38	247	2
38	282	-2
39	67	1
39	95	1
39	104	1
39	123	1
39	136	1
39	156	1
39	163	-2
39	246	-2
39	297	-2
40	64	1
40	111	1
40	114	1
40	117	1
40	161	2
40	254	2
40	311	2
41	46	1
41	78	1
41	91	1
41	107	1
41	133	1
41	164	-2
41	184	-2
41	220	-2
42	45	1
42	49	1
42	57	1
42	138	1
42	172	-2
42	227	2
42	250	-2
43	50	1
43	67	1
43	119	1
43	128	1
43	228	2
43	269	2
43	287	-2
44	47	1
44	49	1
44	103	1
44	144	1
44	145	1
44	146	1
44	167	2
44	230	-2
44	294	-2
45	49	1
45	54	1
45	57	1
45	172	-2
45	256	2
45	277	-2
46	91	1
46	110	1
46	118	1
46	142	1
46	184	-2
46	198	2
46	268	2
47	103	1
47	115	1
47	122	1
47	148	1
47	173	2
47	230	-2
47	312	2
48	55	2
48	69	1
48	82	1
48	145	1
48	156	1
48	170	2
48	233	-2
48	235	2
49	145	1
49	227	2
49	256	2
49	294	-2
50	56	1
50	99	1
50	103	1
50	157	1
50	207	2
50	240	-2
50	287	-2
51	57	1
51	86	1
51	104	1
51	132	1
51	145	1
51	181	2
51	196	2
51	301	2
52	75	1
52	125	1
52	155	1
52	257	-2
52	315	2
52	318	2
53	55	1
53	124	1
53	150	1
53	151	1
53	154	1
53	226	-2
53	278	2
53	305	2
54	121	1
54	130	1
54	146	1
54	168	-2
54	189	2
54	277	-2
55	69	1
55	82	1
55	124	1
55	226	-2
55	233	-2
55	235	2
56	59	1
56	72	1
56	103	1
56	129	1
56	158	1
56	190	-2
56	207	2
56	284	2
57	86	1
57	113	1
57	137	1
57	172	-2
57	210	-2
57	301	2
58	59	1
58	70	1
58	73	1
58	141	1
58	152	1
58	186	2
58	213	2
58	222	-2
59	72	2
59	152	1
59	213	2
59	225	2
59	284	2
60	88	1
60	127	1
60	136	1
60	137	1
60	216	-2
60	251	-2
60	264	2
61	83	1
61	109	1
61	150	1
61	153	1
61	219	-2
61	232	-2
61	244	-2
62	80	1
62	92	1
62	94	1
62	131	1
62	152	1
62	153	1
62	195	-2
62	199	-2
62	306	2
63	151	1
63	154	1
63	262	-2
63	295	2
63	314	-2
64	65	1
64	89	1
64	114	1
64	161	2
64	252	2
64	300	-2
65	66	1
65	101	1
65	248	-2
65	300	-2
65	308	2
66	81	1
66	100	1
66	248	-2
66	290	-2
66	304	-2
67	72	1
67	94	1
67	123	1
67	174	-2
67	228	2
67	297	-2
68	74	1
68	94	1
68	136	1
68	212	2
68	224	-2
68	283	2
69	102	1
69	108	1
69	113	1
69	233	-2
69	263	-2
69	307	2
70	78	1
70	98	1
70	109	1
70	132	1
70	141	1
70	222	-2
70	253	-2
70	275	-2
71	84	1
71	105	1
71	160	1
71	175	2
71	258	-2
71	271	2
72	94	1
72	174	-2
72	225	2
72	284	2
73	97	1
73	99	1
73	110	1
73	127	1
73	186	2
73	276	-2
73	279	-2
74	94	1
74	95	1
74	107	1
74	116	1
74	158	1
74	194	-2
74	212	2
74	303	2
75	87	1
75	115	1
75	131	1
75	155	1
75	187	-2
75	234	-2
75	315	2
76	93	1
76	107	1
76	237	2
76	239	2
76	302	2
77	81	1
77	85	1
77	106	1
77	126	1
77	128	1
77	179	-2
77	218	2
77	293	-2
78	109	1
78	125	1
78	130	1
78	164	-2
78	203	-2
78	253	-2
79	110	1
79	114	1
79	120	1
79	129	1
79	133	1
79	223	2
79	245	-2
79	261	-2
80	106	1
80	121	1
80	135	1
80	152	1
80	171	-2
80	208	2
80	306	2
81	97	1
81	100	1
81	126	1
81	157	1
81	179	-2
81	188	2
81	290	-2
82	84	1
82	122	1
82	146	1
82	149	1
82	235	2
82	280	2
82	289	2
83	88	1
83	130	1
83	147	1
83	153	1
83	206	-2
83	232	-2
83	255	2
84	92	1
84	105	1
84	146	1
84	169	-2
84	258	-2
84	280	2
85	89	1
85	143	1
85	149	1
85	158	1
85	205	2
85	242	2
85	293	-2
86	98	1
86	141	1
86	159	1
86	270	2
86	296	-2
86	301	2
87	101	1
87	116	1
87	140	1
87	211	-2
87	234	-2
87	272	2
88	103	1
88	105	1
88	130	1
88	136	1
88	249	-2
88	255	2
88	264	2
89	121	1
89	129	1
89	158	1
89	214	2
89	242	2
89	252	2
90	111	1
90	153	1
90	157	1
90	183	2
90	266	2
90	320	2
91	97	1
91	117	1
91	184	-2
91	243	2
91	273	-2
92	94	1
92	96	1
92	150	1
92	169	-2
92	199	-2
92	274	2
93	96	1
93	239	2
93	259	2
93	288	-2
94	174	-2
94	199	-2
94	212	2
95	136	1
95	139	1
95	158	1
95	163	-2
95	185	2
95	303	2
96	105	1
96	140	1
96	150	1
96	201	2
96	259	2
96	274	2
97	99	1
97	117	1
97	157	1
97	188	2
97	273	-2
97	279	-2
98	99	1
98	132	1
98	138	1
98	141	1
98	236	-2
98	270	2
98	275	-2
99	138	1
99	157	1
99	236	-2
99	240	-2
99	279	-2
100	108	1
100	112	1
100	118	1
100	165	-2
100	290	-2
100	292	2
101	128	1
101	138	1
101	140	1
101	211	-2
101	229	2
101	308	2
102	106	1
102	108	1
102	113	1
102	123	1
102	166	-2
102	263	-2
102	285	2
103	105	1
103	207	2
103	230	-2
103	249	-2
104	145	1
104	156	1
104	159	1
104	160	1
104	181	2
104	231	2
104	246	-2
105	140	1
105	201	2
105	249	-2
105	258	-2
106	121	1
106	123	1
106	128	1
106	171	-2
106	218	2
106	285	2
107	116	1
107	133	1
107	194	-2
107	220	-2
107	302	2
108	217	2
108	263	-2
108	292	2
109	118	1
109	132	1
109	200	-2
109	219	-2
109	253	-2
110	127	1
110	129	1
110	198	2
110	223	2
110	276	-2
111	117	1
111	157	1
111	254	2
111	267	-2
111	320	2
112	118	1
112	120	1
112	134	1
112	149	1
112	165	-2
112	180	2
112	281	2
113	137	1
113	166	-2
113	210	-2
113	307	2
114	135	1
114	137	1
114	161	2
114	177	-2
114	245	-2
115	124	1
115	131	1
115	173	2
115	187	-2
115	215	-2
116	148	1
116	194	-2
116	260	2
116	272	2
117	221	2
117	254	2
117	273	-2
118	132	1
118	142	1
118	165	-2
118	200	-2
118	268	2
119	128	1
119	147	1
119	182	2
119	204	2
119	269	2
120	133	1
120	134	1
120	143	1
120	261	-2
120	281	2
120	319	-2
121	129	1
121	130	1
121	168	-2
121	171	-2
121	214	2
122	126	1
122	148	1
122	149	1
122	154	1
122	289	2
122	299	-2
122	312	2
123	152	1
123	285	2
123	297	-2
123	316	-2
124	139	1
124	215	-2
124	226	-2
124	241	-2
125	130	1
125	203	-2
125	313	2
125	318	2
126	147	1
126	154	1
126	179	-2
126	197	-2
126	299	-2
127	137	1
127	209	2
127	251	-2
127	276	-2
128	138	1
128	218	2
128	229	2
128	269	2
129	158	1
129	190	-2
129	214	2
129	223	2
130	168	-2
130	203	-2
130	255	2
131	134	1
131	153	1
131	178	-2
131	187	-2
131	195	-2
132	196	2
132	200	-2
132	275	-2
133	141	1
133	220	-2
133	261	-2
133	291	2
134	178	-2
134	247	2
134	281	2
135	137	1
135	151	1
135	177	-2
135	193	-2
135	208	2
136	163	-2
136	224	-2
136	264	2
137	177	-2
137	210	-2
137	251	-2
138	229	2
138	236	-2
138	250	-2
139	155	1
139	176	2
139	185	2
139	241	-2
140	201	2
140	211	-2
140	286	2
141	222	-2
141	270	2
141	291	2
142	265	2
142	268	2
142	298	2
143	149	1
143	162	-2
143	205	2
143	319	-2
144	146	1
144	167	2
144	202	2
144	317	2
145	156	1
145	170	2
145	181	2
145	294	-2
146	167	2
146	189	2
146	280	2
147	182	2
147	197	-2
147	206	-2
148	260	2
148	309	-2
148	312	2
149	180	2
149	205	2
149	289	2
150	154	1
150	244	-2
150	274	2
150	278	2
151	193	-2
151	262	-2
151	305	2
152	213	2
152	306	2
152	316	-2
153	195	-2
153	232	-2
153	266	2
154	278	2
154	295	2
154	299	-2
155	159	1
155	176	2
155	192	2
155	315	2
156	170	2
156	191	2
156	246	-2
157	188	2
157	240	-2
157	320	2
158	190	-2
158	242	2
158	303	2
159	160	1
159	192	2
159	231	2
159	296	-2
160	175	2
160	231	2
160	310	-2
