1	1	1
2	2	1
3	3	1
4	4	1
5	5	-1
6	6	1
7	7	-3
8	8	-1
9	9	3
10	10	-3
11	11	1
12	12	-1
13	13	-1
14	14	-3
15	15	1
16	16	1
17	17	1
18	18	-1
19	19	-1
20	20	-1
21	21	1
22	22	1
23	23	1
24	24	1
25	25	1
26	26	3
27	27	-3
28	28	-1
29	29	1
30	30	-1
31	31	-1
32	32	3
33	33	1
34	34	-3
35	35	1
36	36	-1
37	37	-1
38	38	-3
39	39	1
40	40	-3
41	41	1
42	42	-1
43	43	3
44	44	-1
45	45	-3
46	46	1
47	47	-1
48	48	3
49	49	1
50	50	-1
51	51	3
52	52	1
53	53	-1
54	54	-3
55	55	-1
56	56	-1
57	57	-1
58	58	-1
59	59	-1
60	60	1
61	61	3
62	62	1
63	63	1
64	64	1
65	65	1
66	66	3
67	67	-3
68	68	-1
69	69	-1
70	70	-1
71	71	-1
72	72	-1
73	73	1
74	74	1
75	75	1
76	76	-1
77	77	-3
78	78	-1
79	79	1
80	80	1
81	81	1
82	82	-3
83	83	1
84	84	1
85	85	1
86	86	3
87	87	1
88	88	-1
89	89	3
90	90	-1
91	91	1
92	92	-1
93	93	-1
94	94	-3
95	95	1
96	96	1
97	97	1
98	98	-1
99	99	-1
100	100	-1
101	101	1
102	102	-1
103	103	1
104	104	-3
105	105	-1
106	106	3
107	107	3
108	108	-1
109	109	-1
110	110	-1
111	111	1
112	112	3
113	113	1
114	114	-1
115	115	-1
116	116	1
117	117	-1
118	118	-1
119	119	1
120	120	1
121	121	1
122	122	-3
123	123	-1
124	124	3
125	125	1
126	126	1
127	127	3
128	128	1
129	129	1
130	130	1
131	131	1
132	132	-1
133	133	3
134	134	-1
135	135	-3
136	136	1
137	137	-3
138	138	-1
139	139	-1
140	140	-1
141	141	-1
142	142	1
143	143	3
144	144	1
145	145	2
146	146	2
147	147	-2
148	148	2
149	149	-2
150	150	2
151	151	-2
152	152	-2
153	153	-2
154	154	2
155	155	2
156	156	2
157	157	-2
158	158	-2
159	159	2
160	160	-2
161	161	-2
162	162	-2
163	163	-2
164	164	-2
165	165	2
166	166	-2
167	167	2
168	168	-2
169	169	-2
170	170	-2
171	171	-2
172	172	-2
173	173	-2
174	174	2
175	175	-2
176	176	-2
177	177	-2
178	178	-2
179	179	-2
180	180	-2
181	181	-2
182	182	2
183	183	2
184	184	-2
185	185	2
186	186	-2
187	187	2
188	188	-2
189	189	2
190	190	-2
191	191	-2
192	192	-2
193	193	-2
194	194	2
195	195	-2
196	196	-2
197	197	2
198	198	2
199	199	2
200	200	2
201	201	-2
202	202	2
203	203	2
204	204	-2
205	205	-2
206	206	-2
207	207	-2
208	208	2
209	209	2
210	210	2
211	211	-2
212	212	-2
213	213	-2
214	214	-2
215	215	-2
216	216	-2
217	217	-2
218	218	-2
219	219	2
220	220	2
221	221	2
222	222	2
223	223	-2
224	224	2
225	225	-2
226	226	2
227	227	-2
228	228	-2
229	229	2
230	230	2
231	231	2
232	232	-2
233	233	2
234	234	-2
235	235	-2
236	236	2
237	237	-2
238	238	2
239	239	2
240	240	2
241	241	2
242	242	2
243	243	2
244	244	-2
245	245	-2
246	246	-2
247	247	-2
248	248	2
249	249	2
250	250	-2
251	251	-2
252	252	2
253	253	2
254	254	-2
255	255	-2
256	256	2
257	257	-2
258	258	-2
259	259	2
260	260	-2
261	261	2
262	262	-2
263	263	2
264	264	-2
265	265	2
266	266	2
267	267	2
268	268	-2
269	269	2
270	270	2
271	271	2
272	272	2
273	273	-2
274	274	2
275	275	2
276	276	-2
277	277	-2
278	278	-2
279	279	-2
280	280	-2
281	281	2
282	282	-2
283	283	-2
284	284	-2
285	285	-2
286	286	-2
287	287	2
288	288	-2
1	5	1
1	20	1
1	23	1
1	28	1
1	52	1
1	60	1
1	182	2
1	199	-2
1	252	2
2	40	1
2	51	1
2	61	1
2	83	1
2	113	1
2	138	1
2	209	2
2	217	-2
2	254	2
3	30	1
3	46	1
3	58	1
3	76	1
3	81	1
3	86	1
3	170	2
3	211	-2
3	261	2
4	18	1
4	49	1
4	51	1
4	53	1
4	66	1
4	74	1
4	146	-2
4	176	-2
4	201	-2
5	20	1
5	42	1
5	44	1
5	57	1
5	61	1
5	161	-2
5	199	-2
5	274	-2
6	62	1
6	65	1
6	72	1
6	124	1
6	130	2
6	223	-2
6	285	-2
6	286	2
7	12	1
7	36	1
7	85	1
7	136	1
7	137	1
7	141	1
7	206	2
7	213	2
7	258	2
8	50	1
8	88	1
8	93	1
8	105	1
8	123	1
8	129	1
8	193	2
8	278	-2
8	281	-2
9	46	1
9	55	1
9	62	1
9	71	1
9	107	1
9	111	1
9	227	-2
9	231	2
9	277	-2
10	92	1
10	97	1
10	104	1
10	109	1
10	129	1
10	137	1
10	150	-2
10	248	-2
10	276	2
11	17	1
11	38	1
11	47	1
11	87	1
11	109	1
11	125	1
11	203	-2
11	225	-2
11	234	-2
12	20	1
12	34	1
12	59	1
12	128	1
12	136	1
12	148	2
12	178	2
12	258	2
13	19	1
13	44	1
13	60	1
13	101	1
13	112	1
13	132	1
13	162	2
13	163	-2
13	219	-2
14	68	1
14	71	1
14	73	1
14	75	1
14	79	1
14	92	1
14	149	2
14	272	-2
14	280	2
15	22	1
15	44	1
15	99	1
15	113	1
15	117	1
15	138	1
15	189	-2
15	214	-2
15	249	2
16	30	1
16	50	1
16	52	1
16	96	1
16	119	1
16	142	1
16	153	-2
16	185	2
16	255	2
17	33	1
17	37	1
17	48	1
17	87	1
17	122	1
17	188	-2
17	225	-2
17	253	-2
18	53	1
18	56	1
18	83	1
18	90	1
18	118	1
18	146	-2
18	192	2
18	205	-2
19	48	1
19	60	1
19	104	1
19	112	1
19	123	1
19	162	2
19	194	-2
19	207	-2
20	94	1
20	104	1
20	128	1
20	148	2
20	199	-2
20	271	-2
21	64	1
21	65	1
21	71	1
21	88	1
21	110	1
21	124	1
21	145	2
21	174	2
21	256	-2
22	28	1
22	35	1
22	96	1
22	99	1
22	100	1
22	230	2
22	238	-2
22	249	2
23	36	1
23	60	1
23	94	1
23	112	1
23	139	1
23	169	2
23	182	2
23	250	-2
24	66	1
24	84	1
24	98	1
24	103	1
24	121	2
24	175	-2
24	191	-2
24	288	2
25	29	1
25	57	1
25	70	1
25	80	1
25	114	1
25	126	1
25	157	-2
25	222	2
25	243	-2
26	31	1
26	86	1
26	95	1
26	96	1
26	120	1
26	125	1
26	156	2
26	232	-2
26	242	2
27	45	1
27	54	1
27	70	1
27	87	1
27	118	1
27	139	1
27	183	-2
27	226	-2
27	260	2
28	35	1
28	52	1
28	94	1
28	100	1
28	186	2
28	238	-2
28	252	2
29	77	1
29	80	1
29	95	1
29	106	1
29	126	1
29	157	-2
29	168	-2
29	220	-2
30	48	1
30	58	1
30	96	1
30	116	1
30	170	2
30	255	2
30	275	2
31	65	1
31	69	1
31	84	1
31	99	1
31	125	1
31	177	2
31	204	2
31	242	2
32	39	1
32	87	1
32	90	1
32	108	1
32	118	1
32	127	1
32	172	-2
32	215	-2
32	267	2
33	48	1
33	73	1
33	82	1
33	84	1
33	102	1
33	147	2
33	188	-2
33	228	-2
34	59	2
34	93	1
34	135	1
34	137	1
34	166	2
34	178	2
34	216	2
35	102	1
35	128	1
35	140	1
35	142	1
35	155	2
35	238	-2
35	245	-2
36	62	1
36	64	1
36	85	1
36	112	1
36	206	2
36	250	-2
36	282	2
37	55	1
37	69	1
37	86	1
37	90	1
37	122	1
37	159	-2
37	253	-2
37	257	-2
38	46	1
38	98	1
38	105	1
38	116	1
38	125	1
38	190	2
38	203	-2
38	218	2
39	55	1
39	63	1
39	73	1
39	87	1
39	107	1
39	172	-2
39	196	-2
39	224	-2
40	49	1
40	54	1
40	82	1
40	108	1
40	113	1
40	197	-2
40	254	2
40	268	2
41	45	1
41	89	1
41	92	1
41	101	1
41	131	1
41	141	1
41	181	-2
41	251	2
41	279	-2
42	44	1
42	74	1
42	76	1
42	89	1
42	131	1
42	237	2
42	274	-2
42	283	-2
43	79	1
43	97	1
43	121	1
43	134	1
43	136	1
43	144	1
43	198	2
43	241	2
43	263	2
44	112	1
44	138	1
44	163	-2
44	189	-2
44	274	-2
45	67	1
45	91	1
45	139	1
45	141	1
45	212	2
45	226	-2
45	251	2
46	55	1
46	86	1
46	116	1
46	211	-2
46	218	2
46	231	2
47	52	1
47	53	1
47	77	1
47	109	1
47	120	1
47	151	2
47	234	-2
47	284	2
48	112	1
48	116	1
48	188	-2
48	207	-2
48	275	2
49	51	1
49	108	1
49	132	1
49	143	1
49	176	-2
49	197	-2
49	265	2
50	52	1
50	103	1
50	123	1
50	144	1
50	153	-2
50	158	2
50	281	-2
51	61	1
51	63	1
51	98	1
51	176	-2
51	210	2
51	217	-2
52	77	1
52	153	-2
52	252	2
52	284	2
53	85	1
53	91	1
53	120	1
53	146	-2
53	151	2
53	269	2
54	82	1
54	118	1
54	119	1
54	140	1
54	183	-2
54	235	2
54	268	2
55	63	1
55	90	1
55	159	-2
55	224	-2
55	231	2
56	67	1
56	69	1
56	83	1
56	99	1
56	128	1
56	179	2
56	205	-2
56	247	2
57	61	1
57	67	1
57	77	1
57	114	1
57	161	-2
57	243	-2
57	262	2
58	68	1
58	106	1
58	111	1
58	134	1
58	170	2
58	229	2
58	259	-2
59	106	1
59	123	1
59	137	1
59	165	2
59	178	2
59	216	2
60	91	1
60	144	1
60	162	2
60	182	2
60	246	-2
61	79	1
61	127	1
61	161	-2
61	171	-2
61	217	-2
62	64	1
62	65	1
62	107	1
62	277	-2
62	282	2
62	285	-2
63	98	1
63	101	1
63	113	1
63	210	2
63	221	2
63	224	-2
64	65	1
64	75	1
64	81	1
64	174	2
64	266	2
64	282	2
65	69	1
65	174	2
65	177	2
65	285	-2
66	74	1
66	97	1
66	103	1
66	126	1
66	175	-2
66	201	-2
66	239	2
67	77	1
67	91	1
67	99	1
67	179	2
67	212	2
67	262	2
68	73	1
68	78	1
68	127	1
68	134	1
68	259	-2
68	272	-2
68	273	-2
69	86	1
69	128	1
69	177	2
69	247	2
69	257	-2
70	78	1
70	87	1
70	115	1
70	126	1
70	222	2
70	260	2
70	270	-2
71	75	1
71	110	1
71	111	1
71	227	-2
71	256	-2
71	280	2
72	88	1
72	114	1
72	116	1
72	117	1
72	130	1
72	233	-2
72	286	2
72	287	2
73	84	1
73	107	1
73	196	-2
73	228	-2
73	272	-2
74	76	1
74	130	1
74	133	1
74	167	2
74	201	-2
74	237	2
75	81	1
75	107	1
75	133	1
75	187	2
75	266	2
75	280	2
76	81	1
76	83	1
76	114	1
76	208	-2
76	237	2
76	261	2
77	126	1
77	220	-2
77	262	2
77	284	2
78	110	1
78	111	1
78	115	1
78	127	1
78	154	-2
78	270	-2
78	273	-2
79	92	1
79	97	1
79	127	1
79	149	2
79	171	-2
79	263	2
80	95	1
80	125	1
80	129	1
80	132	1
80	157	-2
80	202	2
80	244	2
81	117	1
81	138	1
81	160	2
81	261	2
81	266	2
82	102	1
82	131	1
82	134	1
82	147	2
82	236	-2
82	268	2
83	114	1
83	138	1
83	205	-2
83	208	-2
83	209	2
84	99	1
84	121	1
84	191	-2
84	204	2
84	228	-2
85	91	1
85	141	1
85	143	1
85	184	-2
85	206	2
85	269	2
86	120	1
86	211	-2
86	232	-2
86	257	-2
87	172	-2
87	225	-2
87	260	2
88	105	1
88	117	1
88	124	1
88	145	2
88	193	2
88	233	-2
89	101	1
89	124	1
89	131	1
89	143	1
89	152	-2
89	181	-2
89	283	-2
90	118	1
90	127	1
90	159	-2
90	192	2
90	215	-2
91	144	1
91	212	2
91	246	-2
91	269	2
92	129	1
92	131	1
92	149	2
92	276	2
92	279	-2
93	109	1
93	115	1
93	129	1
93	135	1
93	166	2
93	264	2
93	278	-2
94	100	1
94	104	1
94	139	1
94	169	2
94	186	2
94	271	-2
95	96	1
95	106	1
95	132	1
95	156	2
95	168	-2
95	244	2
96	100	1
96	156	2
96	230	2
96	255	2
97	109	1
97	126	1
97	150	-2
97	239	2
97	263	2
98	105	1
98	121	1
98	190	2
98	210	2
98	288	2
99	179	2
99	204	2
99	249	2
100	122	1
100	135	1
100	186	2
100	200	-2
100	230	2
101	113	1
101	132	1
101	181	-2
101	219	-2
101	221	2
102	135	1
102	142	2
102	147	2
102	155	2
102	164	2
103	105	1
103	136	1
103	144	1
103	158	2
103	173	-2
103	175	-2
104	123	1
104	137	1
104	194	-2
104	248	-2
104	271	-2
105	136	1
105	173	-2
105	190	2
105	193	2
106	111	1
106	123	1
106	165	2
106	168	-2
106	229	2
107	133	1
107	187	2
107	196	-2
107	277	-2
108	118	1
108	122	1
108	140	1
108	195	2
108	197	-2
108	267	2
109	115	1
109	150	-2
109	234	-2
109	264	2
110	111	1
110	115	1
110	119	1
110	154	-2
110	180	-2
110	256	-2
111	154	-2
111	227	-2
111	229	2
112	163	-2
112	207	-2
112	250	-2
113	117	1
113	214	-2
113	221	2
113	254	2
114	116	1
114	208	-2
114	243	-2
114	287	2
115	119	1
115	180	-2
115	264	2
115	270	-2
116	218	2
116	275	2
116	287	2
117	138	1
117	160	2
117	214	-2
117	233	-2
118	183	-2
118	192	2
118	267	2
119	140	1
119	142	1
119	180	-2
119	185	2
119	235	2
120	133	1
120	139	1
120	151	2
120	232	-2
120	240	2
121	134	1
121	191	-2
121	198	2
121	288	2
122	135	1
122	140	1
122	195	2
122	200	-2
122	253	-2
123	165	2
123	194	-2
123	281	-2
124	130	1
124	143	1
124	145	2
124	152	-2
124	223	-2
125	129	1
125	202	2
125	203	-2
125	242	2
126	220	-2
126	222	2
126	239	2
127	171	-2
127	215	-2
127	273	-2
128	140	1
128	148	2
128	245	-2
128	247	2
129	202	2
129	276	2
129	278	-2
130	133	1
130	167	2
130	223	-2
130	286	2
131	134	1
131	236	-2
131	279	-2
131	283	-2
132	143	1
132	219	-2
132	244	2
132	265	2
133	139	1
133	167	2
133	187	2
133	240	2
134	198	2
134	236	-2
134	259	-2
135	142	1
135	164	2
135	166	2
135	200	-2
136	144	1
136	173	-2
136	241	2
136	258	2
137	141	1
137	213	2
137	216	2
137	248	-2
138	160	2
138	189	-2
138	209	2
139	169	2
139	226	-2
139	240	2
140	195	2
140	235	2
140	245	-2
141	143	1
141	184	-2
141	213	2
141	251	2
142	155	2
142	164	2
142	185	2
143	152	-2
143	184	-2
143	265	2
144	158	2
144	241	2
144	246	-2
