1	1	1
2	2	-1
3	3	1
4	4	1
5	5	-1
6	6	1
7	7	1
8	8	-3
9	9	1
10	10	1
11	11	-1
12	12	-1
13	13	3
14	14	3
15	15	3
16	16	-1
17	17	3
18	18	-1
19	19	-3
20	20	1
21	21	-1
22	22	-1
23	23	-1
24	24	-1
25	25	1
26	26	1
27	27	3
28	28	-1
29	29	1
30	30	1
31	31	1
32	32	1
33	33	1
34	34	-1
35	35	1
36	36	3
37	37	3
38	38	1
39	39	1
40	40	1
41	41	-3
42	42	-1
43	43	3
44	44	3
45	45	-1
46	46	-1
47	47	1
48	48	1
49	49	-3
50	50	-3
51	51	1
52	52	-1
53	53	1
54	54	1
55	55	-3
56	56	-3
57	57	3
58	58	1
59	59	-3
60	60	3
61	61	-1
62	62	3
63	63	1
64	64	1
65	65	-1
66	66	1
67	67	-3
68	68	1
69	69	-1
70	70	3
71	71	-1
72	72	1
73	73	-1
74	74	1
75	75	-1
76	76	3
77	77	-1
78	78	3
79	79	1
80	80	-1
81	81	1
82	82	3
83	83	1
84	84	-3
85	85	-1
86	86	-1
87	87	1
88	88	-3
89	89	-1
90	90	3
91	91	-1
92	92	-1
93	93	-1
94	94	1
95	95	-3
96	96	1
97	97	3
98	98	-1
99	99	-1
100	100	1
101	101	-1
102	102	1
103	103	-1
104	104	-1
105	105	-1
106	106	-1
107	107	1
108	108	1
109	109	1
110	110	-1
111	111	-3
112	112	-3
113	113	-1
114	114	1
115	115	-3
116	116	-3
117	117	1
118	118	-1
119	119	-1
120	120	1
121	121	1
122	122	1
123	123	-1
124	124	3
125	125	1
126	126	1
127	127	-1
128	128	1
129	129	-1
130	130	1
131	131	-1
132	132	-3
133	133	1
134	134	1
135	135	-1
136	136	-1
137	137	2
138	138	-2
139	139	-2
140	140	2
141	141	-2
142	142	-2
143	143	2
144	144	-2
145	145	-2
146	146	-2
147	147	-2
148	148	-2
149	149	2
150	150	-2
151	151	2
152	152	-2
153	153	2
154	154	-2
155	155	2
156	156	-2
157	157	2
158	158	2
159	159	-2
160	160	2
161	161	2
162	162	-2
163	163	-2
164	164	-2
165	165	2
166	166	2
167	167	2
168	168	2
169	169	-2
170	170	2
171	171	-2
172	172	-2
173	173	-2
174	174	2
175	175	-2
176	176	-2
177	177	-2
178	178	-2
179	179	-2
180	180	-2
181	181	2
182	182	-2
183	183	2
184	184	-2
185	185	2
186	186	2
187	187	-2
188	188	-2
189	189	2
190	190	-2
191	191	2
192	192	-2
193	193	2
194	194	2
195	195	2
196	196	2
197	197	2
198	198	-2
199	199	-2
200	200	2
201	201	2
202	202	-2
203	203	-2
204	204	2
205	205	2
206	206	-2
207	207	2
208	208	2
209	209	-2
210	210	-2
211	211	2
212	212	2
213	213	2
214	214	-2
215	215	2
216	216	-2
217	217	-2
218	218	2
219	219	-2
220	220	-2
221	221	-2
222	222	2
223	223	2
224	224	-2
225	225	2
226	226	-2
227	227	-2
228	228	2
229	229	-2
230	230	2
231	231	-2
232	232	-2
233	233	2
234	234	-2
235	235	2
236	236	2
237	237	2
238	238	-2
239	239	-2
240	240	2
241	241	-2
242	242	2
243	243	2
244	244	-2
245	245	-2
246	246	-2
247	247	2
248	248	2
249	249	2
250	250	-2
251	251	2
252	252	2
253	253	2
254	254	-2
255	255	2
256	256	2
257	257	2
258	258	2
259	259	2
260	260	2
261	261	2
262	262	-2
263	263	2
264	264	-2
265	265	2
266	266	-2
267	267	-2
268	268	-2
269	269	2
270	270	-2
271	271	-2
272	272	2
1	15	1
1	59	1
1	81	1
1	96	1
1	107	1
1	130	1
1	137	2
1	216	2
1	268	-2
2	11	1
2	22	1
2	25	1
2	57	1
2	113	1
2	127	1
2	198	-2
2	203	2
2	269	-2
3	48	1
3	70	1
3	73	1
3	89	1
3	118	1
3	124	1
3	169	-2
3	194	-2
3	220	-2
4	12	1
4	29	1
4	47	1
4	91	1
4	114	1
4	128	1
4	149	2
4	191	-2
4	226	-2
5	49	1
5	94	1
5	97	1
5	107	1
5	111	1
5	119	1
5	218	-2
5	243	2
5	255	-2
6	28	1
6	62	1
6	72	1
6	75	2
6	76	1
6	143	-2
6	165	2
6	215	2
7	10	1
7	32	1
7	39	1
7	51	1
7	62	1
7	88	1
7	177	2
7	212	2
7	219	-2
8	19	1
8	21	1
8	42	1
8	65	1
8	109	1
8	131	1
8	172	2
8	236	-2
8	248	-2
9	29	1
9	100	1
9	114	2
9	125	1
9	136	1
9	161	-2
9	196	2
9	247	2
10	17	1
10	32	1
10	35	1
10	101	1
10	132	1
10	175	-2
10	212	2
10	250	2
11	29	1
11	43	1
11	71	1
11	127	1
11	129	1
11	145	-2
11	174	-2
11	203	2
12	15	1
12	55	1
12	63	1
12	83	1
12	91	1
12	183	-2
12	189	2
12	191	-2
13	68	1
13	89	1
13	90	1
13	94	1
13	121	1
13	131	1
13	200	2
13	223	2
13	237	2
14	25	1
14	31	1
14	42	1
14	97	1
14	122	1
14	134	1
14	158	2
14	206	-2
14	207	2
15	44	1
15	63	1
15	81	1
15	90	1
15	189	2
15	258	2
15	268	-2
16	23	1
16	50	1
16	67	1
16	77	1
16	101	1
16	130	1
16	142	-2
16	146	2
16	193	-2
17	30	1
17	35	1
17	109	1
17	122	1
17	128	1
17	140	2
17	166	2
17	175	-2
18	32	1
18	43	1
18	57	1
18	65	1
18	79	1
18	133	1
18	148	2
18	230	-2
18	264	-2
19	21	1
19	22	1
19	69	1
19	103	1
19	109	1
19	156	2
19	172	2
19	213	-2
20	27	1
20	37	1
20	54	1
20	64	1
20	70	1
20	113	1
20	147	2
20	202	-2
20	240	2
21	22	1
21	33	1
21	42	1
21	78	1
21	213	-2
21	228	2
21	248	-2
22	40	1
22	57	1
22	73	1
22	198	-2
22	213	-2
22	270	2
23	38	1
23	52	1
23	84	1
23	117	1
23	130	1
23	139	2
23	142	-2
23	254	2
24	53	1
24	60	1
24	61	1
24	76	1
24	92	1
24	127	1
24	141	2
24	167	2
24	181	-2
25	42	1
25	96	1
25	113	1
25	134	1
25	158	2
25	249	2
25	269	-2
26	28	1
26	56	1
26	58	1
26	87	1
26	131	1
26	133	1
26	214	-2
26	229	-2
26	241	2
27	52	1
27	54	1
27	83	1
27	97	1
27	98	1
27	186	2
27	202	-2
27	261	2
28	41	1
28	75	1
28	112	1
28	133	1
28	143	-2
28	144	2
28	229	-2
29	114	1
29	129	1
29	136	1
29	174	-2
29	226	-2
29	247	2
30	39	1
30	46	1
30	87	1
30	109	1
30	135	1
30	140	2
30	239	-2
30	257	-2
31	58	1
31	61	1
31	99	1
31	122	1
31	123	1
31	163	-2
31	206	-2
31	232	2
32	79	1
32	113	1
32	133	1
32	148	2
32	212	2
32	271	-2
33	47	1
33	69	1
33	78	1
33	106	1
33	128	1
33	195	2
33	228	2
33	234	2
34	47	1
34	58	1
34	71	1
34	86	1
34	115	1
34	133	1
34	150	-2
34	184	2
34	245	2
35	62	1
35	82	1
35	84	1
35	130	1
35	155	2
35	175	-2
35	197	-2
36	60	1
36	72	1
36	76	1
36	78	1
36	85	1
36	103	1
36	170	2
36	190	-2
36	227	-2
37	65	1
37	66	1
37	70	1
37	99	1
37	117	1
37	188	-2
37	240	2
37	265	2
38	53	1
38	83	1
38	84	1
38	108	1
38	119	1
38	185	2
38	211	2
38	254	2
39	87	1
39	88	1
39	105	1
39	108	1
39	177	2
39	222	2
39	239	-2
40	73	1
40	102	2
40	110	1
40	118	1
40	242	2
40	266	-2
40	270	2
41	51	1
41	80	1
41	106	1
41	112	1
41	119	1
41	144	2
41	231	2
41	272	-2
42	56	1
42	98	1
42	158	2
42	208	-2
42	248	-2
43	57	1
43	71	1
43	74	1
43	104	1
43	145	-2
43	253	2
43	264	-2
44	53	1
44	70	1
44	90	1
44	100	1
44	124	1
44	217	-2
44	251	2
44	258	2
45	82	1
45	87	1
45	93	1
45	110	1
45	116	1
45	121	1
45	152	2
45	205	2
45	252	-2
46	48	1
46	63	1
46	84	1
46	126	1
46	135	1
46	173	2
46	178	-2
46	257	-2
47	128	2
47	133	1
47	149	2
47	150	-2
47	234	2
48	63	1
48	73	1
48	75	1
48	99	1
48	169	-2
48	178	-2
48	233	-2
49	59	1
49	111	1
49	116	1
49	134	1
49	135	1
49	160	-2
49	218	-2
49	262	2
50	77	1
50	80	1
50	98	1
50	110	1
50	129	1
50	146	2
50	162	2
50	224	2
51	62	1
51	77	1
51	119	1
51	125	1
51	179	-2
51	219	-2
51	231	2
52	83	1
52	88	1
52	115	1
52	117	1
52	139	2
52	238	2
52	261	2
53	92	1
53	108	1
53	124	1
53	181	-2
53	211	2
53	251	2
54	64	1
54	68	1
54	91	1
54	129	1
54	202	-2
54	259	2
54	267	2
55	67	1
55	73	1
55	83	1
55	116	1
55	120	1
55	164	2
55	176	2
55	183	-2
56	67	1
56	98	1
56	121	1
56	131	1
56	208	-2
56	225	-2
56	241	2
57	74	1
57	82	1
57	138	-2
57	198	-2
57	264	-2
58	87	1
58	115	1
58	123	1
58	163	-2
58	214	-2
58	245	2
59	107	1
59	116	1
59	118	1
59	123	1
59	160	-2
59	180	2
59	216	2
60	68	1
60	76	1
60	80	1
60	103	1
60	167	2
60	170	2
60	204	2
61	93	1
61	99	1
61	126	1
61	127	1
61	141	2
61	168	2
61	232	2
62	76	1
62	82	1
62	155	2
62	215	2
62	219	-2
63	74	1
63	85	1
63	178	-2
63	187	2
63	189	2
64	81	1
64	113	1
64	124	1
64	129	1
64	147	2
64	244	-2
64	259	2
65	79	1
65	117	1
65	131	1
65	188	-2
65	230	-2
65	236	-2
66	81	1
66	86	1
66	99	1
66	127	1
66	136	1
66	246	-2
66	260	-2
66	265	2
67	73	1
67	101	1
67	121	1
67	176	2
67	193	-2
67	225	-2
68	80	1
68	91	1
68	94	1
68	200	2
68	204	2
68	267	2
69	102	1
69	103	1
69	106	1
69	123	1
69	156	2
69	157	-2
69	195	2
70	100	1
70	124	1
70	217	-2
70	220	-2
70	240	2
71	86	1
71	96	1
71	104	1
71	145	-2
71	184	2
71	256	-2
72	75	1
72	85	1
72	103	1
72	112	1
72	165	2
72	192	2
72	227	-2
73	169	-2
73	176	2
73	270	2
74	82	1
74	85	1
74	104	1
74	138	-2
74	187	2
74	253	2
75	99	1
75	143	-2
75	165	2
75	233	-2
76	78	1
76	167	2
76	190	-2
76	215	2
77	105	1
77	112	1
77	125	1
77	146	2
77	179	-2
77	210	2
78	79	1
78	109	1
78	154	-2
78	190	-2
78	228	2
79	109	1
79	113	1
79	154	-2
79	230	-2
79	271	-2
80	106	1
80	110	1
80	162	2
80	204	2
80	272	-2
81	124	1
81	136	1
81	244	-2
81	260	-2
81	268	-2
82	121	1
82	138	-2
82	155	2
82	205	2
83	119	1
83	183	-2
83	185	2
83	261	2
84	126	1
84	130	1
84	173	2
84	197	-2
84	254	2
85	88	1
85	93	1
85	171	2
85	187	2
85	227	-2
86	92	1
86	127	1
86	136	1
86	184	2
86	201	-2
86	246	-2
87	116	1
87	214	-2
87	239	-2
87	252	-2
88	93	1
88	115	1
88	171	2
88	177	2
88	238	2
89	90	1
89	95	1
89	106	1
89	118	1
89	194	-2
89	209	2
89	223	2
90	92	1
90	120	1
90	221	-2
90	223	2
90	258	2
91	94	1
91	125	1
91	159	-2
91	191	-2
91	267	2
92	120	1
92	136	1
92	181	-2
92	201	-2
92	221	-2
93	110	1
93	126	1
93	152	2
93	168	2
93	171	2
94	119	1
94	125	1
94	159	-2
94	200	2
94	255	-2
95	100	1
95	106	1
95	115	1
95	122	1
95	132	1
95	153	-2
95	199	2
95	209	2
96	104	1
96	130	1
96	134	1
96	137	2
96	249	2
96	256	-2
97	98	1
97	107	1
97	134	1
97	186	2
97	207	2
97	243	2
98	129	1
98	186	2
98	208	-2
98	224	2
99	232	2
99	233	-2
99	265	2
100	114	1
100	122	1
100	153	-2
100	196	2
100	217	-2
101	107	1
101	117	1
101	132	1
101	151	2
101	193	-2
101	250	2
102	110	1
102	118	1
102	123	1
102	157	-2
102	242	2
102	266	-2
103	112	1
103	156	2
103	170	2
103	192	2
104	108	1
104	111	1
104	182	2
104	253	2
104	256	-2
105	108	1
105	111	1
105	112	1
105	132	1
105	210	2
105	222	2
105	263	-2
106	195	2
106	209	2
106	272	-2
107	117	1
107	151	2
107	216	2
107	243	2
108	111	1
108	182	2
108	211	2
108	222	2
109	140	2
109	154	-2
109	172	2
110	152	2
110	162	2
110	266	-2
111	132	1
111	182	2
111	218	-2
111	263	-2
112	144	2
112	192	2
112	210	2
113	147	2
113	269	-2
113	271	-2
114	125	1
114	161	-2
114	196	2
114	226	-2
115	132	1
115	199	2
115	238	2
115	245	2
116	120	1
116	160	-2
116	164	2
116	252	-2
117	139	2
117	151	2
117	188	-2
118	123	1
118	180	2
118	194	-2
118	242	2
119	185	2
119	231	2
119	255	-2
120	126	1
120	135	1
120	164	2
120	221	-2
120	235	2
121	131	1
121	205	2
121	225	-2
121	237	2
122	128	1
122	153	-2
122	166	2
122	206	-2
123	157	-2
123	163	-2
123	180	2
124	220	-2
124	244	-2
124	251	2
125	159	-2
125	161	-2
125	179	-2
126	135	1
126	168	2
126	173	2
126	235	2
127	141	2
127	203	2
127	246	-2
128	149	2
128	166	2
128	234	2
129	174	-2
129	224	2
129	259	2
130	137	2
130	142	-2
130	197	-2
131	236	-2
131	237	2
131	241	2
132	199	2
132	250	2
132	263	-2
133	148	2
133	150	-2
133	229	-2
134	135	1
134	207	2
134	249	2
134	262	2
135	235	2
135	257	-2
135	262	2
136	201	-2
136	247	2
136	260	-2
