1	1	-1
2	2	-1
3	3	-1
4	4	1
5	5	1
6	6	1
7	7	3
8	8	-1
9	9	-1
10	10	-1
11	11	1
12	12	-1
13	13	-1
14	14	-3
15	15	1
16	16	1
17	17	-1
18	18	-1
19	19	-1
20	20	1
21	21	-1
22	22	1
23	23	-1
24	24	1
25	25	-3
26	26	1
27	27	-3
28	28	1
29	29	-3
30	30	-1
31	31	-1
32	32	-1
33	33	1
34	34	1
35	35	-3
36	36	1
37	37	1
38	38	1
39	39	-3
40	40	1
41	41	1
42	42	-1
43	43	-3
44	44	-1
45	45	-3
46	46	-1
47	47	1
48	48	-1
49	49	-1
50	50	-1
51	51	1
52	52	-1
53	53	-1
54	54	1
55	55	1
56	56	1
57	57	-3
58	58	-1
59	59	-1
60	60	-1
61	61	-3
62	62	-1
63	63	1
64	64	1
65	65	1
66	66	-1
67	67	-3
68	68	3
69	69	-3
70	70	-1
71	71	-3
72	72	-1
73	73	-1
74	74	-3
75	75	-1
76	76	1
77	77	-1
78	78	1
79	79	-1
80	80	1
81	81	-1
82	82	-3
83	83	1
84	84	1
85	85	-1
86	86	-3
87	87	1
88	88	-1
89	89	1
90	90	1
91	91	1
92	92	3
93	93	-3
94	94	1
95	95	-1
96	96	-3
97	97	3
98	98	3
99	99	-1
100	100	-1
101	101	-1
102	102	-3
103	103	-1
104	104	1
105	105	3
106	106	-1
107	107	-3
108	108	3
109	109	-1
110	110	-1
111	111	-1
112	112	-1
113	113	-1
114	114	1
115	115	-1
116	116	-3
117	117	-1
118	118	3
119	119	-1
120	120	-1
121	121	-1
122	122	1
123	123	1
124	124	-3
125	125	1
126	126	-3
127	127	-3
128	128	1
129	129	1
130	130	-1
131	131	1
132	132	1
133	133	1
134	134	-3
135	135	-3
136	136	-3
137	137	-1
138	138	1
139	139	-1
140	140	-1
141	141	-1
142	142	-3
143	143	-1
144	144	1
145	145	-1
146	146	-3
147	147	-1
148	148	3
149	149	-3
150	150	1
151	151	1
152	152	-3
153	153	-3
154	154	3
155	155	-3
156	156	-1
157	157	-1
158	158	-1
159	159	-1
160	160	-1
161	161	3
162	162	-1
163	163	-1
164	164	-1
165	165	-3
166	166	-1
167	167	1
168	168	-1
169	169	-2
170	170	-2
171	171	-2
172	172	-2
173	173	2
174	174	-2
175	175	-2
176	176	-2
177	177	2
178	178	-2
179	179	2
180	180	-2
181	181	2
182	182	2
183	183	2
184	184	2
185	185	2
186	186	2
187	187	2
188	188	-2
189	189	2
190	190	2
191	191	-2
192	192	2
193	193	2
194	194	-2
195	195	-2
196	196	-2
197	197	2
198	198	-2
199	199	-2
200	200	2
201	201	-2
202	202	2
203	203	-2
204	204	2
205	205	-2
206	206	2
207	207	-2
208	208	2
209	209	-2
210	210	2
211	211	-2
212	212	-2
213	213	-2
214	214	-2
215	215	-2
216	216	2
217	217	2
218	218	-2
219	219	2
220	220	2
221	221	-2
222	222	2
223	223	2
224	224	2
225	225	2
226	226	-2
227	227	-2
228	228	2
229	229	-2
230	230	-2
231	231	2
232	232	2
233	233	-2
234	234	2
235	235	2
236	236	-2
237	237	2
238	238	-2
239	239	-2
240	240	2
241	241	2
242	242	2
243	243	2
244	244	2
245	245	-2
246	246	-2
247	247	-2
248	248	2
249	249	2
250	250	-2
251	251	2
252	252	-2
253	253	-2
254	254	2
255	255	-2
256	256	2
257	257	-2
258	258	-2
259	259	2
260	260	-2
261	261	2
262	262	2
263	263	-2
264	264	-2
265	265	2
266	266	-2
267	267	-2
268	268	2
269	269	-2
270	270	2
271	271	-2
272	272	2
273	273	2
274	274	2
275	275	-2
276	276	-2
277	277	2
278	278	-2
279	279	2
280	280	2
281	281	2
282	282	-2
283	283	-2
284	284	-2
285	285	2
286	286	2
287	287	-2
288	288	2
289	289	2
290	290	-2
291	291	-2
292	292	-2
293	293	-2
294	294	-2
295	295	-2
296	296	-2
297	297	2
298	298	2
299	299	-2
300	300	-2
301	301	2
302	302	-2
303	303	2
304	304	-2
305	305	-2
306	306	2
307	307	-2
308	308	2
309	309	2
310	310	2
311	311	-2
312	312	-2
313	313	2
314	314	2
315	315	-2
316	316	2
317	317	-2
318	318	-2
319	319	2
320	320	-2
321	321	2
322	322	-2
323	323	-2
324	324	-2
325	325	2
326	326	-2
327	327	2
328	328	2
329	329	2
330	330	-2
331	331	2
332	332	-2
333	333	2
334	334	2
335	335	-2
336	336	2
1	101	1
1	134	1
1	135	1
1	156	1
1	157	1
1	162	1
1	245	2
1	291	-2
1	300	2
2	112	1
2	118	1
2	124	1
2	128	2
2	152	1
2	220	2
2	271	2
2	310	-2
3	46	1
3	93	1
3	99	1
3	130	1
3	136	1
3	138	1
3	200	2
3	311	2
3	321	-2
4	21	1
4	56	1
4	64	1
4	82	1
4	113	1
4	118	1
4	219	2
4	273	-2
4	307	-2
5	7	1
5	53	1
5	89	1
5	90	1
5	145	1
5	154	1
5	210	-2
5	289	2
5	299	-2
6	24	1
6	34	1
6	108	1
6	166	1
6	167	1
6	168	1
6	206	2
6	282	-2
6	284	2
7	16	1
7	18	1
7	47	1
7	73	1
7	90	1
7	182	2
7	289	2
7	305	-2
8	37	1
8	48	1
8	91	1
8	110	1
8	113	1
8	153	1
8	183	2
8	193	-2
8	320	2
9	11	1
9	24	1
9	88	1
9	100	1
9	132	1
9	141	1
9	272	-2
9	325	2
9	328	-2
10	26	1
10	52	1
10	84	1
10	146	1
10	147	1
10	155	1
10	199	-2
10	267	2
10	315	2
11	92	1
11	96	1
11	132	1
11	151	1
11	164	1
11	223	2
11	294	2
11	325	2
12	28	1
12	31	1
12	63	1
12	133	1
12	137	1
12	162	1
12	240	-2
12	265	-2
12	296	-2
13	50	1
13	56	1
13	61	1
13	70	1
13	75	1
13	106	1
13	179	-2
13	292	2
13	332	-2
14	72	1
14	100	1
14	103	1
14	117	1
14	136	1
14	144	1
14	174	2
14	202	-2
14	238	2
15	16	1
15	65	1
15	88	1
15	104	1
15	105	1
15	161	1
15	189	-2
15	222	2
15	302	-2
16	26	1
16	73	1
16	88	1
16	161	1
16	182	2
16	189	-2
16	212	-2
17	77	1
17	93	1
17	117	1
17	121	1
17	131	1
17	153	1
17	197	-2
17	225	-2
17	235	2
18	34	1
18	35	1
18	47	1
18	146	1
18	158	1
18	209	2
18	285	-2
18	305	-2
19	23	1
19	53	1
19	85	1
19	106	1
19	120	1
19	147	1
19	177	2
19	187	-2
19	205	2
20	21	1
20	71	1
20	84	1
20	125	1
20	129	1
20	163	1
20	237	-2
20	295	-2
20	334	2
21	56	1
21	71	1
21	78	1
21	146	1
21	219	2
21	230	2
21	237	-2
22	35	1
22	37	1
22	79	1
22	85	1
22	120	1
22	160	1
22	190	2
22	233	2
22	276	-2
23	47	1
23	48	1
23	69	1
23	85	1
23	103	1
23	205	2
23	217	2
23	224	-2
24	68	1
24	72	1
24	141	1
24	166	1
24	213	-2
24	272	-2
24	282	-2
25	43	1
25	67	1
25	69	1
25	106	1
25	155	1
25	157	1
25	186	-2
25	215	2
25	327	-2
26	111	1
26	112	1
26	147	1
26	161	1
26	199	-2
26	212	-2
26	313	-2
27	28	1
27	39	1
27	60	1
27	83	1
27	107	1
27	119	1
27	181	-2
27	252	2
27	317	2
28	63	1
28	68	1
28	119	1
28	128	1
28	181	-2
28	208	2
28	296	-2
29	43	1
29	72	1
29	104	1
29	117	1
29	124	1
29	142	1
29	171	2
29	281	-2
29	329	-2
30	49	1
30	75	1
30	108	1
30	121	1
30	149	1
30	165	1
30	185	-2
30	259	2
30	278	2
31	34	1
31	41	1
31	58	1
31	107	1
31	137	1
31	265	-2
31	288	2
31	306	-2
32	36	1
32	59	1
32	99	1
32	112	1
32	138	1
32	163	1
32	247	-2
32	256	-2
32	333	-2
33	80	1
33	83	1
33	85	1
33	101	1
33	110	1
33	150	1
33	203	-2
33	242	2
33	283	2
34	41	1
34	108	1
34	158	1
34	206	2
34	285	-2
34	288	2
35	42	1
35	79	1
35	123	1
35	146	1
35	209	2
35	232	-2
35	233	2
36	98	1
36	112	1
36	141	1
36	143	1
36	156	1
36	247	-2
36	263	-2
36	290	2
37	91	1
37	107	1
37	114	1
37	160	1
37	183	2
37	275	2
37	276	-2
38	42	1
38	48	1
38	83	1
38	105	1
38	111	1
38	154	1
38	216	-2
38	228	2
38	231	2
39	45	1
39	51	1
39	60	1
39	125	1
39	140	1
39	172	2
39	239	2
39	252	2
40	70	1
40	82	1
40	84	1
40	100	1
40	104	1
40	145	1
40	180	-2
40	218	2
40	322	-2
41	62	1
41	81	1
41	95	1
41	159	1
41	236	-2
41	268	-2
41	288	2
42	80	1
42	105	1
42	115	1
42	123	1
42	228	2
42	232	-2
42	331	-2
43	50	1
43	67	1
43	89	1
43	142	1
43	186	-2
43	309	-2
43	329	-2
44	55	1
44	74	1
44	77	1
44	102	1
44	140	1
44	141	1
44	176	2
44	323	-2
44	326	2
45	74	1
45	124	1
45	126	1
45	140	1
45	158	1
45	234	-2
45	239	2
45	274	-2
46	64	1
46	105	1
46	127	1
46	136	1
46	145	1
46	266	-2
46	269	2
46	311	2
47	48	1
47	73	1
47	160	1
47	191	2
47	217	2
47	305	-2
48	111	1
48	153	1
48	216	-2
48	217	2
48	320	2
49	86	1
49	95	1
49	108	1
49	134	1
49	147	1
49	178	2
49	259	2
49	280	-2
50	70	1
50	89	1
50	102	1
50	132	1
50	255	2
50	309	-2
50	332	-2
51	63	1
51	123	1
51	125	1
51	139	1
51	148	1
51	172	2
51	293	-2
51	319	2
52	68	1
52	69	1
52	133	1
52	135	1
52	146	1
52	170	2
52	260	-2
52	315	2
53	81	1
53	106	1
53	142	1
53	145	1
53	177	2
53	210	-2
53	253	2
54	64	1
54	77	1
54	90	1
54	113	1
54	122	1
54	167	1
54	241	-2
54	301	2
54	335	-2
55	60	1
55	77	1
55	78	1
55	121	1
55	131	1
55	173	2
55	176	2
55	324	-2
56	76	1
56	106	1
56	161	1
56	219	2
56	270	2
56	292	2
57	73	1
57	115	1
57	116	1
57	119	1
57	153	1
57	162	1
57	194	2
57	214	2
57	312	2
58	82	1
58	93	1
58	107	1
58	131	1
58	164	1
58	244	2
58	306	-2
58	336	-2
59	79	1
59	97	1
59	110	1
59	133	1
59	163	1
59	204	2
59	256	-2
59	297	-2
60	65	1
60	78	1
60	96	1
60	173	2
60	252	2
60	318	2
61	62	1
61	75	1
61	86	1
61	91	1
61	149	1
61	179	-2
61	211	2
61	262	-2
62	95	1
62	139	1
62	149	1
62	151	1
62	211	2
62	236	-2
62	264	2
63	94	1
63	126	1
63	148	1
63	188	2
63	293	-2
63	296	-2
64	77	1
64	105	1
64	118	1
64	241	-2
64	266	-2
64	307	-2
65	96	1
65	104	1
65	148	1
65	167	1
65	222	2
65	314	2
65	318	2
66	86	1
66	129	1
66	142	1
66	143	1
66	154	1
66	159	1
66	198	2
66	243	2
66	303	-2
67	70	1
67	139	1
67	165	1
67	168	1
67	186	-2
67	229	2
67	258	2
68	72	1
68	128	1
68	133	1
68	208	2
68	213	-2
68	260	-2
69	103	1
69	106	1
69	135	1
69	170	2
69	224	-2
69	327	-2
70	82	1
70	168	1
70	218	2
70	258	2
70	332	-2
71	109	1
71	129	1
71	140	1
71	152	1
71	237	-2
71	249	-2
71	308	-2
72	124	1
72	144	1
72	213	-2
72	238	2
72	281	-2
73	115	1
73	160	1
73	182	2
73	191	2
73	194	2
74	90	1
74	102	1
74	124	1
74	166	1
74	274	-2
74	326	2
74	330	2
75	87	1
75	143	1
75	165	1
75	179	-2
75	227	-2
75	278	2
76	137	1
76	150	1
76	155	1
76	161	1
76	166	1
76	201	2
76	270	2
76	304	-2
77	117	1
77	176	2
77	235	2
77	241	-2
78	132	1
78	144	1
78	146	1
78	173	2
78	195	-2
78	230	2
79	110	1
79	122	1
79	151	1
79	233	2
79	286	2
79	297	-2
80	83	1
80	97	1
80	115	1
80	148	1
80	242	2
80	261	2
80	331	-2
81	103	1
81	142	1
81	157	1
81	159	1
81	250	-2
81	253	2
81	268	-2
82	93	1
82	113	1
82	218	2
82	273	-2
82	336	-2
83	107	1
83	154	1
83	231	2
83	242	2
83	317	2
84	125	1
84	145	1
84	155	1
84	267	2
84	295	-2
84	322	-2
85	101	1
85	120	1
85	190	2
85	205	2
85	283	2
86	91	1
86	95	1
86	142	1
86	262	-2
86	280	-2
86	303	-2
87	102	1
87	108	1
87	111	1
87	120	1
87	143	1
87	207	-2
87	221	2
87	227	-2
88	100	1
88	123	1
88	158	1
88	169	-2
88	189	-2
88	328	-2
89	109	1
89	119	1
89	154	1
89	254	2
89	299	-2
89	309	-2
90	122	1
90	166	1
90	289	2
90	330	2
90	335	-2
91	114	1
91	125	1
91	183	2
91	262	-2
91	298	2
92	98	1
92	114	1
92	115	1
92	144	1
92	151	1
92	223	2
92	226	-2
92	257	-2
93	130	1
93	131	1
93	197	-2
93	321	-2
93	336	-2
94	97	1
94	98	1
94	118	1
94	126	1
94	138	1
94	175	-2
94	184	2
94	188	2
95	101	1
95	127	1
95	236	-2
95	280	-2
95	287	2
96	130	1
96	152	1
96	164	1
96	248	-2
96	294	2
96	318	2
97	98	1
97	133	1
97	148	1
97	175	-2
97	204	2
97	261	2
98	114	1
98	156	1
98	175	-2
98	257	-2
98	263	-2
99	136	1
99	137	1
99	138	2
99	192	-2
99	200	2
99	333	-2
100	104	1
100	136	1
100	174	2
100	180	-2
100	328	-2
101	127	1
101	162	1
101	283	2
101	287	2
101	291	-2
102	120	1
102	132	1
102	221	2
102	255	2
102	326	2
103	117	1
103	157	1
103	202	-2
103	224	-2
103	250	-2
104	117	1
104	171	2
104	180	-2
104	222	2
105	161	1
105	228	2
105	266	-2
105	302	-2
106	177	2
106	292	2
106	327	-2
107	114	1
107	275	2
107	306	-2
107	317	2
108	111	1
108	206	2
108	207	-2
108	259	2
109	119	1
109	140	1
109	149	1
109	163	1
109	196	2
109	249	-2
109	254	2
110	113	1
110	150	1
110	193	-2
110	203	-2
110	297	-2
111	112	1
111	207	-2
111	216	-2
111	313	-2
112	128	1
112	247	-2
112	271	2
112	313	-2
113	167	1
113	193	-2
113	273	-2
113	301	2
114	125	1
114	257	-2
114	275	2
114	298	2
115	144	1
115	194	2
115	226	-2
115	331	-2
116	119	1
116	134	1
116	150	1
116	156	1
116	164	1
116	214	2
116	277	-2
116	316	-2
117	171	2
117	202	-2
117	235	2
118	128	1
118	138	1
118	184	2
118	220	2
118	307	-2
119	181	-2
119	214	2
119	254	2
120	147	1
120	187	-2
120	190	2
120	221	2
121	131	1
121	149	1
121	153	1
121	185	-2
121	225	-2
121	324	-2
122	127	1
122	135	1
122	151	1
122	251	-2
122	286	2
122	335	-2
123	139	1
123	158	1
123	169	-2
123	232	-2
123	319	2
124	152	1
124	274	-2
124	281	-2
124	310	-2
125	172	2
125	295	-2
125	298	2
126	158	1
126	160	1
126	165	1
126	188	2
126	234	-2
126	279	-2
127	135	1
127	145	1
127	251	-2
127	269	2
127	287	2
128	208	2
128	220	2
128	271	2
129	152	1
129	154	1
129	163	1
129	243	2
129	308	-2
129	334	2
130	152	1
130	159	1
130	168	1
130	246	-2
130	248	-2
130	321	-2
131	164	1
131	197	-2
131	244	2
131	324	-2
132	144	1
132	195	-2
132	255	2
132	325	2
133	162	1
133	204	2
133	240	-2
133	260	-2
134	147	1
134	150	1
134	157	1
134	178	2
134	245	2
134	316	-2
135	156	1
135	170	2
135	251	-2
135	300	2
136	137	1
136	174	2
136	192	-2
136	311	2
137	150	1
137	192	-2
137	265	-2
137	304	-2
138	184	2
138	200	2
138	333	-2
139	151	1
139	165	1
139	229	2
139	264	2
139	319	2
140	141	1
140	239	2
140	249	-2
140	323	-2
141	143	1
141	272	-2
141	290	2
141	323	-2
142	253	2
142	303	-2
142	329	-2
143	159	1
143	198	2
143	227	-2
143	290	2
144	195	-2
144	226	-2
144	238	2
145	210	-2
145	269	2
145	322	-2
146	209	2
146	230	2
146	315	2
147	178	2
147	187	-2
147	199	-2
148	167	1
148	261	2
148	293	-2
148	314	2
149	163	1
149	185	-2
149	196	2
149	211	2
150	203	-2
150	304	-2
150	316	-2
151	223	2
151	264	2
151	286	2
152	248	-2
152	308	-2
152	310	-2
153	162	1
153	225	-2
153	312	2
153	320	2
154	231	2
154	243	2
154	299	-2
155	157	1
155	166	1
155	201	2
155	215	2
155	267	2
156	164	1
156	263	-2
156	277	-2
156	300	2
157	215	2
157	245	2
157	250	-2
158	169	-2
158	234	-2
158	285	-2
159	168	1
159	198	2
159	246	-2
159	268	-2
160	165	1
160	191	2
160	276	-2
160	279	-2
161	212	-2
161	270	2
161	302	-2
162	240	-2
162	291	-2
162	312	2
163	196	2
163	256	-2
163	334	2
164	244	2
164	277	-2
164	294	2
165	229	2
165	278	2
165	279	-2
166	201	2
166	282	-2
166	330	2
167	168	1
167	284	2
167	301	2
167	314	2
168	246	-2
168	258	2
168	284	2
