1	1	3
2	2	1
3	3	-1
4	4	-1
5	5	-1
6	6	1
7	7	-3
8	8	1
9	9	-1
10	10	1
11	11	-3
12	12	1
13	13	-1
14	14	-1
15	15	3
16	16	-1
17	17	-1
18	18	1
19	19	1
20	20	-3
21	21	1
22	22	-1
23	23	-1
24	24	-1
25	25	-1
26	26	-1
27	27	1
28	28	3
29	29	-1
30	30	-1
31	31	1
32	32	1
33	33	1
34	34	-1
35	35	-3
36	36	1
37	37	1
38	38	1
39	39	-1
40	40	1
41	41	-3
42	42	3
43	43	-3
44	44	-1
45	45	-3
46	46	1
47	47	-1
48	48	1
49	49	1
50	50	1
51	51	3
52	52	-1
53	53	-1
54	54	-1
55	55	1
56	56	1
57	57	-1
58	58	-3
59	59	3
60	60	1
61	61	-1
62	62	-1
63	63	-1
64	64	-3
65	65	-3
66	66	-1
67	67	-3
68	68	-3
69	69	1
70	70	1
71	71	1
72	72	-1
73	73	-1
74	74	1
75	75	-1
76	76	-3
77	77	3
78	78	3
79	79	-1
80	80	-3
81	81	1
82	82	-1
83	83	-1
84	84	-1
85	85	-1
86	86	-1
87	87	1
88	88	1
89	89	-2
90	90	-2
91	91	2
92	92	2
93	93	2
94	94	2
95	95	-2
96	96	2
97	97	2
98	98	2
99	99	2
100	100	2
101	101	-2
102	102	-2
103	103	2
104	104	2
105	105	2
106	106	-2
107	107	-2
108	108	2
109	109	2
110	110	2
111	111	2
112	112	-2
113	113	2
114	114	-2
115	115	-2
116	116	2
117	117	2
118	118	-2
119	119	2
120	120	-2
121	121	-2
122	122	2
123	123	2
124	124	-2
125	125	2
126	126	-2
127	127	-2
128	128	-2
129	129	-2
130	130	2
131	131	2
132	132	2
133	133	2
134	134	-2
135	135	2
136	136	-2
137	137	2
138	138	2
139	139	-2
140	140	-2
141	141	-2
142	142	2
143	143	-2
144	144	2
145	145	-2
146	146	-2
147	147	-2
148	148	-2
149	149	2
150	150	-2
151	151	2
152	152	-2
153	153	2
154	154	2
155	155	2
156	156	-2
157	157	-2
158	158	-2
159	159	-2
160	160	-2
161	161	-2
162	162	-2
163	163	2
164	164	-2
165	165	-2
166	166	2
167	167	2
168	168	2
169	169	-2
170	170	-2
171	171	2
172	172	-2
173	173	2
174	174	2
175	175	-2
176	176	2
1	9	1
1	21	1
1	28	1
1	40	1
1	42	1
1	44	1
1	135	2
1	146	-2
1	163	2
2	16	1
2	45	1
2	52	1
2	59	1
2	69	1
2	84	1
2	101	2
2	152	-2
2	162	-2
3	13	1
3	42	1
3	52	1
3	63	1
3	65	1
3	88	1
3	112	2
3	114	2
3	176	2
4	7	1
4	20	1
4	24	1
4	55	1
4	69	1
4	73	1
4	109	-2
4	119	-2
4	125	2
5	8	1
5	30	1
5	31	1
5	58	1
5	68	1
5	71	1
5	96	-2
5	117	2
5	134	2
6	19	1
6	32	1
6	34	1
6	37	1
6	61	1
6	62	1
6	103	2
6	105	-2
6	131	2
7	20	1
7	22	1
7	46	1
7	63	1
7	85	1
7	109	-2
7	148	2
7	155	-2
8	11	1
8	31	1
8	43	1
8	50	1
8	71	1
8	111	2
8	117	2
8	170	2
9	11	1
9	22	1
9	44	1
9	67	1
9	75	1
9	135	2
9	149	-2
9	151	-2
10	16	1
10	56	1
10	60	1
10	64	1
10	70	1
10	75	1
10	102	2
10	115	-2
10	165	-2
11	43	1
11	67	1
11	69	1
11	80	1
11	147	2
11	151	-2
11	170	2
12	28	1
12	46	1
12	73	1
12	77	1
12	82	1
12	88	1
12	95	2
12	139	-2
12	144	2
13	28	1
13	34	1
13	57	1
13	65	1
13	72	1
13	114	2
13	130	2
13	157	2
14	25	1
14	38	1
14	39	1
14	56	1
14	67	1
14	76	1
14	89	2
14	93	2
14	150	2
15	17	1
15	51	1
15	60	1
15	72	1
15	74	1
15	78	1
15	153	2
15	159	-2
15	166	2
16	45	1
16	56	1
16	71	1
16	76	1
16	101	2
16	128	2
16	165	-2
17	39	1
17	41	1
17	60	1
17	84	1
17	86	1
17	113	-2
17	153	2
17	154	-2
18	20	1
18	41	1
18	47	1
18	55	1
18	75	1
18	87	1
18	118	-2
18	127	-2
18	142	-2
19	24	1
19	29	1
19	35	1
19	37	1
19	78	1
19	103	2
19	108	-2
19	161	-2
20	41	1
20	44	1
20	48	1
20	98	-2
20	109	-2
20	142	-2
21	27	1
21	28	1
21	35	1
21	41	1
21	54	1
21	92	2
21	133	-2
21	163	2
22	38	1
22	59	1
22	63	1
22	75	1
22	121	-2
22	148	2
22	149	-2
23	26	1
23	36	1
23	40	1
23	54	1
23	87	1
23	88	1
23	100	-2
23	116	-2
23	168	2
24	37	1
24	68	1
24	73	1
24	78	1
24	119	-2
24	158	2
24	161	-2
25	38	1
25	45	1
25	66	1
25	70	1
25	71	1
25	89	2
25	164	-2
25	169	2
26	27	1
26	54	1
26	64	1
26	65	1
26	81	1
26	99	-2
26	110	2
26	116	-2
27	35	1
27	54	1
27	81	1
27	82	1
27	92	2
27	110	2
27	175	2
28	57	1
28	77	1
28	130	2
28	139	-2
28	163	2
29	35	1
29	47	1
29	51	1
29	66	1
29	87	1
29	106	-2
29	108	-2
29	122	-2
30	33	1
30	55	1
30	58	1
30	73	1
30	80	1
30	97	2
30	134	2
30	173	-2
31	36	1
31	50	1
31	59	1
31	68	1
31	96	-2
31	111	2
31	143	-2
32	43	1
32	49	1
32	62	1
32	68	1
32	77	1
32	131	2
32	136	-2
32	141	2
33	46	1
33	50	1
33	63	1
33	73	1
33	79	1
33	90	2
33	94	2
33	97	2
34	61	1
34	72	1
34	82	1
34	85	1
34	105	-2
34	145	-2
34	157	2
35	41	1
35	82	1
35	108	-2
35	133	-2
35	175	2
36	53	1
36	59	1
36	72	1
36	88	1
36	138	-2
36	143	-2
36	168	2
37	48	1
37	51	1
37	68	1
37	103	2
37	158	2
37	171	2
38	59	1
38	74	1
38	86	1
38	89	2
38	121	-2
38	137	2
39	56	1
39	62	1
39	79	1
39	84	1
39	93	2
39	126	2
39	154	-2
40	42	2
40	78	1
40	87	1
40	100	-2
40	146	-2
40	160	-2
41	86	1
41	113	-2
41	133	-2
41	142	-2
42	63	1
42	78	1
42	146	-2
42	160	-2
42	176	2
43	50	1
43	68	1
43	85	1
43	141	2
43	167	-2
43	170	2
44	48	1
44	62	1
44	74	1
44	98	-2
44	129	2
44	135	2
45	53	1
45	66	1
45	83	1
45	101	2
45	124	2
45	169	2
46	50	1
46	85	1
46	88	1
46	94	2
46	144	2
46	155	-2
47	55	1
47	58	1
47	64	1
47	66	1
47	107	2
47	118	-2
47	122	-2
48	49	1
48	51	1
48	79	1
48	98	-2
48	171	2
48	172	-2
49	76	1
49	77	1
49	79	1
49	80	1
49	91	-2
49	136	-2
49	172	-2
50	85	1
50	94	2
50	111	2
50	167	-2
51	78	1
51	87	1
51	106	-2
51	159	-2
51	171	2
52	69	1
52	70	1
52	83	1
52	88	1
52	112	2
52	120	2
52	152	-2
53	61	1
53	72	1
53	83	2
53	124	2
53	138	-2
53	156	-2
54	57	1
54	81	1
54	92	2
54	104	-2
54	116	-2
55	69	1
55	80	1
55	118	-2
55	125	2
55	173	-2
56	57	1
56	84	1
56	93	2
56	165	-2
56	174	-2
57	81	1
57	84	1
57	104	-2
57	130	2
57	174	-2
58	60	1
58	61	1
58	64	1
58	107	2
58	123	-2
58	134	2
59	84	1
59	121	-2
59	143	-2
59	162	-2
60	61	1
60	70	1
60	115	-2
60	123	-2
60	153	2
61	83	1
61	105	-2
61	123	-2
61	156	-2
62	74	1
62	79	1
62	126	2
62	129	2
62	131	2
63	79	1
63	90	2
63	148	2
63	176	2
64	65	1
64	75	1
64	99	-2
64	102	2
64	107	2
65	67	1
65	86	1
65	99	-2
65	114	2
65	140	2
66	77	1
66	81	1
66	122	-2
66	132	2
66	169	2
67	76	1
67	86	1
67	140	2
67	150	2
67	151	-2
68	96	-2
68	141	2
68	158	2
69	80	1
69	125	2
69	147	2
69	152	-2
70	71	1
70	83	1
70	115	-2
70	120	2
70	164	-2
71	76	1
71	117	2
71	128	2
71	164	-2
72	74	1
72	138	-2
72	157	2
72	166	2
73	82	1
73	95	2
73	97	2
73	119	-2
74	86	1
74	129	2
74	137	2
74	166	2
75	87	1
75	102	2
75	127	-2
75	149	-2
76	80	1
76	91	-2
76	128	2
76	150	2
77	81	1
77	132	2
77	136	-2
77	139	-2
78	159	-2
78	160	-2
78	161	-2
79	90	2
79	126	2
79	172	-2
80	91	-2
80	147	2
80	173	-2
81	104	-2
81	110	2
81	132	2
82	85	1
82	95	2
82	145	-2
82	175	2
83	120	2
83	124	2
83	156	-2
84	154	-2
84	162	-2
84	174	-2
85	145	-2
85	155	-2
85	167	-2
86	113	-2
86	137	2
86	140	2
87	100	-2
87	106	-2
87	127	-2
88	112	2
88	144	2
88	168	2
