1	1	-1
2	2	-1
3	3	-1
4	4	-1
5	5	1
6	6	1
7	7	1
8	8	-1
9	9	1
10	10	1
11	11	1
12	12	1
13	13	1
14	14	1
15	15	-3
16	16	1
17	17	-1
18	18	-1
19	19	-1
20	20	3
21	21	1
22	22	1
23	23	1
24	24	1
25	25	-1
26	26	3
27	27	-1
28	28	-1
29	29	1
30	30	1
31	31	-1
32	32	1
33	33	1
34	34	-1
35	35	-1
36	36	-1
37	37	1
38	38	3
39	39	3
40	40	-1
41	41	3
42	42	1
43	43	-1
44	44	1
45	45	1
46	46	-3
47	47	3
48	48	1
49	49	-3
50	50	-1
51	51	-1
52	52	-1
53	53	-3
54	54	1
55	55	1
56	56	3
57	57	1
58	58	-1
59	59	-1
60	60	-1
61	61	1
62	62	-1
63	63	3
64	64	-1
65	65	1
66	66	-1
67	67	-1
68	68	1
69	69	-3
70	70	-1
71	71	3
72	72	-3
73	73	1
74	74	-1
75	75	-1
76	76	1
77	77	-3
78	78	3
79	79	-3
80	80	-1
81	81	-1
82	82	-1
83	83	-1
84	84	-1
85	85	1
86	86	-1
87	87	1
88	88	3
89	89	-1
90	90	3
91	91	-1
92	92	-1
93	93	1
94	94	-1
95	95	-1
96	96	3
97	97	-1
98	98	1
99	99	-1
100	100	-1
101	101	-1
102	102	-3
103	103	1
104	104	-1
105	105	-3
106	106	3
107	107	-1
108	108	-1
109	109	1
110	110	-3
111	111	-3
112	112	-3
113	113	-1
114	114	-1
115	115	1
116	116	-3
117	117	-1
118	118	3
119	119	-1
120	120	-1
121	121	-1
122	122	-1
123	123	-1
124	124	-1
125	125	-1
126	126	-1
127	127	-1
128	128	3
129	129	-3
130	130	-1
131	131	-1
132	132	-1
133	133	1
134	134	1
135	135	-3
136	136	-1
137	137	1
138	138	-1
139	139	-1
140	140	-1
141	141	-3
142	142	1
143	143	-1
144	144	-3
145	145	1
146	146	-1
147	147	-1
148	148	3
149	149	-3
150	150	-3
151	151	1
152	152	-1
153	153	-2
154	154	-2
155	155	2
156	156	2
157	157	2
158	158	2
159	159	-2
160	160	-2
161	161	-2
162	162	2
163	163	-2
164	164	2
165	165	2
166	166	2
167	167	-2
168	168	2
169	169	2
170	170	2
171	171	2
172	172	2
173	173	-2
174	174	-2
175	175	-2
176	176	2
177	177	2
178	178	2
179	179	2
180	180	2
181	181	-2
182	182	-2
183	183	-2
184	184	2
185	185	2
186	186	2
187	187	-2
188	188	-2
189	189	2
190	190	2
191	191	2
192	192	-2
193	193	-2
194	194	-2
195	195	2
196	196	-2
197	197	-2
198	198	2
199	199	2
200	200	-2
201	201	2
202	202	-2
203	203	2
204	204	-2
205	205	-2
206	206	2
207	207	-2
208	208	-2
209	209	-2
210	210	-2
211	211	-2
212	212	-2
213	213	-2
214	214	-2
215	215	-2
216	216	2
217	217	-2
218	218	-2
219	219	-2
220	220	-2
221	221	-2
222	222	2
223	223	2
224	224	2
225	225	2
226	226	-2
227	227	2
228	228	2
229	229	-2
230	230	2
231	231	-2
232	232	2
233	233	2
234	234	-2
235	235	2
236	236	-2
237	237	2
238	238	-2
239	239	-2
240	240	-2
241	241	2
242	242	2
243	243	-2
244	244	2
245	245	-2
246	246	2
247	247	2
248	248	-2
249	249	-2
250	250	2
251	251	-2
252	252	-2
253	253	2
254	254	-2
255	255	2
256	256	-2
257	257	-2
258	258	-2
259	259	-2
260	260	2
261	261	2
262	262	-2
263	263	-2
264	264	-2
265	265	2
266	266	2
267	267	2
268	268	2
269	269	2
270	270	2
271	271	-2
272	272	-2
273	273	2
274	274	2
275	275	2
276	276	-2
277	277	2
278	278	2
279	279	2
280	280	-2
281	281	2
282	282	-2
283	283	-2
284	284	2
285	285	-2
286	286	2
287	287	2
288	288	2
289	289	-2
290	290	-2
291	291	2
292	292	2
293	293	2
294	294	-2
295	295	2
296	296	-2
297	297	2
298	298	2
299	299	2
300	300	2
301	301	-2
302	302	-2
303	303	2
304	304	-2
1	11	1
1	36	1
1	43	1
1	51	1
1	77	1
1	101	1
1	204	2
1	261	2
1	271	2
2	4	1
2	30	1
2	68	1
2	82	1
2	89	1
2	103	1
2	187	-2
2	195	-2
2	265	-2
3	52	1
3	79	1
3	86	1
3	96	1
3	109	1
3	138	1
3	155	-2
3	178	-2
3	205	-2
4	42	1
4	46	1
4	48	1
4	82	1
4	111	1
4	169	2
4	195	-2
4	262	2
5	20	1
5	36	1
5	108	1
5	114	1
5	142	1
5	149	1
5	200	-2
5	218	-2
5	259	2
6	15	1
6	55	1
6	67	1
6	100	1
6	117	1
6	118	1
6	193	-2
6	229	-2
6	282	2
7	11	1
7	17	1
7	22	1
7	23	1
7	43	1
7	123	1
7	201	2
7	281	-2
7	293	2
8	26	1
8	30	1
8	72	1
8	88	1
8	143	1
8	150	1
8	183	2
8	245	2
8	258	-2
9	29	1
9	37	1
9	39	1
9	40	1
9	50	1
9	88	1
9	202	2
9	256	-2
9	289	-2
10	13	1
10	21	1
10	39	1
10	41	1
10	119	1
10	122	1
10	156	2
10	210	-2
10	244	-2
11	23	1
11	101	1
11	109	1
11	139	1
11	170	-2
11	261	2
11	293	2
12	24	1
12	53	1
12	85	1
12	93	1
12	102	1
12	130	1
12	269	2
12	283	2
12	304	-2
13	39	1
13	70	1
13	108	1
13	132	1
13	137	1
13	177	2
13	197	2
13	210	-2
14	90	1
14	92	1
14	106	1
14	113	1
14	115	1
14	118	1
14	206	2
14	260	2
14	285	2
15	23	1
15	67	1
15	85	1
15	102	1
15	129	1
15	153	2
15	233	-2
15	282	2
16	18	1
16	41	1
16	61	1
16	74	1
16	91	1
16	128	1
16	173	-2
16	242	-2
16	264	-2
17	22	1
17	31	1
17	34	1
17	54	1
17	134	1
17	166	-2
17	251	-2
17	281	-2
18	31	1
18	34	1
18	66	1
18	128	1
18	146	1
18	222	-2
18	264	-2
18	299	-2
19	83	1
19	89	1
19	94	1
19	95	1
19	97	1
19	112	1
19	253	2
19	284	-2
19	302	2
20	58	1
20	87	1
20	98	1
20	114	1
20	152	1
20	158	2
20	218	-2
20	239	-2
21	28	1
21	36	1
21	41	2
21	60	1
21	156	2
21	250	-2
21	254	-2
22	24	1
22	50	1
22	83	1
22	103	1
22	213	-2
22	228	2
22	281	-2
23	38	1
23	71	1
23	85	1
23	153	2
23	274	2
23	293	2
24	97	1
24	103	1
24	110	1
24	130	1
24	199	-2
24	213	-2
24	304	-2
25	56	1
25	62	1
25	74	1
25	105	1
25	135	1
25	143	1
25	215	-2
25	237	-2
25	301	2
26	57	1
26	62	1
26	63	1
26	88	1
26	127	1
26	194	-2
26	226	-2
26	258	-2
27	30	1
27	44	1
27	51	1
27	53	1
27	141	1
27	151	1
27	241	2
27	263	2
27	292	-2
28	45	1
28	60	1
28	91	1
28	99	1
28	136	1
28	230	2
28	250	-2
28	300	-2
29	39	1
29	56	1
29	71	1
29	105	1
29	116	1
29	224	2
29	256	-2
29	268	-2
30	72	1
30	89	1
30	151	1
30	187	-2
30	241	2
30	245	2
31	34	1
31	54	1
31	106	1
31	142	1
31	166	-2
31	185	2
31	222	-2
32	67	1
32	90	1
32	126	1
32	128	1
32	144	1
32	147	1
32	272	2
32	287	2
32	288	2
33	38	1
33	61	1
33	63	1
33	86	1
33	129	1
33	146	1
33	161	-2
33	212	2
33	278	2
34	114	1
34	130	1
34	134	1
34	222	-2
34	238	2
34	251	-2
35	84	1
35	99	1
35	112	1
35	127	1
35	138	1
35	148	1
35	220	2
35	243	-2
35	248	2
36	41	1
36	43	1
36	149	1
36	254	-2
36	259	2
36	271	2
37	50	1
37	65	1
37	66	1
37	106	1
37	133	1
37	202	2
37	209	-2
37	223	2
38	52	1
38	63	2
38	71	1
38	270	2
38	274	2
38	278	2
39	87	1
39	137	1
39	210	-2
39	221	-2
39	256	-2
40	46	1
40	72	1
40	88	1
40	102	1
40	122	1
40	257	2
40	289	-2
40	296	2
41	61	1
41	156	2
41	173	-2
41	254	-2
42	48	1
42	85	1
42	126	1
42	142	1
42	146	1
42	154	-2
42	159	2
42	169	2
43	95	1
43	123	1
43	138	1
43	186	-2
43	201	2
43	271	2
44	74	1
44	92	1
44	107	1
44	118	1
44	141	1
44	190	2
44	240	-2
44	263	2
45	55	1
45	76	1
45	91	2
45	121	1
45	174	-2
45	184	2
45	300	-2
46	81	1
46	82	1
46	111	1
46	122	1
46	255	-2
46	257	2
46	262	2
47	54	1
47	78	1
47	81	1
47	122	1
47	124	1
47	131	1
47	160	-2
47	165	2
47	232	2
48	98	1
48	101	1
48	114	1
48	134	1
48	169	2
48	191	2
48	236	2
49	111	1
49	125	1
49	130	1
49	134	1
49	147	2
49	208	2
49	216	-2
49	217	2
50	83	1
50	112	1
50	127	1
50	202	2
50	228	2
50	249	2
51	53	1
51	77	1
51	80	1
51	104	1
51	182	-2
51	204	2
51	292	-2
52	63	1
52	69	1
52	86	1
52	140	1
52	168	-2
52	178	-2
52	270	2
53	102	1
53	117	1
53	121	1
53	227	-2
53	283	2
53	292	-2
54	64	1
54	78	1
54	139	1
54	166	-2
54	232	2
54	276	-2
55	65	1
55	105	1
55	117	1
55	121	1
55	172	-2
55	174	-2
55	229	-2
56	71	1
56	88	1
56	140	1
56	143	1
56	215	-2
56	224	2
56	295	2
57	62	1
57	77	1
57	82	1
57	84	1
57	113	1
57	180	2
57	194	-2
57	214	2
58	73	1
58	87	1
58	123	1
58	136	1
58	152	1
58	219	2
58	239	-2
58	247	-2
59	61	1
59	68	1
59	73	1
59	86	1
59	129	1
59	149	1
59	167	2
59	235	2
59	297	-2
60	76	1
60	96	1
60	110	1
60	123	1
60	198	2
60	250	-2
60	291	-2
61	86	1
61	149	1
61	161	-2
61	173	-2
61	297	-2
62	105	1
62	107	1
62	126	1
62	194	-2
62	267	-2
62	301	2
63	127	1
63	226	-2
63	270	2
63	278	2
64	100	1
64	101	1
64	107	1
64	139	1
64	141	1
64	157	-2
64	276	-2
64	286	-2
65	73	1
65	105	1
65	133	2
65	164	2
65	172	-2
65	209	-2
66	84	1
66	106	1
66	136	1
66	146	1
66	171	-2
66	223	2
66	299	-2
67	96	1
67	103	1
67	144	1
67	272	2
67	273	2
67	282	2
68	73	1
68	78	1
68	103	1
68	119	1
68	235	2
68	265	-2
68	298	2
69	93	1
69	97	1
69	104	1
69	132	1
69	140	1
69	168	-2
69	179	-2
69	207	2
70	80	1
70	108	1
70	109	1
70	135	1
70	151	1
70	176	2
70	197	2
70	275	-2
71	75	1
71	78	1
71	224	2
71	246	2
71	274	2
72	102	1
72	116	1
72	140	1
72	163	2
72	245	2
72	296	2
73	133	1
73	136	1
73	164	2
73	219	2
73	235	2
74	91	1
74	107	1
74	135	1
74	237	-2
74	240	-2
74	242	-2
75	78	1
75	94	1
75	132	1
75	141	1
75	150	1
75	246	2
75	279	-2
75	294	2
76	89	1
76	91	1
76	96	1
76	137	1
76	184	2
76	189	-2
76	198	2
77	100	1
77	113	1
77	144	1
77	204	2
77	214	2
77	277	-2
78	119	1
78	232	2
78	246	2
78	298	2
79	80	1
79	119	1
79	124	1
79	138	1
79	152	1
79	155	-2
79	162	-2
79	211	2
80	104	1
80	135	1
80	152	1
80	182	-2
80	211	2
80	275	-2
81	82	1
81	99	1
81	131	2
81	160	-2
81	234	2
81	255	-2
82	84	1
82	180	2
82	195	-2
82	255	-2
83	89	1
83	115	1
83	152	1
83	175	2
83	228	2
83	284	-2
84	112	1
84	136	1
84	171	-2
84	180	2
84	220	2
85	93	1
85	146	1
85	153	2
85	154	-2
85	269	2
86	129	1
86	161	-2
86	167	2
86	178	-2
87	98	1
87	123	1
87	137	1
87	158	2
87	221	-2
87	247	-2
88	140	1
88	258	-2
88	289	-2
88	295	2
89	137	1
89	187	-2
89	189	-2
89	284	-2
90	93	1
90	118	1
90	128	1
90	145	1
90	206	2
90	288	2
90	290	-2
91	184	2
91	242	-2
91	300	-2
92	113	1
92	118	1
92	120	1
92	125	1
92	190	2
92	196	2
92	285	2
93	97	1
93	145	1
93	207	2
93	269	2
93	290	-2
94	97	1
94	141	1
94	143	1
94	144	1
94	192	2
94	253	2
94	294	2
95	112	1
95	138	1
95	145	1
95	148	1
95	186	-2
95	252	-2
95	302	2
96	103	1
96	109	1
96	198	2
96	205	-2
96	273	2
97	110	1
97	199	-2
97	207	2
97	253	2
98	108	1
98	134	1
98	149	1
98	158	2
98	188	2
98	191	2
99	127	1
99	131	1
99	136	1
99	230	2
99	234	2
99	248	2
100	101	1
100	118	1
100	144	1
100	193	-2
100	277	-2
100	286	-2
101	114	1
101	236	2
101	261	2
101	286	-2
102	129	1
102	233	-2
102	283	2
102	296	2
103	213	-2
103	265	-2
103	273	2
104	132	1
104	135	1
104	151	1
104	179	-2
104	182	-2
104	203	-2
105	116	1
105	172	-2
105	268	-2
105	301	2
106	115	1
106	142	1
106	185	2
106	223	2
106	260	2
107	126	1
107	141	1
107	157	-2
107	240	-2
107	267	-2
108	142	1
108	149	1
108	188	2
108	197	2
108	200	-2
109	139	1
109	151	1
109	170	-2
109	176	2
109	205	-2
110	123	1
110	124	1
110	133	1
110	199	-2
110	291	-2
110	303	-2
111	120	1
111	121	1
111	134	1
111	181	2
111	217	2
111	262	2
112	127	1
112	220	2
112	249	2
112	302	2
113	115	1
113	128	1
113	214	2
113	225	2
113	285	2
114	130	1
114	218	-2
114	236	2
114	238	2
115	128	1
115	152	1
115	175	2
115	225	2
115	260	2
116	117	1
116	140	1
116	150	1
116	163	2
116	268	-2
116	280	2
117	121	1
117	150	1
117	227	-2
117	229	-2
117	280	2
118	190	2
118	193	-2
118	206	2
119	122	1
119	124	1
119	162	-2
119	244	-2
119	298	2
120	121	1
120	125	2
120	148	1
120	181	2
120	196	2
120	231	-2
121	174	-2
121	181	2
121	227	-2
122	124	1
122	165	2
122	244	-2
122	257	2
123	201	2
123	247	-2
123	291	-2
124	133	1
124	162	-2
124	165	2
124	303	-2
125	147	1
125	148	1
125	196	2
125	208	2
125	231	-2
126	142	1
126	147	1
126	159	2
126	267	-2
126	287	2
127	226	-2
127	248	2
127	249	2
128	225	2
128	264	-2
128	288	2
129	146	1
129	167	2
129	212	2
129	233	-2
130	147	1
130	216	-2
130	238	2
130	304	-2
131	139	1
131	145	1
131	160	-2
131	234	2
131	266	-2
132	137	1
132	150	1
132	177	2
132	179	-2
132	279	-2
133	164	2
133	209	-2
133	303	-2
134	191	2
134	217	2
134	251	-2
135	151	1
135	203	-2
135	237	-2
135	275	-2
136	171	-2
136	219	2
136	230	2
137	177	2
137	189	-2
137	221	-2
138	148	1
138	155	-2
138	186	-2
138	243	-2
139	145	1
139	170	-2
139	266	-2
139	276	-2
140	163	2
140	168	-2
140	295	2
141	157	-2
141	263	2
141	294	2
142	159	2
142	185	2
142	200	-2
143	144	1
143	150	1
143	183	2
143	192	2
143	215	-2
144	192	2
144	272	2
144	277	-2
145	148	1
145	252	-2
145	266	-2
145	290	-2
146	154	-2
146	212	2
146	299	-2
147	208	2
147	216	-2
147	287	2
148	231	-2
148	243	-2
148	252	-2
149	188	2
149	259	2
149	297	-2
150	183	2
150	279	-2
150	280	2
151	176	2
151	203	-2
151	241	2
152	175	2
152	211	2
152	239	-2
