1	1	1
2	2	-1
3	3	-1
4	4	-1
5	5	1
6	6	1
7	7	3
8	8	-1
9	9	-1
10	10	-1
11	11	-3
12	12	1
13	13	1
14	14	1
15	15	1
16	16	1
17	17	-1
18	18	-1
19	19	-3
20	20	1
21	21	1
22	22	1
23	23	1
24	24	-1
25	25	1
26	26	3
27	27	1
28	28	1
29	29	-1
30	30	1
31	31	-1
32	32	-1
33	33	-3
34	34	-1
35	35	1
36	36	-1
37	37	1
38	38	1
39	39	3
40	40	3
41	41	1
42	42	1
43	43	3
44	44	-1
45	45	-1
46	46	1
47	47	-1
48	48	1
49	49	-1
50	50	3
51	51	1
52	52	1
53	53	3
54	54	1
55	55	-1
56	56	-1
57	57	3
58	58	-1
59	59	1
60	60	-1
61	61	3
62	62	-1
63	63	1
64	64	1
65	65	3
66	66	3
67	67	-3
68	68	1
69	69	3
70	70	1
71	71	1
72	72	-3
73	73	-2
74	74	2
75	75	-2
76	76	-2
77	77	2
78	78	2
79	79	2
80	80	-2
81	81	-2
82	82	-2
83	83	-2
84	84	2
85	85	2
86	86	-2
87	87	2
88	88	2
89	89	-2
90	90	2
91	91	-2
92	92	2
93	93	2
94	94	2
95	95	-2
96	96	2
97	97	-2
98	98	-2
99	99	2
100	100	-2
101	101	-2
102	102	-2
103	103	2
104	104	2
105	105	-2
106	106	2
107	107	2
108	108	-2
109	109	2
110	110	2
111	111	-2
112	112	-2
113	113	2
114	114	2
115	115	2
116	116	2
117	117	-2
118	118	-2
119	119	-2
120	120	2
121	121	2
122	122	2
123	123	2
124	124	-2
125	125	-2
126	126	2
127	127	2
128	128	-2
129	129	-2
130	130	-2
131	131	2
132	132	-2
133	133	-2
134	134	-2
135	135	-2
136	136	-2
137	137	-2
138	138	2
139	139	-2
140	140	2
141	141	2
142	142	2
143	143	-2
144	144	2
1	12	1
1	23	1
1	27	1
1	40	1
1	52	1
1	72	1
1	109	-2
1	123	2
1	125	-2
2	7	1
2	21	1
2	25	1
2	36	1
2	48	1
2	72	1
2	100	2
2	107	2
2	133	2
3	8	1
3	11	1
3	32	1
3	56	1
3	62	1
3	64	1
3	85	2
3	89	2
3	137	2
4	16	1
4	17	1
4	34	1
4	41	1
4	49	1
4	72	1
4	111	-2
4	131	-2
4	144	-2
5	6	1
5	7	1
5	16	1
5	33	1
5	57	1
5	63	1
5	106	-2
5	132	-2
5	136	-2
6	14	1
6	33	1
6	40	1
6	51	1
6	53	1
6	73	-2
6	79	2
6	106	-2
7	48	1
7	57	1
7	65	1
7	66	1
7	107	2
7	117	-2
7	132	-2
8	11	1
8	14	1
8	18	1
8	19	1
8	45	1
8	89	2
8	99	2
8	103	-2
9	17	1
9	27	1
9	41	1
9	60	1
9	63	1
9	67	1
9	80	2
9	101	2
9	138	2
10	14	1
10	25	1
10	30	1
10	31	1
10	48	1
10	51	1
10	96	2
10	114	-2
10	139	2
11	24	1
11	35	1
11	42	1
11	52	1
11	89	2
11	102	2
11	116	-2
12	15	1
12	39	1
12	40	1
12	47	1
12	49	1
12	125	-2
12	129	2
12	135	-2
13	26	1
13	33	1
13	38	1
13	52	1
13	68	1
13	70	1
13	76	-2
13	121	-2
13	134	-2
14	45	1
14	51	2
14	73	-2
14	99	2
14	139	2
15	39	1
15	47	1
15	58	1
15	63	1
15	64	1
15	84	-2
15	124	-2
15	135	-2
16	17	1
16	36	1
16	63	1
16	69	1
16	113	2
16	131	-2
16	136	-2
17	27	1
17	32	1
17	67	1
17	80	2
17	91	-2
17	131	-2
18	19	1
18	23	1
18	28	1
18	56	1
18	64	1
18	75	2
18	95	-2
18	103	-2
19	23	1
19	29	1
19	45	1
19	70	1
19	90	-2
19	103	-2
19	128	2
20	21	1
20	24	1
20	26	1
20	30	1
20	36	1
20	55	1
20	98	2
20	122	2
20	141	2
21	30	1
21	36	1
21	42	1
21	59	1
21	77	2
21	133	2
21	141	2
22	32	1
22	48	1
22	50	1
22	62	1
22	66	1
22	71	1
22	105	-2
22	119	2
22	143	-2
23	29	1
23	52	1
23	64	1
23	95	-2
23	123	2
23	128	2
24	26	1
24	29	1
24	38	1
24	52	1
24	116	-2
24	120	-2
24	122	2
25	31	1
25	46	1
25	50	1
25	72	1
25	96	2
25	100	2
25	110	2
26	37	1
26	65	1
26	70	1
26	76	-2
26	122	2
26	140	2
27	32	1
27	60	1
27	72	1
27	91	-2
27	109	-2
27	138	2
28	49	1
28	56	1
28	57	1
28	65	1
28	68	1
28	75	2
28	78	2
28	88	2
29	38	1
29	39	1
29	55	1
29	108	-2
29	120	-2
29	128	2
30	40	1
30	48	1
30	57	1
30	86	-2
30	114	-2
30	141	2
31	44	1
31	45	1
31	59	1
31	60	1
31	96	2
31	112	2
31	127	-2
32	62	1
32	71	1
32	91	-2
32	119	2
32	137	2
33	44	1
33	67	1
33	68	1
33	106	-2
33	121	-2
33	130	2
34	41	1
34	55	1
34	56	1
34	58	1
34	60	1
34	83	2
34	111	-2
34	142	-2
35	42	1
35	43	1
35	44	1
35	71	2
35	93	2
35	102	2
35	126	2
36	55	1
36	69	1
36	98	2
36	113	2
36	133	2
37	46	1
37	51	1
37	65	1
37	67	1
37	69	1
37	74	2
37	87	-2
37	140	2
38	47	1
38	50	1
38	52	1
38	82	-2
38	120	-2
38	134	-2
39	53	1
39	54	1
39	55	1
39	104	2
39	108	-2
39	135	-2
40	53	1
40	57	1
40	79	2
40	86	-2
40	125	-2
41	54	1
41	59	1
41	63	1
41	81	-2
41	101	2
41	111	-2
42	59	1
42	61	1
42	68	1
42	77	2
42	92	2
42	102	2
43	46	1
43	61	1
43	69	1
43	70	1
43	71	1
43	93	2
43	94	2
43	115	2
44	45	1
44	67	1
44	71	1
44	112	2
44	126	2
44	130	2
45	70	1
45	90	-2
45	99	2
45	112	2
46	50	1
46	61	1
46	67	1
46	87	-2
46	110	2
46	115	2
47	49	1
47	50	1
47	64	1
47	82	-2
47	84	-2
47	129	2
48	62	1
48	105	-2
48	107	2
48	114	-2
49	57	1
49	72	1
49	88	2
49	129	2
49	144	-2
50	66	1
50	82	-2
50	110	2
50	143	-2
51	69	1
51	73	-2
51	74	2
51	139	2
52	116	-2
52	123	2
52	134	-2
53	54	1
53	61	1
53	66	1
53	79	2
53	104	2
53	118	-2
54	58	1
54	59	1
54	62	1
54	81	-2
54	97	2
54	104	2
55	56	1
55	98	2
55	108	-2
55	142	-2
56	64	1
56	75	2
56	85	2
56	142	-2
57	86	-2
57	88	2
57	132	-2
58	60	1
58	62	1
58	63	1
58	83	2
58	97	2
58	124	-2
59	60	1
59	77	2
59	81	-2
59	127	-2
60	83	2
60	127	-2
60	138	2
61	66	1
61	68	1
61	92	2
61	115	2
61	118	-2
62	97	2
62	105	-2
62	137	2
63	101	2
63	124	-2
63	136	-2
64	84	-2
64	85	2
64	95	-2
65	66	1
65	68	1
65	78	2
65	117	-2
65	140	2
66	117	-2
66	118	-2
66	143	-2
67	80	2
67	87	-2
67	130	2
68	78	2
68	92	2
68	121	-2
69	70	1
69	74	2
69	94	2
69	113	2
70	76	-2
70	90	-2
70	94	2
71	93	2
71	119	2
71	126	2
72	100	2
72	109	-2
72	144	-2
