1	1	3
2	2	-1
3	3	1
4	4	-1
5	5	-3
6	6	1
7	7	-1
8	8	3
9	9	1
10	10	-1
11	11	-1
12	12	-1
13	13	-3
14	14	-1
15	15	1
16	16	-1
17	17	-1
18	18	3
19	19	1
20	20	-1
21	21	1
22	22	-1
23	23	-1
24	24	3
25	25	1
26	26	1
27	27	1
28	28	-1
29	29	-3
30	30	-3
31	31	1
32	32	-1
33	33	-1
34	34	1
35	35	-1
36	36	3
37	37	1
38	38	-1
39	39	3
40	40	1
41	41	-3
42	42	-1
43	43	1
44	44	-1
45	45	3
46	46	1
47	47	1
48	48	-3
49	49	1
50	50	-1
51	51	-1
52	52	-1
53	53	-3
54	54	-1
55	55	-1
56	56	1
57	57	-1
58	58	-1
59	59	-1
60	60	-1
61	61	-1
62	62	-1
63	63	1
64	64	1
65	65	-1
66	66	1
67	67	1
68	68	-1
69	69	-1
70	70	3
71	71	1
72	72	-1
73	73	1
74	74	1
75	75	1
76	76	1
77	77	-1
78	78	-1
79	79	-3
80	80	-1
81	81	-1
82	82	1
83	83	3
84	84	1
85	85	-1
86	86	1
87	87	-1
88	88	1
89	89	3
90	90	1
91	91	-1
92	92	-1
93	93	3
94	94	-1
95	95	1
96	96	-1
97	97	3
98	98	1
99	99	1
100	100	3
101	101	1
102	102	-3
103	103	-1
104	104	1
105	105	1
106	106	-3
107	107	1
108	108	1
109	109	1
110	110	-1
111	111	3
112	112	1
113	113	1
114	114	-1
115	115	1
116	116	3
117	117	-1
118	118	1
119	119	1
120	120	-1
121	121	-1
122	122	1
123	123	3
124	124	-1
125	125	-1
126	126	1
127	127	-3
128	128	-1
129	129	-1
130	130	-1
131	131	-1
132	132	-3
133	133	1
134	134	-1
135	135	1
136	136	1
137	137	-1
138	138	3
139	139	1
140	140	-1
141	141	1
142	142	-1
143	143	-3
144	144	-1
145	145	-1
146	146	-1
147	147	-1
148	148	3
149	149	-1
150	150	1
151	151	-1
152	152	-1
153	153	-1
154	154	1
155	155	-1
156	156	1
157	157	1
158	158	3
159	159	-1
160	160	-3
161	161	1
162	162	-3
163	163	1
164	164	-1
165	165	-3
166	166	-1
167	167	-1
168	168	-1
169	169	-1
170	170	3
171	171	3
172	172	3
173	173	-3
174	174	1
175	175	-3
176	176	1
177	177	-1
178	178	3
179	179	1
180	180	1
181	181	-1
182	182	1
183	183	-1
184	184	1
185	185	1
186	186	1
187	187	1
188	188	-1
189	189	-3
190	190	1
191	191	1
192	192	3
193	193	1
194	194	1
195	195	1
196	196	-1
197	197	1
198	198	-1
199	199	1
200	200	1
201	201	3
202	202	-3
203	203	1
204	204	-1
205	205	1
206	206	-1
207	207	-3
208	208	-1
209	209	-1
210	210	1
211	211	-3
212	212	1
213	213	-1
214	214	-1
215	215	-3
216	216	-1
217	217	-1
218	218	-1
219	219	-1
220	220	-1
221	221	-1
222	222	3
223	223	1
224	224	-1
225	225	-3
226	226	1
227	227	1
228	228	1
229	229	3
230	230	-1
231	231	1
232	232	-1
233	233	-1
234	234	-1
235	235	1
236	236	1
237	237	-1
238	238	1
239	239	3
240	240	-3
241	241	1
242	242	3
243	243	1
244	244	-1
245	245	-1
246	246	-1
247	247	1
248	248	1
249	249	1
250	250	-1
251	251	-1
252	252	-1
253	253	-1
254	254	1
255	255	1
256	256	-1
257	257	-2
258	258	2
259	259	2
260	260	-2
261	261	2
262	262	2
263	263	2
264	264	-2
265	265	-2
266	266	2
267	267	2
268	268	2
269	269	2
270	270	-2
271	271	-2
272	272	2
273	273	-2
274	274	-2
275	275	-2
276	276	-2
277	277	-2
278	278	-2
279	279	2
280	280	2
281	281	2
282	282	2
283	283	2
284	284	2
285	285	-2
286	286	-2
287	287	-2
288	288	-2
289	289	2
290	290	2
291	291	2
292	292	2
293	293	2
294	294	-2
295	295	2
296	296	2
297	297	2
298	298	2
299	299	2
300	300	2
301	301	-2
302	302	2
303	303	2
304	304	2
305	305	2
306	306	2
307	307	2
308	308	-2
309	309	2
310	310	2
311	311	-2
312	312	-2
313	313	2
314	314	2
315	315	2
316	316	2
317	317	2
318	318	-2
319	319	2
320	320	-2
321	321	-2
322	322	2
323	323	2
324	324	-2
325	325	2
326	326	2
327	327	2
328	328	-2
329	329	-2
330	330	2
331	331	-2
332	332	-2
333	333	2
334	334	-2
335	335	-2
336	336	-2
337	337	-2
338	338	2
339	339	-2
340	340	2
341	341	-2
342	342	2
343	343	-2
344	344	-2
345	345	2
346	346	-2
347	347	-2
348	348	-2
349	349	-2
350	350	2
351	351	-2
352	352	-2
353	353	2
354	354	-2
355	355	-2
356	356	2
357	357	-2
358	358	-2
359	359	-2
360	360	2
361	361	-2
362	362	-2
363	363	-2
364	364	-2
365	365	-2
366	366	2
367	367	-2
368	368	-2
369	369	2
370	370	2
371	371	2
372	372	2
373	373	2
374	374	2
375	375	-2
376	376	-2
377	377	-2
378	378	2
379	379	-2
380	380	-2
381	381	2
382	382	2
383	383	2
384	384	-2
385	385	2
386	386	-2
387	387	2
388	388	-2
389	389	-2
390	390	-2
391	391	2
392	392	2
393	393	-2
394	394	2
395	395	-2
396	396	-2
397	397	-2
398	398	2
399	399	-2
400	400	2
401	401	2
402	402	2
403	403	2
404	404	-2
405	405	2
406	406	-2
407	407	2
408	408	2
409	409	2
410	410	-2
411	411	-2
412	412	-2
413	413	2
414	414	-2
415	415	-2
416	416	2
417	417	-2
418	418	-2
419	419	2
420	420	-2
421	421	2
422	422	-2
423	423	-2
424	424	2
425	425	2
426	426	-2
427	427	2
428	428	2
429	429	-2
430	430	-2
431	431	-2
432	432	-2
433	433	2
434	434	2
435	435	-2
436	436	2
437	437	2
438	438	-2
439	439	2
440	440	-2
441	441	2
442	442	2
443	443	-2
444	444	2
445	445	2
446	446	-2
447	447	2
448	448	2
449	449	2
450	450	2
451	451	2
452	452	-2
453	453	2
454	454	2
455	455	2
456	456	2
457	457	2
458	458	2
459	459	-2
460	460	-2
461	461	-2
462	462	2
463	463	-2
464	464	-2
465	465	2
466	466	-2
467	467	-2
468	468	2
469	469	-2
470	470	2
471	471	2
472	472	2
473	473	-2
474	474	2
475	475	-2
476	476	2
477	477	-2
478	478	-2
479	479	2
480	480	-2
481	481	2
482	482	-2
483	483	-2
484	484	2
485	485	2
486	486	2
487	487	-2
488	488	-2
489	489	-2
490	490	2
491	491	2
492	492	2
493	493	2
494	494	2
495	495	-2
496	496	-2
497	497	-2
498	498	2
499	499	2
500	500	-2
501	501	-2
502	502	-2
503	503	2
504	504	-2
505	505	-2
506	506	-2
507	507	2
508	508	2
509	509	-2
510	510	2
511	511	-2
512	512	-2
1	18	1
1	89	1
1	141	1
1	176	1
1	242	1
1	243	1
1	261	2
1	263	2
1	363	-2
2	119	1
2	127	1
2	129	1
2	143	1
2	218	1
2	242	1
2	360	-2
2	409	-2
2	460	-2
3	87	1
3	95	1
3	133	1
3	227	1
3	244	1
3	246	1
3	311	-2
3	356	-2
3	413	2
4	57	1
4	164	1
4	174	1
4	195	1
4	226	1
4	228	1
4	312	2
4	411	2
4	426	-2
5	124	1
5	150	1
5	168	1
5	206	1
5	243	1
5	250	1
5	448	-2
5	450	-2
5	467	2
6	18	1
6	51	1
6	88	1
6	166	1
6	205	1
6	236	1
6	340	2
6	369	-2
6	456	2
7	136	1
7	144	1
7	156	1
7	189	1
7	217	1
7	218	1
7	266	-2
7	318	-2
7	466	2
8	36	1
8	89	1
8	100	1
8	126	1
8	145	1
8	242	1
8	367	-2
8	406	-2
8	459	-2
9	34	1
9	45	1
9	114	1
9	164	1
9	171	1
9	205	1
9	271	-2
9	442	2
9	446	2
10	17	1
10	23	1
10	98	1
10	156	1
10	159	1
10	182	1
10	258	-2
10	274	-2
10	385	-2
11	20	1
11	33	1
11	117	1
11	149	1
11	155	1
11	163	1
11	332	-2
11	336	2
11	393	2
12	50	1
12	158	1
12	162	2
12	180	1
12	248	1
12	269	2
12	280	-2
12	358	2
13	15	1
13	175	1
13	177	1
13	179	1
13	189	1
13	230	1
13	287	2
13	301	2
13	425	-2
14	27	1
14	78	1
14	114	1
14	142	1
14	143	1
14	193	1
14	310	-2
14	373	2
14	472	-2
15	26	1
15	70	1
15	83	1
15	171	1
15	189	1
15	287	2
15	357	-2
15	509	-2
16	43	1
16	49	1
16	103	1
16	147	1
16	152	1
16	193	1
16	299	-2
16	384	2
16	510	2
17	23	1
17	103	1
17	108	1
17	241	1
17	256	1
17	377	2
17	385	-2
17	399	-2
18	93	1
18	205	1
18	222	1
18	242	1
18	261	2
18	340	2
18	343	-2
19	172	1
19	196	1
19	229	1
19	240	1
19	247	1
19	249	1
19	346	-2
19	408	-2
19	511	-2
20	33	1
20	54	1
20	128	1
20	134	1
20	161	1
20	264	-2
20	336	2
20	422	2
21	58	1
21	86	1
21	100	1
21	187	1
21	237	1
21	243	1
21	315	2
21	327	-2
21	329	-2
22	59	1
22	72	1
22	79	1
22	96	1
22	247	2
22	303	2
22	334	2
22	349	2
23	72	1
23	179	1
23	224	1
23	248	1
23	385	-2
23	401	-2
23	461	-2
24	103	1
24	114	1
24	117	1
24	121	1
24	224	1
24	254	1
24	395	-2
24	416	2
24	454	2
25	112	1
25	132	1
25	154	1
25	216	1
25	232	1
25	239	1
25	282	-2
25	380	-2
25	437	2
26	30	1
26	58	1
26	70	1
26	81	1
26	201	1
26	326	2
26	357	-2
26	375	2
27	37	1
27	97	1
27	167	1
27	193	1
27	220	1
27	373	2
27	405	2
27	477	2
28	60	1
28	77	1
28	174	1
28	181	1
28	219	1
28	249	1
28	415	-2
28	419	-2
28	504	2
29	85	1
29	120	2
29	142	1
29	203	1
29	244	1
29	298	-2
29	307	-2
29	507	-2
30	57	1
30	58	1
30	127	1
30	210	1
30	215	1
30	275	2
30	375	2
30	490	-2
31	45	1
31	71	1
31	76	1
31	94	1
31	96	1
31	183	1
31	294	-2
31	321	2
31	451	2
32	81	1
32	126	1
32	138	1
32	167	1
32	184	1
32	190	1
32	359	2
32	392	2
32	500	2
33	34	1
33	67	1
33	127	1
33	217	1
33	336	2
33	337	-2
33	400	-2
34	35	1
34	67	1
34	124	1
34	171	1
34	337	-2
34	436	-2
34	442	2
35	55	1
35	86	1
35	113	1
35	124	1
35	223	1
35	308	-2
35	348	2
35	436	-2
36	52	1
36	55	1
36	64	1
36	89	1
36	118	1
36	319	2
36	390	-2
36	406	-2
37	65	1
37	97	1
37	102	1
37	124	1
37	207	1
37	405	2
37	420	2
37	452	-2
38	102	1
38	107	1
38	123	1
38	173	1
38	178	1
38	208	1
38	331	2
38	428	-2
38	483	-2
39	67	1
39	70	1
39	178	1
39	185	1
39	222	1
39	249	1
39	313	2
39	387	2
39	462	2
40	71	1
40	89	1
40	102	1
40	105	1
40	159	1
40	251	1
40	265	-2
40	304	2
40	487	2
41	48	1
41	91	1
41	128	1
41	181	1
41	213	1
41	230	1
41	259	-2
41	270	2
41	494	-2
42	53	1
42	56	1
42	92	1
42	176	1
42	188	1
42	234	1
42	297	-2
42	353	-2
42	471	2
43	49	1
43	54	1
43	63	1
43	157	1
43	193	1
43	288	2
43	444	2
43	510	2
44	52	1
44	68	1
44	168	1
44	172	1
44	213	1
44	251	1
44	273	2
44	362	2
44	372	2
45	164	1
45	170	1
45	180	1
45	183	1
45	271	-2
45	294	-2
45	481	2
46	69	1
46	78	1
46	80	1
46	109	1
46	116	1
46	245	1
46	285	-2
46	397	-2
46	432	2
47	123	1
47	140	1
47	185	1
47	195	1
47	209	1
47	227	1
47	317	2
47	342	2
47	379	2
48	132	1
48	133	1
48	181	1
48	215	1
48	232	1
48	270	2
48	330	-2
48	407	-2
49	90	1
49	137	1
49	150	1
49	214	1
49	272	2
49	412	2
49	510	2
50	51	1
50	107	1
50	138	1
50	151	1
50	162	1
50	358	2
50	382	-2
50	455	2
51	93	1
51	151	1
51	166	1
51	200	1
51	324	-2
51	369	-2
51	382	-2
52	64	1
52	68	1
52	144	1
52	173	1
52	289	-2
52	319	2
52	362	2
53	55	1
53	80	1
53	163	1
53	176	1
53	219	1
53	297	-2
53	338	-2
53	431	2
54	98	1
54	139	1
54	157	1
54	161	1
54	264	-2
54	288	2
54	439	-2
55	118	1
55	163	1
55	223	1
55	348	2
55	390	-2
55	431	2
56	162	1
56	184	1
56	188	1
56	191	1
56	196	1
56	430	-2
56	433	-2
56	471	2
57	127	1
57	164	1
57	199	1
57	239	1
57	275	2
57	411	2
57	423	-2
58	86	1
58	186	1
58	194	1
58	327	-2
58	375	2
58	489	-2
59	75	1
59	96	1
59	97	1
59	221	1
59	233	1
59	302	2
59	349	2
59	482	2
60	104	1
60	121	1
60	137	1
60	174	1
60	178	1
60	419	-2
60	427	-2
60	465	2
61	106	1
61	122	1
61	177	1
61	185	1
61	233	1
61	245	1
61	296	-2
61	424	2
61	499	-2
62	130	1
62	149	1
62	169	1
62	202	1
62	211	1
62	239	1
62	404	2
62	479	-2
62	491	2
63	91	1
63	138	1
63	173	1
63	193	1
63	228	1
63	383	-2
63	421	2
63	444	2
64	94	1
64	166	1
64	197	1
64	218	1
64	319	2
64	328	-2
64	434	-2
65	124	1
65	165	1
65	204	1
65	207	1
65	211	1
65	323	-2
65	443	2
65	452	-2
66	77	1
66	111	1
66	166	1
66	214	1
66	226	1
66	236	1
66	257	2
66	279	2
66	435	-2
67	80	1
67	197	1
67	249	1
67	278	2
67	313	2
67	337	-2
68	71	1
68	133	1
68	238	1
68	255	1
68	341	-2
68	362	2
68	493	-2
69	84	1
69	93	1
69	109	1
69	130	1
69	143	1
69	339	2
69	432	2
69	470	2
70	213	1
70	221	1
70	222	1
70	357	-2
70	462	2
70	469	-2
71	94	1
71	102	1
71	133	1
71	341	-2
71	451	2
71	487	2
72	117	1
72	224	2
72	247	1
72	303	2
72	316	-2
72	401	-2
73	83	1
73	116	1
73	134	1
73	160	1
73	214	1
73	231	1
73	381	-2
73	386	-2
73	398	2
74	101	1
74	112	1
74	116	1
74	121	1
74	129	1
74	222	1
74	291	2
74	445	2
74	508	-2
75	97	1
75	125	1
75	136	1
75	146	1
75	165	1
75	302	2
75	458	2
75	501	2
76	96	1
76	135	1
76	155	1
76	156	1
76	250	1
76	262	2
76	321	2
76	464	-2
77	181	1
77	184	1
77	226	1
77	241	1
77	435	-2
77	478	2
77	504	2
78	80	1
78	142	1
78	153	1
78	256	1
78	285	-2
78	310	-2
78	361	2
79	175	1
79	198	1
79	207	1
79	247	1
79	252	1
79	260	2
79	334	2
79	388	2
80	197	1
80	219	1
80	278	2
80	285	-2
80	338	-2
81	190	1
81	201	1
81	227	1
81	246	1
81	326	2
81	359	2
81	512	2
82	112	1
82	129	1
82	135	1
82	152	1
82	154	1
82	183	1
82	391	-2
82	418	-2
82	441	2
83	116	1
83	142	1
83	171	1
83	199	1
83	366	2
83	386	-2
83	509	-2
84	93	1
84	149	1
84	158	1
84	219	1
84	231	1
84	292	-2
84	470	2
84	488	-2
85	109	1
85	119	1
85	145	1
85	244	1
85	253	1
85	307	-2
85	335	2
85	463	-2
86	98	1
86	105	1
86	113	1
86	308	-2
86	327	-2
86	438	-2
87	99	1
87	183	1
87	192	1
87	196	1
87	246	1
87	352	2
87	355	-2
87	356	-2
88	104	1
88	131	1
88	170	1
88	236	1
88	245	1
88	429	2
88	456	2
88	486	2
89	141	1
89	251	1
89	265	-2
89	363	-2
89	406	-2
90	101	1
90	131	1
90	150	1
90	186	1
90	223	1
90	272	2
90	322	-2
90	505	-2
91	96	1
91	173	1
91	208	1
91	230	1
91	259	-2
91	365	-2
91	383	-2
92	126	1
92	182	1
92	190	1
92	212	1
92	234	1
92	283	-2
92	353	-2
92	484	2
93	200	1
93	222	1
93	324	-2
93	343	-2
93	470	2
94	166	1
94	232	1
94	253	1
94	376	2
94	434	-2
94	451	2
95	99	1
95	148	1
95	240	1
95	241	1
95	244	1
95	344	2
95	371	2
95	413	2
96	208	1
96	321	2
96	349	2
96	365	-2
97	151	1
97	216	1
97	302	2
97	403	2
97	405	2
98	105	1
98	139	1
98	182	1
98	274	-2
98	438	-2
98	439	-2
99	171	1
99	192	1
99	229	1
99	240	1
99	344	2
99	355	-2
99	474	2
100	145	1
100	187	1
100	197	1
100	229	1
100	315	2
100	457	2
100	459	-2
101	116	1
101	123	1
101	131	1
101	238	1
101	291	2
101	322	-2
101	498	2
102	173	1
102	207	1
102	420	2
102	428	-2
102	487	2
103	108	1
103	121	1
103	147	1
103	299	-2
103	377	2
103	416	2
104	147	1
104	170	1
104	178	1
104	209	1
104	314	-2
104	465	2
104	486	2
105	159	1
105	225	1
105	256	1
105	304	2
105	438	-2
105	449	-2
106	110	1
106	113	1
106	152	1
106	177	1
106	188	1
106	447	-2
106	499	-2
106	502	2
107	120	1
107	138	1
107	176	1
107	208	1
107	331	2
107	414	-2
107	455	2
108	115	1
108	192	1
108	195	1
108	236	1
108	286	-2
108	377	2
108	492	2
109	113	1
109	119	1
109	177	1
109	267	2
109	432	2
109	463	-2
110	113	1
110	125	1
110	160	1
110	192	1
110	234	1
110	290	2
110	396	2
110	502	2
111	131	1
111	150	1
111	166	1
111	191	1
111	252	1
111	279	2
111	284	2
111	370	2
112	154	1
112	183	1
112	222	1
112	380	-2
112	391	-2
112	445	2
113	177	1
113	267	2
113	308	-2
113	502	2
114	117	1
114	143	1
114	205	1
114	395	-2
114	446	2
114	472	-2
115	137	1
115	161	1
115	195	1
115	202	1
115	212	1
115	389	2
115	492	2
115	497	-2
116	245	1
116	291	2
116	386	-2
116	397	-2
117	155	1
117	224	1
117	316	-2
117	393	2
117	395	-2
118	179	1
118	201	1
118	248	1
118	250	1
118	268	2
118	347	2
118	390	-2
119	216	1
119	242	1
119	244	1
119	368	2
119	460	-2
119	463	-2
120	142	1
120	176	1
120	203	1
120	298	-2
120	414	-2
120	507	-2
121	129	1
121	137	1
121	416	2
121	427	-2
121	508	-2
122	168	1
122	182	1
122	185	1
122	231	1
122	235	1
122	364	2
122	417	-2
122	424	2
123	178	1
123	227	1
123	238	1
123	342	2
123	483	-2
123	498	2
124	168	1
124	436	-2
124	452	-2
124	467	2
125	136	1
125	154	1
125	160	1
125	237	1
125	354	2
125	396	2
125	458	2
126	167	1
126	190	1
126	242	1
126	367	-2
126	484	2
126	500	2
127	217	1
127	218	1
127	275	2
127	400	-2
127	409	-2
128	134	1
128	139	1
128	213	1
128	253	1
128	305	2
128	422	2
128	494	-2
129	135	1
129	143	1
129	360	-2
129	441	2
129	508	-2
130	143	1
130	145	1
130	153	1
130	239	1
130	339	2
130	350	-2
130	491	2
131	150	1
131	245	1
131	322	-2
131	370	2
131	429	2
132	159	1
132	215	1
132	216	1
132	220	1
132	282	-2
132	407	-2
132	473	2
133	227	1
133	232	1
133	311	-2
133	330	-2
133	341	-2
134	148	1
134	160	1
134	235	1
134	381	-2
134	422	2
134	485	2
135	155	1
135	211	1
135	240	1
135	262	2
135	394	-2
135	441	2
136	148	1
136	157	1
136	217	1
136	300	2
136	458	2
136	466	2
137	212	1
137	214	1
137	412	2
137	427	-2
137	497	-2
138	184	1
138	228	1
138	392	2
138	421	2
138	455	2
139	167	1
139	230	1
139	253	1
139	305	2
139	439	-2
139	453	2
140	169	1
140	195	1
140	234	1
140	252	1
140	254	1
140	317	2
140	345	-2
140	440	2
141	158	1
141	186	1
141	198	2
141	306	-2
141	351	-2
141	363	-2
142	199	1
142	310	-2
142	366	2
142	507	-2
143	339	2
143	360	-2
143	472	-2
144	156	1
144	173	1
144	187	1
144	225	1
144	289	-2
144	318	-2
144	320	2
145	153	1
145	253	1
145	335	2
145	350	-2
145	459	-2
146	165	1
146	189	1
146	190	1
146	208	1
146	238	1
146	295	-2
146	495	-2
146	501	2
147	209	1
147	210	1
147	217	1
147	299	-2
147	309	2
147	314	-2
148	157	1
148	235	1
148	241	1
148	300	2
148	371	2
148	485	2
149	163	1
149	211	1
149	219	1
149	292	-2
149	332	-2
149	479	-2
150	250	1
150	272	2
150	370	2
150	450	-2
151	191	1
151	216	1
151	235	1
151	382	-2
151	403	2
151	496	2
152	154	1
152	188	1
152	193	1
152	384	2
152	418	-2
152	447	-2
153	169	1
153	212	1
153	256	1
153	325	2
153	350	-2
153	361	2
154	237	1
154	354	2
154	380	-2
154	418	-2
155	194	1
155	199	1
155	262	2
155	374	-2
155	393	2
156	159	1
156	250	1
156	258	-2
156	318	-2
156	464	-2
157	201	1
157	203	1
157	288	2
157	300	2
157	402	2
158	198	1
158	231	1
158	248	1
158	269	2
158	351	-2
158	488	-2
159	220	1
159	258	-2
159	304	2
159	473	2
160	165	1
160	221	1
160	378	-2
160	381	-2
160	396	2
161	181	1
161	202	1
161	246	1
161	264	-2
161	293	2
161	389	2
162	180	1
162	196	1
162	280	-2
162	358	2
162	433	-2
163	180	1
163	255	1
163	332	-2
163	431	2
163	503	2
164	204	1
164	215	1
164	271	-2
164	411	2
164	475	2
165	211	1
165	221	1
165	378	-2
165	443	2
165	501	2
166	279	2
166	369	-2
166	434	-2
167	220	1
167	230	1
167	453	2
167	477	2
167	500	2
168	172	1
168	231	1
168	364	2
168	372	2
168	467	2
169	202	1
169	212	1
169	234	1
169	325	2
169	345	-2
169	404	2
170	180	1
170	205	1
170	223	1
170	468	2
170	481	2
170	486	2
171	229	1
171	442	2
171	474	2
171	509	-2
172	174	1
172	196	1
172	206	1
172	333	2
172	346	-2
172	372	2
173	289	-2
173	383	-2
173	428	-2
174	206	1
174	226	1
174	333	2
174	419	-2
174	426	-2
175	188	1
175	230	1
175	251	1
175	252	1
175	260	2
175	281	-2
175	301	2
176	243	1
176	263	2
176	297	-2
176	414	-2
177	179	1
177	267	2
177	425	-2
177	499	-2
178	185	1
178	387	2
178	465	2
178	483	-2
179	201	1
179	248	1
179	268	2
179	425	-2
179	461	-2
180	255	1
180	280	-2
180	481	2
180	503	2
181	246	1
181	270	2
181	293	2
181	504	2
182	212	1
182	235	1
182	274	-2
182	283	-2
182	417	-2
183	196	1
183	294	-2
183	352	2
183	391	-2
184	191	1
184	241	1
184	392	2
184	430	-2
184	478	2
185	209	1
185	379	2
185	387	2
185	424	2
186	194	1
186	198	1
186	223	1
186	306	-2
186	489	-2
186	505	-2
187	200	1
187	225	1
187	228	1
187	277	-2
187	315	2
187	320	2
188	251	1
188	281	-2
188	447	-2
188	471	2
189	208	1
189	218	1
189	266	-2
189	287	2
189	295	-2
190	238	1
190	359	2
190	484	2
190	495	-2
191	235	1
191	252	1
191	284	2
191	430	-2
191	496	2
192	234	1
192	236	1
192	286	-2
192	290	2
192	355	-2
193	373	2
193	384	2
193	444	2
194	199	1
194	203	1
194	204	1
194	374	-2
194	480	-2
194	489	-2
195	228	1
195	312	2
195	317	2
195	492	2
196	346	-2
196	352	2
196	433	-2
197	218	1
197	229	1
197	278	2
197	328	-2
197	457	2
198	207	1
198	306	-2
198	351	-2
198	388	2
199	239	1
199	366	2
199	374	-2
199	423	-2
200	206	1
200	225	1
200	228	1
200	276	2
200	277	-2
200	324	-2
201	203	1
201	268	2
201	326	2
201	402	2
202	226	1
202	237	1
202	389	2
202	404	2
202	506	2
203	204	1
203	298	-2
203	402	2
203	480	-2
204	207	1
204	215	1
204	323	-2
204	475	2
204	480	-2
205	223	1
205	340	2
205	446	2
205	468	2
206	225	1
206	243	1
206	276	2
206	333	2
206	448	-2
207	323	-2
207	388	2
207	420	2
208	295	-2
208	331	2
208	365	-2
209	210	1
209	220	1
209	314	-2
209	379	2
209	410	-2
210	215	1
210	217	1
210	220	1
210	309	2
210	410	-2
210	490	-2
211	240	1
211	394	-2
211	443	2
211	479	-2
212	283	-2
212	325	2
212	497	-2
213	221	1
213	251	1
213	273	2
213	469	-2
213	494	-2
214	231	1
214	236	1
214	257	2
214	398	2
214	412	2
215	407	-2
215	475	2
215	490	-2
216	244	1
216	282	-2
216	368	2
216	403	2
217	309	2
217	400	-2
217	466	2
218	266	-2
218	328	-2
218	409	-2
219	249	1
219	292	-2
219	338	-2
219	415	-2
220	410	-2
220	473	2
220	477	2
221	233	1
221	378	-2
221	469	-2
221	482	2
222	343	-2
222	445	2
222	462	2
223	348	2
223	468	2
223	505	-2
224	254	1
224	316	-2
224	401	-2
224	454	2
225	256	1
225	276	2
225	320	2
225	449	-2
226	237	1
226	426	-2
226	435	-2
226	506	2
227	246	1
227	311	-2
227	342	2
227	512	2
228	277	-2
228	312	2
228	421	2
229	247	1
229	457	2
229	474	2
229	511	-2
230	259	-2
230	301	2
230	453	2
231	364	2
231	398	2
231	488	-2
232	239	1
232	253	1
232	330	-2
232	376	2
232	437	2
233	245	1
233	254	1
233	255	1
233	296	-2
233	476	2
233	482	2
234	290	2
234	345	-2
234	353	-2
235	417	-2
235	485	2
235	496	2
236	257	2
236	286	-2
236	456	2
237	243	1
237	329	-2
237	354	2
237	506	2
238	255	1
238	493	-2
238	495	-2
238	498	2
239	423	-2
239	437	2
239	491	2
240	249	1
240	344	2
240	394	-2
240	408	-2
241	256	1
241	371	2
241	399	-2
241	478	2
242	261	2
242	367	-2
242	460	-2
243	263	2
243	329	-2
243	448	-2
244	307	-2
244	368	2
244	413	2
245	296	-2
245	397	-2
245	429	2
246	293	2
246	356	-2
246	512	2
247	303	2
247	334	2
247	511	-2
248	250	1
248	269	2
248	347	2
248	461	-2
249	313	2
249	408	-2
249	415	-2
250	347	2
250	450	-2
250	464	-2
251	265	-2
251	273	2
251	281	-2
252	254	1
252	260	2
252	284	2
252	440	2
253	305	2
253	335	2
253	376	2
254	255	1
254	440	2
254	454	2
254	476	2
255	476	2
255	493	-2
255	503	2
256	361	2
256	399	-2
256	449	-2
