1	1	-1
2	2	3
3	3	1
4	4	-1
5	5	-1
6	6	-1
7	7	1
8	8	-1
9	9	-1
10	10	1
11	11	-3
12	12	1
13	13	-3
14	14	1
15	15	1
16	16	-1
17	17	-3
18	18	-1
19	19	-1
20	20	-1
21	21	-3
22	22	3
23	23	-1
24	24	-1
25	25	1
26	26	1
27	27	-3
28	28	-3
29	29	1
30	30	-1
31	31	1
32	32	-1
33	33	1
34	34	-1
35	35	1
36	36	3
37	37	1
38	38	1
39	39	-1
40	40	1
41	41	1
42	42	1
43	43	1
44	44	-1
45	45	1
46	46	1
47	47	3
48	48	1
49	49	1
50	50	-1
51	51	1
52	52	-1
53	53	3
54	54	3
55	55	1
56	56	1
57	57	1
58	58	3
59	59	-1
60	60	1
61	61	1
62	62	3
63	63	1
64	64	-1
65	65	-1
66	66	3
67	67	1
68	68	-3
69	69	1
70	70	-1
71	71	1
72	72	1
73	73	1
74	74	1
75	75	1
76	76	-1
77	77	-1
78	78	1
79	79	3
80	80	-1
81	81	3
82	82	3
83	83	3
84	84	-3
85	85	-1
86	86	1
87	87	-1
88	88	1
89	89	-1
90	90	-1
91	91	3
92	92	-1
93	93	1
94	94	-1
95	95	-1
96	96	1
97	97	1
98	98	-1
99	99	3
100	100	-1
101	101	1
102	102	-1
103	103	3
104	104	3
105	105	-1
106	106	1
107	107	3
108	108	1
109	109	3
110	110	1
111	111	1
112	112	-3
113	113	-1
114	114	3
115	115	-1
116	116	1
117	117	3
118	118	-1
119	119	3
120	120	-1
121	121	3
122	122	-1
123	123	-3
124	124	-1
125	125	1
126	126	-1
127	127	1
128	128	-1
129	129	1
130	130	-3
131	131	-1
132	132	-1
133	133	-1
134	134	1
135	135	1
136	136	1
137	137	1
138	138	1
139	139	-1
140	140	-1
141	141	-1
142	142	3
143	143	1
144	144	1
145	145	1
146	146	-1
147	147	3
148	148	3
149	149	-3
150	150	1
151	151	3
152	152	1
153	153	-3
154	154	1
155	155	1
156	156	-1
157	157	-3
158	158	1
159	159	1
160	160	3
161	161	1
162	162	-1
163	163	-1
164	164	-1
165	165	1
166	166	1
167	167	3
168	168	1
169	169	1
170	170	1
171	171	3
172	172	1
173	173	3
174	174	-1
175	175	1
176	176	1
177	177	-1
178	178	-1
179	179	-1
180	180	1
181	181	1
182	182	-3
183	183	1
184	184	1
185	185	2
186	186	2
187	187	2
188	188	2
189	189	2
190	190	-2
191	191	2
192	192	-2
193	193	2
194	194	2
195	195	2
196	196	2
197	197	2
198	198	-2
199	199	2
200	200	2
201	201	2
202	202	2
203	203	-2
204	204	2
205	205	-2
206	206	2
207	207	2
208	208	2
209	209	-2
210	210	2
211	211	2
212	212	-2
213	213	2
214	214	-2
215	215	2
216	216	2
217	217	-2
218	218	-2
219	219	-2
220	220	-2
221	221	-2
222	222	-2
223	223	2
224	224	2
225	225	2
226	226	2
227	227	2
228	228	-2
229	229	2
230	230	-2
231	231	-2
232	232	-2
233	233	2
234	234	2
235	235	2
236	236	2
237	237	-2
238	238	2
239	239	-2
240	240	2
241	241	-2
242	242	-2
243	243	-2
244	244	-2
245	245	2
246	246	2
247	247	-2
248	248	-2
249	249	-2
250	250	2
251	251	2
252	252	-2
253	253	2
254	254	2
255	255	-2
256	256	2
257	257	-2
258	258	-2
259	259	2
260	260	2
261	261	2
262	262	-2
263	263	-2
264	264	2
265	265	2
266	266	-2
267	267	-2
268	268	-2
269	269	-2
270	270	-2
271	271	2
272	272	-2
273	273	2
274	274	2
275	275	2
276	276	-2
277	277	-2
278	278	-2
279	279	-2
280	280	-2
281	281	-2
282	282	2
283	283	2
284	284	-2
285	285	-2
286	286	-2
287	287	2
288	288	-2
289	289	2
290	290	-2
291	291	-2
292	292	-2
293	293	2
294	294	-2
295	295	-2
296	296	2
297	297	2
298	298	2
299	299	-2
300	300	-2
301	301	2
302	302	2
303	303	-2
304	304	-2
305	305	-2
306	306	2
307	307	-2
308	308	-2
309	309	2
310	310	-2
311	311	-2
312	312	-2
313	313	-2
314	314	2
315	315	-2
316	316	-2
317	317	-2
318	318	2
319	319	-2
320	320	2
321	321	-2
322	322	2
323	323	-2
324	324	-2
325	325	2
326	326	2
327	327	2
328	328	-2
329	329	2
330	330	-2
331	331	-2
332	332	-2
333	333	2
334	334	-2
335	335	2
336	336	2
337	337	-2
338	338	-2
339	339	2
340	340	2
341	341	2
342	342	2
343	343	2
344	344	-2
345	345	2
346	346	2
347	347	2
348	348	-2
349	349	-2
350	350	-2
351	351	2
352	352	-2
353	353	-2
354	354	-2
355	355	-2
356	356	2
357	357	2
358	358	2
359	359	-2
360	360	2
361	361	2
362	362	2
363	363	2
364	364	2
365	365	2
366	366	-2
367	367	-2
368	368	-2
1	9	1
1	42	1
1	53	1
1	77	1
1	95	1
1	135	1
1	300	2
1	327	-2
1	343	2
2	51	1
2	117	1
2	121	1
2	127	1
2	128	1
2	144	1
2	202	2
2	240	2
2	356	2
3	12	1
3	113	1
3	119	1
3	135	1
3	136	1
3	148	1
3	218	-2
3	248	2
3	318	2
4	11	1
4	67	2
4	87	1
4	142	1
4	143	1
4	197	2
4	249	2
4	352	2
5	12	1
5	45	1
5	76	1
5	80	1
5	85	1
5	130	1
5	193	-2
5	220	-2
5	263	2
6	18	1
6	73	1
6	84	1
6	99	1
6	120	1
6	139	1
6	258	2
6	276	2
6	304	-2
7	27	1
7	28	1
7	29	1
7	32	1
7	61	1
7	173	1
7	203	2
7	279	-2
7	322	2
8	56	1
8	130	1
8	157	1
8	158	1
8	176	1
8	183	1
8	278	-2
8	291	2
8	330	2
9	20	1
9	58	1
9	95	1
9	166	1
9	169	1
9	297	2
9	300	2
9	337	2
10	22	1
10	29	1
10	51	1
10	95	1
10	162	1
10	174	1
10	208	-2
10	244	-2
10	319	-2
11	32	1
11	45	1
11	67	1
11	152	1
11	181	1
11	223	-2
11	332	2
11	352	2
12	45	1
12	135	1
12	138	1
12	152	1
12	220	-2
12	248	2
12	265	2
13	39	1
13	92	1
13	110	1
13	141	1
13	157	1
13	183	1
13	206	-2
13	221	2
13	324	2
14	73	1
14	122	1
14	136	1
14	163	1
14	166	1
14	175	1
14	237	-2
14	302	2
14	355	2
15	49	1
15	78	1
15	105	1
15	151	1
15	174	1
15	175	1
15	254	2
15	328	-2
15	358	-2
16	17	1
16	125	1
16	138	1
16	147	1
16	161	1
16	164	1
16	227	-2
16	250	-2
16	307	-2
17	69	1
17	74	1
17	115	1
17	125	1
17	157	1
17	250	-2
17	251	-2
17	323	2
18	23	1
18	59	1
18	115	1
18	139	1
18	154	1
18	276	2
18	325	2
18	336	-2
19	35	1
19	63	1
19	114	1
19	134	1
19	163	1
19	178	1
19	262	2
19	284	-2
19	296	-2
20	79	1
20	108	1
20	121	1
20	144	1
20	169	1
20	191	-2
20	225	2
20	337	2
21	52	1
21	100	1
21	113	1
21	149	1
21	156	1
21	180	1
21	269	2
21	349	2
21	350	2
22	51	1
22	73	1
22	89	1
22	107	1
22	132	1
22	198	-2
22	319	-2
22	338	-2
23	65	1
23	84	1
23	115	1
23	140	1
23	156	1
23	199	-2
23	325	2
23	366	2
24	38	1
24	96	1
24	102	1
24	115	1
24	176	1
24	182	1
24	255	-2
24	310	2
24	348	2
25	94	1
25	104	1
25	129	1
25	160	1
25	166	1
25	177	1
25	210	-2
25	294	-2
25	346	2
26	83	1
26	106	1
26	111	1
26	116	1
26	118	1
26	172	1
26	238	2
26	287	2
26	305	2
27	28	1
27	89	1
27	122	1
27	141	1
27	162	1
27	203	2
27	207	-2
27	229	-2
28	60	1
28	64	1
28	76	1
28	179	1
28	203	2
28	242	2
28	264	-2
29	32	1
29	38	1
29	95	1
29	168	1
29	208	-2
29	236	2
29	322	2
30	39	1
30	99	1
30	123	1
30	146	1
30	159	1
30	170	1
30	256	2
30	268	2
30	311	2
31	125	1
31	133	1
31	144	1
31	155	1
31	175	1
31	182	1
31	213	2
31	354	2
31	367	-2
32	41	1
32	146	1
32	181	1
32	308	2
32	322	2
32	332	2
33	56	1
33	87	1
33	111	1
33	133	1
33	137	1
33	172	1
33	243	2
33	334	-2
33	357	2
34	36	1
34	75	1
34	90	1
34	105	1
34	124	1
34	179	1
34	215	-2
34	289	-2
34	351	2
35	55	1
35	100	1
35	134	1
35	171	1
35	183	1
35	205	-2
35	262	2
35	280	-2
36	91	1
36	101	1
36	105	1
36	131	1
36	150	1
36	239	-2
36	351	2
36	353	-2
37	50	1
37	70	1
37	151	1
37	160	2
37	171	1
37	188	2
37	196	2
37	245	-2
38	75	1
38	102	1
38	137	1
38	168	1
38	236	2
38	290	-2
38	348	2
39	66	1
39	92	1
39	109	1
39	170	1
39	219	-2
39	268	2
39	324	2
40	74	1
40	92	1
40	110	1
40	119	1
40	122	1
40	150	1
40	212	-2
40	233	-2
40	282	2
41	71	1
41	75	1
41	142	1
41	145	1
41	146	1
41	234	2
41	308	2
41	309	2
42	77	1
42	109	1
42	134	1
42	165	1
42	184	1
42	270	-2
42	317	-2
42	327	-2
43	46	1
43	52	1
43	71	1
43	110	1
43	163	1
43	165	1
43	267	-2
43	286	-2
43	368	2
44	55	1
44	68	1
44	72	1
44	118	1
44	126	1
44	149	1
44	185	-2
44	259	-2
44	315	-2
45	72	1
45	88	1
45	152	1
45	220	-2
45	223	-2
45	363	2
46	71	1
46	80	1
46	91	1
46	136	1
46	180	1
46	267	-2
46	339	2
46	360	-2
47	49	1
47	58	1
47	69	1
47	101	1
47	103	1
47	147	1
47	201	2
47	274	2
47	321	-2
48	56	1
48	86	1
48	106	1
48	145	1
48	154	1
48	167	1
48	277	-2
48	288	2
48	344	-2
49	101	1
49	126	1
49	151	1
49	153	1
49	200	-2
49	274	2
49	328	-2
50	70	1
50	87	1
50	131	1
50	152	1
50	155	1
50	216	2
50	245	-2
50	275	-2
51	94	1
51	117	1
51	123	1
51	319	-2
51	329	-2
51	356	2
52	82	1
52	100	1
52	148	1
52	163	1
52	241	-2
52	269	2
52	368	2
53	58	1
53	79	1
53	81	1
53	135	1
53	184	1
53	204	2
53	333	2
53	343	2
54	69	1
54	93	1
54	114	1
54	119	1
54	121	1
54	169	1
54	192	-2
54	235	2
54	362	2
55	78	1
55	100	1
55	120	1
55	126	1
55	205	-2
55	211	-2
55	315	-2
56	87	1
56	145	1
56	183	1
56	278	-2
56	288	2
56	334	-2
57	70	1
57	104	1
57	143	1
57	151	1
57	153	1
57	169	1
57	209	-2
57	261	-2
57	347	2
58	69	1
58	166	1
58	184	1
58	297	2
58	321	-2
58	333	2
59	107	1
59	127	1
59	132	1
59	154	1
59	168	1
59	195	2
59	232	2
59	336	-2
60	64	1
60	78	1
60	103	1
60	107	1
60	178	1
60	242	2
60	266	-2
60	341	2
61	81	1
61	127	1
61	159	1
61	165	1
61	173	1
61	279	-2
61	293	-2
61	312	-2
62	72	1
62	137	1
62	142	1
62	154	1
62	167	1
62	176	1
62	226	2
62	252	-2
62	306	2
63	82	1
63	114	1
63	117	1
63	164	1
63	178	1
63	187	2
63	190	2
63	284	-2
64	102	1
64	123	1
64	174	1
64	180	1
64	222	2
64	242	2
64	331	-2
65	84	1
65	91	1
65	156	1
65	168	1
65	177	1
65	199	-2
65	283	-2
65	292	-2
66	80	1
66	109	1
66	158	1
66	170	1
66	181	1
66	219	-2
66	299	-2
66	364	2
67	106	1
67	109	1
67	142	1
67	197	2
67	342	2
67	352	2
68	72	1
68	77	1
68	85	1
68	98	1
68	139	1
68	186	-2
68	259	-2
68	260	-2
69	74	1
69	121	1
69	235	2
69	251	-2
69	321	-2
70	108	1
70	117	1
70	153	1
70	194	2
70	245	-2
70	261	-2
71	75	1
71	101	1
71	130	1
71	214	2
71	234	2
71	267	-2
72	88	1
72	142	1
72	226	2
72	259	-2
72	363	2
73	99	1
73	107	1
73	175	1
73	198	-2
73	304	-2
73	355	2
74	76	1
74	98	1
74	110	1
74	212	-2
74	246	2
74	251	-2
75	90	1
75	137	1
75	234	2
75	289	-2
75	290	-2
76	85	1
76	98	1
76	179	1
76	193	-2
76	246	2
76	264	-2
77	98	1
77	171	1
77	173	1
77	186	-2
77	316	-2
77	327	-2
78	107	1
78	120	1
78	175	1
78	211	-2
78	254	2
78	341	2
79	81	1
79	120	1
79	121	1
79	167	1
79	204	2
79	225	2
79	301	2
80	130	1
80	136	1
80	181	1
80	263	2
80	360	-2
80	364	2
81	143	1
81	158	1
81	159	1
81	204	2
81	312	-2
81	320	2
82	103	1
82	117	1
82	124	1
82	148	1
82	187	2
82	241	-2
82	303	-2
83	86	1
83	90	1
83	134	1
83	138	1
83	172	1
83	287	2
83	295	-2
83	335	2
84	120	1
84	140	1
84	177	1
84	258	2
84	283	-2
84	366	2
85	99	1
85	139	1
85	156	1
85	193	-2
85	260	-2
85	314	2
86	131	1
86	138	1
86	154	1
86	161	1
86	257	2
86	335	2
86	344	-2
87	131	1
87	143	1
87	249	2
87	275	-2
87	334	-2
88	97	2
88	112	1
88	164	1
88	224	-2
88	247	-2
88	363	2
89	96	1
89	112	1
89	132	1
89	141	1
89	207	-2
89	231	2
89	338	-2
90	134	1
90	150	1
90	153	1
90	281	2
90	289	-2
90	295	-2
91	150	1
91	168	1
91	180	1
91	292	-2
91	339	2
91	353	-2
92	95	1
92	122	1
92	125	1
92	233	-2
92	272	-2
92	324	2
93	108	1
93	126	1
93	141	1
93	155	1
93	169	1
93	192	-2
93	230	-2
93	365	-2
94	116	1
94	123	1
94	129	2
94	285	2
94	329	-2
94	346	2
95	125	1
95	208	-2
95	272	-2
95	300	2
96	112	1
96	114	1
96	176	1
96	181	1
96	189	2
96	231	2
96	255	-2
97	112	1
97	133	1
97	164	1
97	177	1
97	224	-2
97	247	-2
97	298	2
98	100	1
98	113	1
98	186	-2
98	246	2
98	271	-2
99	146	1
99	156	1
99	256	2
99	304	-2
99	314	2
100	113	1
100	205	-2
100	269	2
100	271	-2
101	130	1
101	131	1
101	214	2
101	239	-2
101	274	2
102	105	1
102	128	1
102	180	1
102	326	-2
102	331	-2
102	348	2
103	124	1
103	147	1
103	178	1
103	201	2
103	266	-2
103	303	-2
104	116	1
104	148	1
104	160	1
104	169	1
104	253	2
104	294	-2
104	347	2
105	128	1
105	174	1
105	326	-2
105	351	2
105	358	-2
106	109	1
106	111	1
106	167	1
106	277	-2
106	305	2
106	342	2
107	127	1
107	195	2
107	198	-2
107	341	2
108	117	1
108	141	1
108	144	1
108	191	-2
108	194	2
108	230	-2
109	184	1
109	219	-2
109	317	-2
109	342	2
110	141	1
110	165	1
110	212	-2
110	221	2
110	286	-2
111	145	1
111	172	1
111	179	1
111	273	2
111	305	2
111	357	2
112	124	1
112	162	1
112	224	-2
112	231	2
112	345	-2
113	136	1
113	180	1
113	218	-2
113	271	-2
113	350	2
114	119	1
114	181	1
114	189	2
114	284	-2
114	362	2
115	157	1
115	182	1
115	310	2
115	323	2
115	325	2
116	118	1
116	129	1
116	148	1
116	238	2
116	253	2
116	285	2
117	187	2
117	194	2
117	356	2
118	128	1
118	149	1
118	182	1
118	185	-2
118	238	2
118	359	2
119	148	1
119	150	1
119	282	2
119	318	2
119	362	2
120	167	1
120	211	-2
120	258	2
120	301	2
121	144	1
121	202	2
121	225	2
121	235	2
122	162	1
122	166	1
122	229	-2
122	233	-2
122	302	2
123	159	1
123	174	1
123	222	2
123	311	2
123	329	-2
124	162	1
124	179	1
124	215	-2
124	303	-2
124	345	-2
125	175	1
125	213	2
125	250	-2
125	272	-2
126	153	1
126	155	1
126	200	-2
126	315	-2
126	365	-2
127	128	1
127	165	1
127	195	2
127	240	2
127	293	-2
128	182	1
128	240	2
128	326	-2
128	359	2
129	139	1
129	147	1
129	217	-2
129	285	2
129	346	2
130	157	1
130	214	2
130	263	2
130	330	2
131	161	1
131	239	-2
131	257	2
131	275	-2
132	149	1
132	168	1
132	172	1
132	232	2
132	338	-2
132	340	-2
133	137	1
133	177	1
133	182	1
133	243	2
133	298	2
133	354	2
134	165	1
134	262	2
134	270	-2
134	295	-2
135	161	1
135	170	1
135	248	2
135	343	2
135	361	2
136	163	1
136	218	-2
136	237	-2
136	360	-2
137	176	1
137	243	2
137	290	-2
137	306	2
138	152	1
138	164	1
138	227	-2
138	265	2
138	335	2
139	147	1
139	217	-2
139	260	-2
139	276	2
140	146	1
140	159	1
140	173	1
140	184	1
140	228	-2
140	313	2
140	366	2
141	207	-2
141	221	2
141	230	-2
142	145	1
142	197	2
142	226	2
142	309	2
143	151	1
143	158	1
143	209	-2
143	249	2
143	320	2
144	155	1
144	191	-2
144	202	2
144	367	-2
145	179	1
145	273	2
145	288	2
145	309	2
146	184	1
146	256	2
146	308	2
146	313	2
147	161	1
147	201	2
147	217	-2
147	307	-2
148	241	-2
148	253	2
148	318	2
149	156	1
149	172	1
149	185	-2
149	340	-2
149	349	2
150	153	1
150	281	2
150	282	2
150	353	-2
151	160	1
151	188	2
151	209	-2
151	328	-2
152	155	1
152	216	2
152	223	-2
152	265	2
153	200	-2
153	261	-2
153	281	2
154	167	1
154	252	-2
154	336	-2
154	344	-2
155	216	2
155	365	-2
155	367	-2
156	199	-2
156	314	2
156	349	2
157	183	1
157	206	-2
157	323	2
157	330	2
158	170	1
158	176	1
158	291	2
158	299	-2
158	320	2
159	173	1
159	228	-2
159	311	2
159	312	-2
160	171	1
160	188	2
160	196	2
160	294	-2
161	170	1
161	257	2
161	307	-2
161	361	2
162	174	1
162	229	-2
162	244	-2
162	345	-2
163	178	1
163	237	-2
163	296	-2
163	368	2
164	178	1
164	190	2
164	227	-2
164	247	-2
165	270	-2
165	286	-2
165	293	-2
166	177	1
166	210	-2
166	297	2
166	302	2
167	252	-2
167	277	-2
167	301	2
168	232	2
168	236	2
168	292	-2
169	192	-2
169	337	2
169	347	2
170	268	2
170	299	-2
170	361	2
171	173	1
171	183	1
171	196	2
171	280	-2
171	316	-2
172	287	2
172	340	-2
172	357	2
173	228	-2
173	279	-2
173	316	-2
174	222	2
174	244	-2
174	358	-2
175	213	2
175	254	2
175	355	2
176	255	-2
176	291	2
176	306	2
177	210	-2
177	283	-2
177	298	2
178	190	2
178	266	-2
178	296	-2
179	215	-2
179	264	-2
179	273	2
180	331	-2
180	339	2
180	350	2
181	189	2
181	332	2
181	364	2
182	310	2
182	354	2
182	359	2
183	206	-2
183	278	-2
183	280	-2
184	313	2
184	317	-2
184	333	2
