1	1	-1
2	2	-1
3	3	3
4	4	1
5	5	-1
6	6	1
7	7	-1
8	8	3
9	9	3
10	10	3
11	11	1
12	12	1
13	13	-1
14	14	1
15	15	-3
16	16	3
17	17	-1
18	18	-1
19	19	1
20	20	-1
21	21	1
22	22	-3
23	23	3
24	24	1
25	25	-3
26	26	-1
27	27	3
28	28	1
29	29	-1
30	30	-1
31	31	-1
32	32	1
33	33	1
34	34	-1
35	35	-1
36	36	-1
37	37	3
38	38	1
39	39	1
40	40	-1
41	41	3
42	42	1
43	43	1
44	44	-1
45	45	1
46	46	1
47	47	-1
48	48	1
49	49	-3
50	50	3
51	51	-1
52	52	-1
53	53	-1
54	54	-3
55	55	-1
56	56	-1
57	57	-1
58	58	-1
59	59	-1
60	60	-1
61	61	-1
62	62	3
63	63	1
64	64	-1
65	65	-1
66	66	-3
67	67	-3
68	68	1
69	69	-1
70	70	1
71	71	-3
72	72	1
73	73	3
74	74	1
75	75	3
76	76	3
77	77	-1
78	78	3
79	79	-1
80	80	-1
81	81	1
82	82	-1
83	83	-1
84	84	-1
85	85	-1
86	86	-1
87	87	3
88	88	-1
89	89	1
90	90	3
91	91	-1
92	92	1
93	93	-1
94	94	-3
95	95	-1
96	96	1
97	97	-1
98	98	-1
99	99	-1
100	100	-1
101	101	3
102	102	-1
103	103	-1
104	104	1
105	105	-1
106	106	-1
107	107	-1
108	108	-1
109	109	-1
110	110	-1
111	111	3
112	112	-1
113	113	1
114	114	1
115	115	1
116	116	1
117	117	1
118	118	3
119	119	1
120	120	-3
121	121	-1
122	122	1
123	123	1
124	124	1
125	125	1
126	126	-1
127	127	-3
128	128	-3
129	129	-3
130	130	-1
131	131	-1
132	132	1
133	133	-1
134	134	-1
135	135	1
136	136	-1
137	137	1
138	138	1
139	139	1
140	140	-1
141	141	1
142	142	1
143	143	-1
144	144	-1
145	145	2
146	146	2
147	147	-2
148	148	2
149	149	2
150	150	-2
151	151	-2
152	152	2
153	153	-2
154	154	2
155	155	2
156	156	2
157	157	2
158	158	-2
159	159	-2
160	160	-2
161	161	-2
162	162	-2
163	163	2
164	164	-2
165	165	-2
166	166	-2
167	167	-2
168	168	-2
169	169	2
170	170	-2
171	171	-2
172	172	-2
173	173	2
174	174	-2
175	175	2
176	176	-2
177	177	2
178	178	-2
179	179	-2
180	180	2
181	181	-2
182	182	2
183	183	-2
184	184	2
185	185	2
186	186	-2
187	187	2
188	188	2
189	189	2
190	190	2
191	191	2
192	192	-2
193	193	-2
194	194	2
195	195	-2
196	196	2
197	197	-2
198	198	-2
199	199	2
200	200	-2
201	201	-2
202	202	-2
203	203	-2
204	204	2
205	205	-2
206	206	-2
207	207	-2
208	208	-2
209	209	2
210	210	2
211	211	-2
212	212	-2
213	213	-2
214	214	-2
215	215	-2
216	216	2
217	217	-2
218	218	-2
219	219	2
220	220	2
221	221	2
222	222	2
223	223	2
224	224	2
225	225	-2
226	226	2
227	227	2
228	228	-2
229	229	2
230	230	2
231	231	2
232	232	2
233	233	-2
234	234	-2
235	235	2
236	236	2
237	237	-2
238	238	-2
239	239	2
240	240	-2
241	241	-2
242	242	-2
243	243	-2
244	244	2
245	245	2
246	246	2
247	247	2
248	248	-2
249	249	2
250	250	2
251	251	-2
252	252	2
253	253	-2
254	254	2
255	255	2
256	256	-2
257	257	-2
258	258	-2
259	259	2
260	260	-2
261	261	2
262	262	2
263	263	-2
264	264	2
265	265	2
266	266	2
267	267	2
268	268	-2
269	269	-2
270	270	2
271	271	-2
272	272	-2
273	273	2
274	274	-2
275	275	-2
276	276	2
277	277	-2
278	278	-2
279	279	2
280	280	-2
281	281	2
282	282	-2
283	283	-2
284	284	-2
285	285	-2
286	286	2
287	287	-2
288	288	-2
1	8	1
1	17	1
1	34	1
1	96	1
1	120	1
1	126	1
1	184	-2
1	256	2
1	270	2
2	22	1
2	33	1
2	46	1
2	53	1
2	72	1
2	75	1
2	158	2
2	234	2
2	282	-2
3	20	1
3	23	1
3	39	1
3	70	1
3	102	1
3	109	1
3	199	2
3	227	2
3	264	2
4	10	1
4	37	1
4	57	1
4	76	1
4	80	1
4	143	1
4	148	2
4	213	2
4	251	-2
5	59	1
5	64	1
5	78	1
5	100	1
5	106	1
5	121	1
5	216	-2
5	222	-2
5	260	-2
6	30	1
6	36	1
6	68	1
6	89	1
6	93	1
6	138	1
6	189	2
6	259	2
6	275	2
7	9	1
7	15	1
7	59	1
7	60	1
7	116	1
7	136	1
7	240	2
7	257	2
7	263	-2
8	23	1
8	34	1
8	92	1
8	119	2
8	179	-2
8	195	-2
8	270	2
9	14	1
9	33	1
9	73	1
9	86	1
9	116	1
9	250	2
9	261	2
9	263	-2
10	13	1
10	37	1
10	75	1
10	83	1
10	137	1
10	200	-2
10	201	-2
10	251	-2
11	36	1
11	63	1
11	76	1
11	95	1
11	114	1
11	144	1
11	180	2
11	181	2
11	255	2
12	18	1
12	27	1
12	49	1
12	65	1
12	122	1
12	132	1
12	186	-2
12	244	2
12	277	2
13	100	1
13	109	1
13	110	1
13	126	1
13	137	1
13	174	2
13	201	-2
13	271	2
14	33	1
14	36	1
14	88	1
14	90	1
14	104	1
14	205	2
14	218	-2
14	261	2
15	45	1
15	60	1
15	86	1
15	119	1
15	122	1
15	257	2
15	265	-2
15	269	2
16	44	1
16	62	1
16	85	1
16	130	1
16	134	1
16	142	1
16	163	2
16	167	-2
16	196	2
17	26	1
17	41	1
17	46	1
17	86	1
17	96	1
17	161	-2
17	184	-2
17	207	2
18	21	1
18	27	1
18	52	1
18	58	1
18	125	1
18	145	-2
18	152	-2
18	244	2
19	21	1
19	25	1
19	40	1
19	64	1
19	83	1
19	144	1
19	206	-2
19	223	-2
19	231	2
20	57	1
20	66	1
20	109	1
20	116	1
20	138	1
20	178	2
20	227	2
20	228	2
21	90	1
21	117	1
21	125	1
21	144	1
21	145	-2
21	231	2
21	286	2
22	33	1
22	54	1
22	70	1
22	79	1
22	80	1
22	158	2
22	273	-2
22	280	2
23	39	1
23	65	1
23	99	1
23	119	1
23	173	2
23	179	-2
23	264	2
24	43	1
24	96	2
24	103	1
24	111	1
24	131	1
24	197	2
24	239	2
24	252	2
25	31	1
25	83	1
25	133	1
25	136	1
25	143	1
25	211	2
25	223	-2
25	258	2
26	35	1
26	47	1
26	57	1
26	86	1
26	112	1
26	149	-2
26	207	2
26	253	-2
27	59	1
27	104	1
27	114	1
27	141	1
27	232	2
27	244	2
27	288	-2
28	70	1
28	99	1
28	111	1
28	116	1
28	121	1
28	132	1
28	162	2
28	204	2
28	209	2
29	30	1
29	41	1
29	89	1
29	93	1
29	129	1
29	135	1
29	165	-2
29	262	-2
29	279	-2
30	36	1
30	87	1
30	98	1
30	129	1
30	156	2
30	262	-2
30	275	2
31	82	1
31	84	1
31	130	1
31	139	1
31	143	1
31	243	2
31	258	2
31	284	-2
32	42	1
32	49	1
32	69	1
32	73	1
32	102	1
32	131	1
32	212	-2
32	220	-2
32	248	-2
33	90	1
33	110	1
33	158	2
33	182	2
33	261	2
34	51	1
34	65	1
34	140	1
34	143	1
34	169	-2
34	171	2
34	270	2
35	51	1
35	77	1
35	81	1
35	112	1
35	133	1
35	149	-2
35	245	2
35	287	2
36	63	1
36	88	1
36	180	2
36	205	2
36	275	2
37	43	1
37	50	1
37	58	1
37	101	1
37	151	-2
37	251	-2
37	274	-2
38	63	1
38	104	1
38	110	1
38	125	1
38	137	1
38	141	1
38	147	2
38	183	-2
38	230	2
39	60	1
39	62	1
39	78	1
39	140	1
39	176	-2
39	194	-2
39	264	2
40	61	1
40	64	1
40	69	1
40	128	1
40	131	1
40	206	-2
40	215	2
40	241	2
41	46	1
41	48	1
41	89	1
41	92	1
41	161	-2
41	165	-2
41	185	2
42	69	1
42	78	1
42	95	1
42	108	1
42	122	1
42	210	-2
42	212	-2
42	268	-2
43	71	1
43	96	1
43	97	1
43	101	1
43	151	-2
43	208	2
43	239	2
44	61	1
44	77	1
44	79	1
44	113	1
44	130	1
44	167	-2
44	203	2
44	219	-2
45	50	1
45	73	1
45	91	1
45	122	1
45	126	1
45	160	-2
45	198	-2
45	265	-2
46	67	1
46	71	1
46	75	1
46	161	-2
46	177	-2
46	282	-2
47	57	1
47	64	1
47	66	1
47	106	1
47	128	1
47	253	-2
47	254	-2
47	272	2
48	83	1
48	92	1
48	93	1
48	106	1
48	123	1
48	185	2
48	193	-2
48	278	2
49	53	1
49	65	1
49	85	1
49	102	1
49	220	-2
49	229	-2
49	277	2
50	58	1
50	91	1
50	118	1
50	124	1
50	198	-2
50	237	-2
50	274	-2
51	65	1
51	81	1
51	123	1
51	133	1
51	169	-2
51	217	-2
51	287	2
52	53	1
52	58	1
52	66	1
52	112	1
52	127	1
52	152	-2
52	221	2
52	283	2
53	72	1
53	85	1
53	112	1
53	221	2
53	229	-2
53	234	2
54	79	1
54	92	1
54	98	1
54	107	1
54	142	1
54	225	2
54	276	-2
54	280	2
55	80	1
55	103	1
55	109	1
55	117	1
55	134	1
55	141	1
55	188	-2
55	192	-2
55	226	-2
56	74	1
56	94	1
56	118	1
56	134	1
56	135	1
56	137	1
56	170	2
56	214	2
56	249	2
57	80	1
57	116	1
57	178	2
57	213	2
57	253	-2
58	102	1
58	124	1
58	152	-2
58	191	-2
58	274	-2
59	106	1
59	136	1
59	141	1
59	216	-2
59	240	2
59	288	-2
60	108	1
60	124	1
60	140	1
60	194	-2
60	238	-2
60	257	2
61	113	1
61	125	1
61	131	1
61	136	1
61	168	-2
61	203	2
61	241	2
62	78	1
62	100	1
62	133	1
62	142	1
62	176	-2
62	196	2
62	247	2
63	112	1
63	125	1
63	130	1
63	157	-2
63	180	2
63	230	2
64	100	1
64	128	1
64	206	-2
64	222	-2
64	254	-2
65	99	1
65	169	-2
65	173	2
65	277	2
66	106	1
66	127	1
66	138	1
66	228	2
66	272	2
66	283	2
67	68	1
67	71	1
67	94	1
67	127	2
67	150	2
67	166	2
67	177	-2
68	114	1
68	127	1
68	138	1
68	142	1
68	166	2
68	190	2
68	259	2
69	115	1
69	128	2
69	175	-2
69	212	-2
69	215	2
70	80	1
70	102	1
70	111	1
70	199	2
70	209	2
70	273	-2
71	82	1
71	97	1
71	129	1
71	177	-2
71	187	-2
71	208	2
72	74	1
72	75	1
72	97	1
72	113	1
72	146	2
72	224	2
72	234	2
73	86	1
73	126	1
73	131	1
73	160	-2
73	248	-2
73	250	2
74	75	1
74	101	1
74	111	1
74	134	1
74	146	2
74	159	-2
74	214	2
75	83	1
75	146	2
75	200	-2
75	282	-2
76	95	1
76	135	1
76	139	1
76	143	1
76	148	2
76	255	2
76	266	2
77	79	1
77	81	1
77	105	1
77	120	1
77	164	2
77	219	-2
77	245	2
78	121	1
78	122	1
78	176	-2
78	260	-2
78	268	-2
79	101	1
79	105	1
79	219	-2
79	246	2
79	280	2
80	117	1
80	192	-2
80	213	2
80	273	-2
81	89	1
81	95	1
81	123	1
81	217	-2
81	245	2
81	267	-2
82	84	1
82	88	1
82	98	1
82	129	1
82	187	-2
82	202	2
82	284	-2
83	93	1
83	200	-2
83	223	-2
83	278	2
84	91	1
84	107	1
84	117	1
84	121	1
84	153	2
84	242	2
84	284	-2
85	120	1
85	132	1
85	134	1
85	163	2
85	229	-2
85	233	2
86	119	1
86	207	2
86	250	2
86	269	2
87	98	1
87	113	1
87	115	1
87	138	1
87	139	1
87	155	2
87	156	2
87	281	2
88	98	1
88	107	1
88	140	1
88	172	-2
88	202	2
88	205	2
89	93	1
89	95	1
89	165	-2
89	189	2
89	267	-2
90	104	1
90	110	1
90	117	1
90	182	2
90	218	-2
90	286	2
91	94	1
91	107	1
91	129	1
91	198	-2
91	235	-2
91	242	2
92	98	1
92	119	1
92	185	2
92	195	-2
92	225	2
93	135	1
93	189	2
93	278	2
93	279	-2
94	127	1
94	129	1
94	137	1
94	150	2
94	170	2
94	235	-2
95	108	1
95	210	-2
95	255	2
95	267	-2
96	111	1
96	184	-2
96	239	2
96	252	2
97	108	1
97	113	1
97	144	1
97	154	-2
97	208	2
97	224	2
98	156	2
98	202	2
98	225	2
99	105	1
99	121	1
99	123	1
99	162	2
99	173	2
99	285	2
100	109	1
100	133	1
100	222	-2
100	247	2
100	271	2
101	105	1
101	111	1
101	151	-2
101	159	-2
101	246	2
102	124	1
102	191	-2
102	199	2
102	220	-2
103	109	1
103	115	1
103	118	1
103	131	1
103	197	2
103	226	-2
103	236	2
104	110	1
104	114	1
104	147	2
104	218	-2
104	232	2
105	120	1
105	123	1
105	164	2
105	246	2
105	285	2
106	123	1
106	193	-2
106	216	-2
106	272	2
107	140	1
107	142	1
107	172	-2
107	242	2
107	276	-2
108	124	1
108	144	1
108	154	-2
108	210	-2
108	238	-2
109	226	-2
109	227	2
109	271	2
110	126	1
110	147	2
110	174	2
110	182	2
111	159	-2
111	209	2
111	252	2
112	130	1
112	149	-2
112	157	-2
112	221	2
113	138	1
113	203	2
113	224	2
113	281	2
114	142	1
114	144	1
114	181	2
114	190	2
114	232	2
115	118	1
115	128	1
115	139	1
115	155	2
115	175	-2
115	236	2
116	132	1
116	178	2
116	204	2
116	263	-2
117	121	1
117	153	2
117	192	-2
117	286	2
118	124	1
118	135	1
118	236	2
118	237	-2
118	249	2
119	179	-2
119	195	-2
119	269	2
120	126	1
120	132	1
120	164	2
120	233	2
120	256	2
121	153	2
121	162	2
121	260	-2
122	132	1
122	186	-2
122	265	-2
122	268	-2
123	193	-2
123	217	-2
123	285	2
124	191	-2
124	237	-2
124	238	-2
125	136	1
125	145	-2
125	168	-2
125	230	2
126	160	-2
126	174	2
126	256	2
127	150	2
127	166	2
127	283	2
128	175	-2
128	215	2
128	254	-2
129	187	-2
129	235	-2
129	262	-2
130	139	1
130	157	-2
130	167	-2
130	243	2
131	197	2
131	241	2
131	248	-2
132	186	-2
132	204	2
132	233	2
133	136	1
133	211	2
133	247	2
133	287	2
134	141	1
134	163	2
134	188	-2
134	214	2
135	139	1
135	249	2
135	266	2
135	279	-2
136	168	-2
136	211	2
136	240	2
137	141	1
137	170	2
137	183	-2
137	201	-2
138	228	2
138	259	2
138	281	2
139	155	2
139	243	2
139	266	2
140	143	1
140	171	2
140	172	-2
140	194	-2
141	183	-2
141	188	-2
141	288	-2
142	190	2
142	196	2
142	276	-2
143	148	2
143	171	2
143	258	2
144	154	-2
144	181	2
144	231	2
