1	1	-1
2	2	1
3	3	1
4	4	1
5	5	1
6	6	-1
7	7	1
8	8	-1
9	9	3
10	10	1
11	11	1
12	12	-3
13	13	-1
14	14	1
15	15	1
16	16	-1
17	17	-3
18	18	1
19	19	-1
20	20	-1
21	21	-1
22	22	1
23	23	-3
24	24	1
25	25	1
26	26	-3
27	27	3
28	28	-1
29	29	3
30	30	3
31	31	-3
32	32	-3
33	33	1
34	34	-1
35	35	1
36	36	-1
37	37	1
38	38	-1
39	39	-3
40	40	1
41	41	1
42	42	-1
43	43	-3
44	44	-3
45	45	1
46	46	-1
47	47	3
48	48	3
49	49	1
50	50	1
51	51	-1
52	52	-1
53	53	1
54	54	1
55	55	-1
56	56	3
57	57	-1
58	58	1
59	59	-1
60	60	-1
61	61	1
62	62	-1
63	63	-1
64	64	-1
65	65	-1
66	66	-1
67	67	1
68	68	3
69	69	-1
70	70	-1
71	71	1
72	72	-3
73	73	3
74	74	3
75	75	-1
76	76	3
77	77	3
78	78	-1
79	79	-1
80	80	-1
81	81	3
82	82	-3
83	83	1
84	84	-1
85	85	-1
86	86	3
87	87	-3
88	88	1
89	89	-1
90	90	3
91	91	-1
92	92	-1
93	93	3
94	94	3
95	95	-1
96	96	1
97	97	-1
98	98	1
99	99	-1
100	100	-3
101	101	1
102	102	1
103	103	1
104	104	-1
105	105	1
106	106	-1
107	107	-1
108	108	1
109	109	1
110	110	3
111	111	1
112	112	-1
113	113	1
114	114	1
115	115	-1
116	116	-1
117	117	1
118	118	1
119	119	1
120	120	-1
121	121	-1
122	122	1
123	123	3
124	124	1
125	125	1
126	126	-1
127	127	-1
128	128	1
129	129	1
130	130	-3
131	131	3
132	132	1
133	133	3
134	134	1
135	135	-1
136	136	-1
137	137	1
138	138	-1
139	139	-1
140	140	3
141	141	-1
142	142	1
143	143	-1
144	144	-1
145	145	-3
146	146	-3
147	147	-1
148	148	-1
149	149	3
150	150	-3
151	151	1
152	152	1
153	153	-1
154	154	1
155	155	1
156	156	3
157	157	1
158	158	-1
159	159	-1
160	160	1
161	161	-1
162	162	1
163	163	1
164	164	-1
165	165	1
166	166	-1
167	167	3
168	168	-1
169	169	-3
170	170	1
171	171	-1
172	172	1
173	173	1
174	174	3
175	175	1
176	176	1
177	177	-2
178	178	-2
179	179	-2
180	180	2
181	181	-2
182	182	-2
183	183	-2
184	184	-2
185	185	2
186	186	2
187	187	2
188	188	-2
189	189	2
190	190	2
191	191	2
192	192	-2
193	193	-2
194	194	-2
195	195	2
196	196	-2
197	197	-2
198	198	-2
199	199	-2
200	200	2
201	201	-2
202	202	-2
203	203	-2
204	204	-2
205	205	2
206	206	2
207	207	2
208	208	2
209	209	2
210	210	-2
211	211	-2
212	212	2
213	213	-2
214	214	-2
215	215	-2
216	216	-2
217	217	-2
218	218	-2
219	219	2
220	220	2
221	221	2
222	222	-2
223	223	-2
224	224	2
225	225	2
226	226	-2
227	227	-2
228	228	2
229	229	2
230	230	2
231	231	2
232	232	2
233	233	2
234	234	2
235	235	-2
236	236	-2
237	237	-2
238	238	2
239	239	2
240	240	2
241	241	-2
242	242	-2
243	243	-2
244	244	2
245	245	2
246	246	-2
247	247	2
248	248	-2
249	249	2
250	250	2
251	251	-2
252	252	-2
253	253	-2
254	254	-2
255	255	-2
256	256	-2
257	257	2
258	258	2
259	259	-2
260	260	2
261	261	2
262	262	2
263	263	-2
264	264	2
265	265	-2
266	266	2
267	267	-2
268	268	-2
269	269	2
270	270	-2
271	271	2
272	272	2
273	273	-2
274	274	2
275	275	2
276	276	-2
277	277	-2
278	278	2
279	279	2
280	280	-2
281	281	2
282	282	2
283	283	-2
284	284	-2
285	285	-2
286	286	2
287	287	-2
288	288	-2
289	289	-2
290	290	2
291	291	2
292	292	2
293	293	-2
294	294	-2
295	295	-2
296	296	-2
297	297	-2
298	298	2
299	299	-2
300	300	-2
301	301	2
302	302	-2
303	303	2
304	304	2
305	305	-2
306	306	-2
307	307	-2
308	308	2
309	309	2
310	310	-2
311	311	2
312	312	-2
313	313	2
314	314	2
315	315	2
316	316	2
317	317	-2
318	318	2
319	319	2
320	320	-2
321	321	2
322	322	2
323	323	2
324	324	-2
325	325	2
326	326	2
327	327	-2
328	328	-2
329	329	2
330	330	-2
331	331	-2
332	332	2
333	333	2
334	334	-2
335	335	2
336	336	2
337	337	-2
338	338	-2
339	339	2
340	340	-2
341	341	-2
342	342	2
343	343	2
344	344	2
345	345	2
346	346	2
347	347	2
348	348	2
349	349	-2
350	350	-2
351	351	-2
352	352	2
1	42	1
1	72	1
1	103	1
1	106	1
1	119	1
1	123	1
1	217	2
1	302	-2
1	327	2
2	68	1
2	75	1
2	96	1
2	118	1
2	124	1
2	147	1
2	180	-2
2	197	-2
2	252	-2
3	46	1
3	47	1
3	59	1
3	118	1
3	157	1
3	173	1
3	273	-2
3	282	-2
3	312	-2
4	8	1
4	88	1
4	89	1
4	97	1
4	99	1
4	166	1
4	259	-2
4	310	-2
4	330	2
5	8	1
5	28	1
5	39	1
5	44	1
5	60	1
5	133	1
5	211	-2
5	272	-2
5	322	2
6	55	1
6	56	1
6	57	1
6	63	1
6	109	1
6	120	1
6	199	-2
6	264	-2
6	343	-2
7	23	1
7	37	1
7	50	1
7	112	1
7	123	1
7	131	1
7	191	2
7	212	-2
7	233	2
8	18	1
8	99	1
8	133	1
8	169	1
8	208	-2
8	211	-2
8	330	2
9	22	1
9	35	1
9	45	1
9	118	1
9	132	1
9	135	1
9	204	-2
9	222	-2
9	277	-2
10	14	1
10	16	1
10	30	1
10	96	1
10	105	1
10	162	1
10	237	-2
10	266	-2
10	279	2
11	20	1
11	21	1
11	52	1
11	114	1
11	121	1
11	159	1
11	313	2
11	318	2
11	319	-2
12	25	1
12	44	1
12	66	1
12	116	1
12	161	1
12	170	1
12	226	2
12	280	2
12	317	2
13	20	1
13	89	1
13	93	1
13	126	1
13	132	1
13	165	1
13	283	-2
13	305	2
13	335	-2
14	30	1
14	101	1
14	119	1
14	150	1
14	163	1
14	230	-2
14	258	2
14	279	2
15	37	1
15	48	1
15	69	1
15	76	1
15	90	1
15	169	1
15	224	2
15	232	-2
15	263	-2
16	21	1
16	94	1
16	97	1
16	108	1
16	162	1
16	266	-2
16	308	-2
16	341	-2
17	46	1
17	75	1
17	106	1
17	116	1
17	146	1
17	164	1
17	213	2
17	298	-2
17	350	2
18	83	1
18	85	1
18	133	1
18	169	1
18	170	1
18	208	-2
18	288	-2
18	294	-2
19	70	1
19	77	1
19	92	1
19	139	1
19	160	1
19	165	1
19	195	-2
19	285	-2
19	344	-2
20	78	1
20	114	1
20	132	1
20	135	1
20	205	-2
20	318	2
20	335	-2
21	52	1
21	57	1
21	97	1
21	137	1
21	308	-2
21	313	2
21	349	2
22	26	1
22	29	1
22	45	1
22	68	1
22	168	1
22	222	-2
22	262	2
22	286	-2
23	95	1
23	98	1
23	112	1
23	158	1
23	164	1
23	212	-2
23	239	-2
23	292	-2
24	41	1
24	55	1
24	63	1
24	92	1
24	122	1
24	136	1
24	221	-2
24	240	2
24	301	2
25	61	1
25	110	1
25	112	1
25	116	1
25	117	1
25	281	2
25	317	2
25	342	2
26	38	1
26	130	1
26	141	1
26	143	1
26	168	1
26	194	2
26	286	-2
26	293	2
27	41	1
27	67	1
27	76	1
27	134	1
27	137	1
27	176	1
27	202	-2
27	218	-2
27	257	2
28	31	1
28	39	1
28	60	1
28	80	1
28	100	1
28	196	2
28	207	-2
28	322	2
29	33	1
29	68	1
29	92	1
29	109	1
29	172	1
29	262	2
29	289	-2
29	321	2
30	53	1
30	91	1
30	111	1
30	129	1
30	235	-2
30	253	-2
30	279	2
31	43	2
31	100	1
31	111	1
31	135	1
31	196	2
31	241	2
31	290	-2
32	58	1
32	59	1
32	82	1
32	89	1
32	126	1
32	168	1
32	184	2
32	328	2
32	351	2
33	73	1
33	81	1
33	91	1
33	109	1
33	169	1
33	289	-2
33	296	-2
33	326	-2
34	48	1
34	86	1
34	107	1
34	144	1
34	150	1
34	166	1
34	178	2
34	215	-2
34	248	2
35	74	1
35	87	1
35	114	1
35	118	1
35	139	1
35	210	-2
35	225	-2
35	277	-2
36	59	1
36	81	1
36	82	1
36	83	1
36	104	1
36	109	1
36	189	-2
36	274	-2
36	316	2
37	49	1
37	131	1
37	152	1
37	169	1
37	232	-2
37	233	2
37	320	-2
38	53	1
38	65	1
38	71	1
38	143	1
38	161	1
38	194	2
38	244	2
38	249	-2
39	41	1
39	44	1
39	79	1
39	80	1
39	207	-2
39	268	2
39	272	-2
40	93	1
40	116	1
40	136	1
40	139	1
40	153	1
40	163	1
40	186	-2
40	200	2
40	269	2
41	63	1
41	79	1
41	176	1
41	218	-2
41	268	2
41	301	2
42	54	1
42	91	1
42	103	1
42	119	1
42	140	1
42	203	-2
42	327	2
42	346	-2
43	85	1
43	111	1
43	135	1
43	142	1
43	241	2
43	247	-2
43	290	-2
44	69	1
44	102	1
44	170	1
44	254	2
44	272	-2
44	280	2
45	47	1
45	50	1
45	120	1
45	156	1
45	179	-2
45	182	2
45	222	-2
46	64	1
46	106	1
46	118	1
46	124	1
46	228	-2
46	298	-2
46	312	-2
47	59	1
47	156	1
47	168	1
47	170	1
47	179	-2
47	201	-2
47	273	-2
48	76	1
48	86	2
48	99	1
48	206	2
48	215	-2
48	263	-2
49	79	1
49	110	1
49	130	1
49	152	1
49	161	1
49	270	2
49	295	-2
49	320	-2
50	120	1
50	123	1
50	154	1
50	174	1
50	182	2
50	191	2
50	267	-2
51	88	1
51	100	1
51	101	1
51	105	1
51	121	1
51	151	1
51	183	-2
51	251	2
51	338	2
52	62	1
52	63	1
52	138	1
52	148	1
52	193	2
52	236	2
52	313	2
53	65	1
53	91	1
53	113	1
53	127	1
53	192	-2
53	235	-2
53	249	-2
54	127	1
54	140	1
54	147	1
54	158	1
54	164	1
54	203	-2
54	297	2
54	329	2
55	57	1
55	122	1
55	160	1
55	175	1
55	240	2
55	343	-2
55	347	-2
56	74	1
56	90	1
56	120	1
56	121	1
56	155	1
56	199	-2
56	245	2
56	331	-2
57	137	1
57	142	1
57	173	1
57	276	-2
57	343	-2
57	349	2
58	65	1
58	89	1
58	101	1
58	141	1
58	149	1
58	184	2
58	336	2
58	337	-2
59	82	2
59	273	-2
59	274	-2
59	351	2
60	115	1
60	145	2
60	151	1
60	250	-2
60	322	2
60	323	-2
61	76	1
61	96	1
61	97	1
61	112	1
61	147	1
61	209	2
61	220	-2
61	281	2
62	120	1
62	125	1
62	146	1
62	148	1
62	162	1
62	236	2
62	246	2
62	304	2
63	109	1
63	138	1
63	193	2
63	264	-2
63	301	2
64	78	1
64	85	1
64	124	1
64	126	1
64	138	1
64	228	-2
64	332	-2
64	339	2
65	79	1
65	141	1
65	176	1
65	249	-2
65	260	-2
65	337	-2
66	87	1
66	148	1
66	150	1
66	153	1
66	161	1
66	226	2
66	242	2
66	315	2
67	73	1
67	125	1
67	134	1
67	151	1
67	155	1
67	181	2
67	202	-2
67	229	2
68	96	1
68	107	1
68	175	1
68	198	-2
68	252	-2
68	262	2
69	90	1
69	102	1
69	144	1
69	154	1
69	224	2
69	254	2
69	307	2
70	92	1
70	128	1
70	134	1
70	162	1
70	167	1
70	195	-2
70	261	2
70	299	2
71	113	1
71	124	1
71	148	1
71	161	1
71	171	1
71	244	2
71	291	2
71	348	-2
72	80	1
72	82	1
72	106	1
72	122	1
72	145	1
72	217	2
72	219	-2
72	324	2
73	81	1
73	151	1
73	157	1
73	172	1
73	229	2
73	265	-2
73	296	-2
74	103	1
74	139	1
74	140	1
74	155	1
74	210	-2
74	255	-2
74	331	-2
75	99	1
75	112	1
75	124	1
75	164	1
75	197	-2
75	284	2
75	350	2
76	137	1
76	147	1
76	209	2
76	257	2
76	263	-2
77	108	1
77	114	1
77	137	1
77	152	1
77	160	1
77	227	-2
77	285	-2
77	345	2
78	113	1
78	126	1
78	135	1
78	158	1
78	190	-2
78	205	-2
78	339	2
79	110	1
79	176	1
79	260	-2
79	268	2
79	295	-2
80	84	1
80	125	1
80	145	1
80	207	-2
80	314	2
80	324	2
81	98	1
81	109	1
81	160	1
81	256	-2
81	296	-2
81	316	2
82	122	1
82	219	-2
82	274	-2
82	351	2
83	85	1
83	104	1
83	122	1
83	163	1
83	189	-2
83	288	-2
83	303	2
84	95	1
84	107	1
84	108	1
84	125	1
84	159	1
84	223	2
84	314	2
84	340	2
85	138	1
85	142	1
85	247	-2
85	288	-2
85	332	-2
86	99	1
86	111	1
86	173	1
86	206	2
86	215	-2
86	311	2
87	114	1
87	127	1
87	150	1
87	153	1
87	225	-2
87	242	2
87	325	-2
88	100	1
88	146	1
88	151	1
88	166	1
88	183	-2
88	188	2
88	259	-2
89	97	1
89	126	1
89	184	2
89	305	2
89	310	-2
90	121	1
90	128	1
90	156	1
90	224	2
90	245	2
90	300	-2
91	103	1
91	169	1
91	235	-2
91	326	-2
91	346	-2
92	136	1
92	172	1
92	195	-2
92	221	-2
92	321	2
93	94	1
93	136	1
93	165	1
93	174	1
93	269	2
93	283	-2
93	309	2
94	108	1
94	131	1
94	149	1
94	174	1
94	177	-2
94	309	2
94	341	-2
95	132	1
95	155	1
95	159	1
95	164	1
95	223	2
95	292	-2
95	306	-2
96	97	1
96	105	1
96	220	-2
96	237	-2
96	252	-2
97	220	-2
97	308	-2
97	310	-2
98	123	1
98	158	1
98	160	1
98	176	1
98	234	2
98	239	-2
98	256	-2
99	112	1
99	206	2
99	284	2
99	330	2
100	121	1
100	146	1
100	188	2
100	196	2
100	338	2
101	105	1
101	119	1
101	149	1
101	251	2
101	258	2
101	336	2
102	129	1
102	143	1
102	149	1
102	171	1
102	187	2
102	216	-2
102	254	2
103	123	1
103	140	1
103	255	-2
103	302	-2
103	346	-2
104	106	1
104	143	1
104	166	1
104	167	1
104	189	-2
104	214	2
104	243	-2
105	117	1
105	156	1
105	237	-2
105	251	2
105	334	-2
106	167	1
106	217	2
106	243	-2
106	298	-2
107	108	1
107	166	1
107	175	1
107	198	-2
107	248	2
107	340	2
108	137	1
108	227	-2
108	340	2
108	341	-2
109	264	-2
109	289	-2
109	316	2
110	117	1
110	154	1
110	175	1
110	231	2
110	295	-2
110	342	2
111	129	1
111	173	1
111	253	-2
111	290	-2
111	311	2
112	212	-2
112	281	2
112	284	2
113	124	1
113	127	1
113	158	1
113	190	-2
113	192	-2
113	291	2
114	152	1
114	225	-2
114	318	2
114	345	2
115	130	1
115	133	1
115	145	1
115	152	1
115	157	1
115	185	2
115	250	-2
115	271	-2
116	146	1
116	163	1
116	200	2
116	213	2
116	317	2
117	129	1
117	136	1
117	156	1
117	275	-2
117	334	-2
117	342	2
118	147	1
118	180	-2
118	277	-2
118	312	-2
119	138	1
119	144	1
119	238	2
119	258	2
119	327	2
120	146	1
120	182	2
120	199	-2
120	246	2
121	159	1
121	245	2
121	319	-2
121	338	2
122	163	1
122	219	-2
122	240	2
122	303	2
123	176	1
123	191	2
123	234	2
123	302	-2
124	197	-2
124	228	-2
124	291	2
125	155	1
125	162	1
125	181	2
125	304	2
125	314	2
126	168	1
126	305	2
126	328	2
126	339	2
127	147	1
127	153	1
127	192	-2
127	297	2
127	325	-2
128	134	1
128	142	1
128	156	1
128	174	1
128	287	-2
128	299	2
128	300	-2
129	136	1
129	171	1
129	216	-2
129	253	-2
129	275	-2
130	141	1
130	152	1
130	161	1
130	270	2
130	271	-2
130	293	2
131	149	1
131	165	1
131	167	1
131	177	-2
131	233	2
131	333	2
132	135	1
132	155	1
132	204	-2
132	306	-2
132	335	-2
133	157	1
133	170	1
133	185	2
133	211	-2
133	294	-2
134	140	1
134	159	1
134	202	-2
134	299	2
134	352	2
135	204	-2
135	205	-2
135	241	2
136	221	-2
136	269	2
136	275	-2
137	227	-2
137	257	2
137	349	2
138	144	1
138	193	2
138	238	2
138	332	-2
139	153	1
139	165	1
139	186	-2
139	210	-2
139	344	-2
140	159	1
140	203	-2
140	255	-2
140	352	2
141	171	1
141	172	1
141	278	-2
141	293	2
141	337	-2
142	173	1
142	174	1
142	247	-2
142	276	-2
142	287	-2
143	149	1
143	166	1
143	187	2
143	194	2
143	214	2
144	150	1
144	154	1
144	178	2
144	238	2
144	307	2
145	151	1
145	250	-2
145	323	-2
145	324	2
146	188	2
146	213	2
146	246	2
147	180	-2
147	209	2
147	297	2
148	153	1
148	171	1
148	236	2
148	315	2
148	348	-2
149	177	-2
149	187	2
149	336	2
150	163	1
150	178	2
150	230	-2
150	242	2
151	183	-2
151	229	2
151	323	-2
152	271	-2
152	320	-2
152	345	2
153	186	-2
153	315	2
153	325	-2
154	174	1
154	175	1
154	231	2
154	267	-2
154	307	2
155	181	2
155	306	-2
155	331	-2
156	179	-2
156	300	-2
156	334	-2
157	172	1
157	173	1
157	185	2
157	265	-2
157	282	-2
158	164	1
158	190	-2
158	239	-2
158	329	2
159	223	2
159	319	-2
159	352	2
160	175	1
160	256	-2
160	285	-2
160	347	-2
161	226	2
161	244	2
161	270	2
162	167	1
162	261	2
162	266	-2
162	304	2
163	200	2
163	230	-2
163	303	2
164	292	-2
164	329	2
164	350	2
165	167	1
165	283	-2
165	333	2
165	344	-2
166	214	2
166	248	2
166	259	-2
167	243	-2
167	261	2
167	333	2
168	170	1
168	201	-2
168	286	-2
168	328	2
169	208	-2
169	232	-2
169	326	-2
170	201	-2
170	280	2
170	294	-2
171	172	1
171	216	-2
171	278	-2
171	348	-2
172	265	-2
172	278	-2
172	321	2
173	276	-2
173	282	-2
173	311	2
174	267	-2
174	287	-2
174	309	2
175	198	-2
175	231	2
175	347	-2
176	218	-2
176	234	2
176	260	-2
