1	1	-1
2	2	3
3	3	1
4	4	-1
5	5	1
6	6	1
7	7	-1
8	8	1
9	9	-1
10	10	1
11	11	1
12	12	-3
13	13	-3
14	14	1
15	15	1
16	16	-1
17	17	1
18	18	-3
19	19	1
20	20	-1
21	21	3
22	22	1
23	23	3
24	24	3
25	25	-1
26	26	1
27	27	-1
28	28	-1
29	29	-3
30	30	-3
31	31	-1
32	32	-1
33	33	3
34	34	3
35	35	3
36	36	1
37	37	-1
38	38	-1
39	39	-1
40	40	-1
41	41	1
42	42	-1
43	43	-1
44	44	-3
45	45	1
46	46	-1
47	47	1
48	48	-1
49	49	-1
50	50	-1
51	51	1
52	52	-3
53	53	3
54	54	-1
55	55	-3
56	56	1
57	57	3
58	58	1
59	59	1
60	60	1
61	61	-1
62	62	1
63	63	1
64	64	1
65	65	3
66	66	3
67	67	-1
68	68	1
69	69	1
70	70	-1
71	71	1
72	72	-3
73	73	3
74	74	1
75	75	-1
76	76	1
77	77	-3
78	78	-3
79	79	-1
80	80	-3
81	81	-3
82	82	3
83	83	1
84	84	-1
85	85	-3
86	86	-1
87	87	-1
88	88	1
89	89	-1
90	90	1
91	91	-1
92	92	1
93	93	-1
94	94	1
95	95	1
96	96	1
97	97	-1
98	98	-1
99	99	1
100	100	3
101	101	-1
102	102	1
103	103	-3
104	104	-1
105	105	1
106	106	-1
107	107	-1
108	108	-1
109	109	-3
110	110	-3
111	111	-3
112	112	1
113	113	1
114	114	-1
115	115	1
116	116	1
117	117	-1
118	118	-1
119	119	1
120	120	3
121	121	3
122	122	-1
123	123	-1
124	124	1
125	125	1
126	126	3
127	127	1
128	128	-3
129	129	1
130	130	-1
131	131	-3
132	132	1
133	133	-3
134	134	3
135	135	1
136	136	-3
137	137	-1
138	138	1
139	139	-1
140	140	1
141	141	1
142	142	-1
143	143	-1
144	144	-1
145	145	1
146	146	-3
147	147	1
148	148	-1
149	149	1
150	150	1
151	151	1
152	152	3
153	153	3
154	154	-1
155	155	-1
156	156	3
157	157	1
158	158	1
159	159	3
160	160	1
161	161	1
162	162	-3
163	163	3
164	164	1
165	165	-1
166	166	-3
167	167	1
168	168	-3
169	169	1
170	170	1
171	171	-1
172	172	-1
173	173	1
174	174	1
175	175	-1
176	176	1
177	177	-1
178	178	1
179	179	1
180	180	1
181	181	1
182	182	1
183	183	-1
184	184	1
185	185	2
186	186	-2
187	187	2
188	188	-2
189	189	-2
190	190	2
191	191	2
192	192	2
193	193	-2
194	194	2
195	195	-2
196	196	2
197	197	-2
198	198	2
199	199	-2
200	200	2
201	201	-2
202	202	2
203	203	2
204	204	-2
205	205	2
206	206	2
207	207	-2
208	208	-2
209	209	-2
210	210	2
211	211	2
212	212	2
213	213	2
214	214	-2
215	215	2
216	216	-2
217	217	2
218	218	-2
219	219	2
220	220	-2
221	221	2
222	222	-2
223	223	2
224	224	2
225	225	2
226	226	2
227	227	-2
228	228	2
229	229	-2
230	230	-2
231	231	2
232	232	2
233	233	2
234	234	2
235	235	-2
236	236	2
237	237	2
238	238	-2
239	239	-2
240	240	-2
241	241	-2
242	242	2
243	243	-2
244	244	-2
245	245	-2
246	246	2
247	247	-2
248	248	2
249	249	2
250	250	-2
251	251	2
252	252	-2
253	253	-2
254	254	-2
255	255	-2
256	256	-2
257	257	2
258	258	2
259	259	2
260	260	-2
261	261	2
262	262	2
263	263	-2
264	264	-2
265	265	-2
266	266	-2
267	267	2
268	268	2
269	269	-2
270	270	2
271	271	2
272	272	2
273	273	-2
274	274	2
275	275	-2
276	276	2
277	277	2
278	278	2
279	279	2
280	280	2
281	281	-2
282	282	2
283	283	2
284	284	-2
285	285	-2
286	286	2
287	287	-2
288	288	-2
289	289	2
290	290	2
291	291	-2
292	292	2
293	293	2
294	294	2
295	295	2
296	296	2
297	297	-2
298	298	2
299	299	2
300	300	-2
301	301	2
302	302	-2
303	303	-2
304	304	2
305	305	-2
306	306	-2
307	307	2
308	308	-2
309	309	2
310	310	-2
311	311	2
312	312	2
313	313	2
314	314	2
315	315	-2
316	316	-2
317	317	2
318	318	-2
319	319	2
320	320	-2
321	321	-2
322	322	-2
323	323	-2
324	324	-2
325	325	2
326	326	2
327	327	-2
328	328	-2
329	329	-2
330	330	-2
331	331	2
332	332	2
333	333	-2
334	334	-2
335	335	2
336	336	-2
337	337	-2
338	338	-2
339	339	-2
340	340	-2
341	341	-2
342	342	2
343	343	2
344	344	-2
345	345	-2
346	346	-2
347	347	2
348	348	2
349	349	2
350	350	2
351	351	-2
352	352	-2
353	353	2
354	354	2
355	355	-2
356	356	2
357	357	-2
358	358	-2
359	359	2
360	360	-2
361	361	2
362	362	-2
363	363	-2
364	364	-2
365	365	2
366	366	-2
367	367	-2
368	368	-2
1	9	1
1	71	1
1	102	1
1	111	1
1	155	1
1	174	1
1	285	-2
1	290	-2
1	302	2
2	100	1
2	116	1
2	143	1
2	148	1
2	149	1
2	156	1
2	201	-2
2	319	2
2	366	-2
3	43	1
3	55	1
3	125	1
3	145	1
3	160	1
3	163	1
3	281	2
3	284	-2
3	357	-2
4	27	1
4	37	1
4	52	1
4	105	1
4	157	1
4	183	1
4	249	2
4	268	-2
4	274	-2
5	47	1
5	82	1
5	93	1
5	127	1
5	139	1
5	163	1
5	189	-2
5	202	2
5	331	-2
6	17	1
6	90	1
6	95	1
6	124	1
6	133	1
6	153	1
6	209	-2
6	248	-2
6	330	-2
7	91	1
7	144	1
7	152	1
7	154	1
7	158	1
7	166	1
7	195	2
7	265	2
7	353	2
8	87	1
8	89	1
8	119	1
8	153	1
8	177	1
8	184	1
8	218	-2
8	329	-2
8	367	2
9	13	1
9	32	1
9	102	1
9	107	1
9	155	1
9	247	-2
9	289	-2
9	290	-2
10	29	1
10	36	1
10	73	1
10	114	1
10	126	1
10	147	1
10	211	2
10	258	-2
10	362	-2
11	32	1
11	34	1
11	36	1
11	42	1
11	138	1
11	164	1
11	266	-2
11	297	2
11	298	2
12	18	1
12	86	1
12	96	1
12	135	1
12	142	1
12	155	1
12	318	2
12	335	-2
12	341	2
13	37	1
13	51	1
13	81	1
13	84	1
13	107	1
13	203	-2
13	289	-2
13	301	-2
14	40	1
14	59	1
14	71	1
14	82	1
14	96	1
14	138	1
14	221	2
14	223	-2
14	313	2
15	28	1
15	66	1
15	68	1
15	78	1
15	92	1
15	112	1
15	251	2
15	282	-2
15	308	-2
16	64	1
16	108	1
16	131	1
16	146	1
16	165	1
16	174	1
16	278	-2
16	303	-2
16	336	2
17	24	1
17	50	1
17	87	1
17	147	1
17	153	1
17	250	2
17	330	-2
17	344	-2
18	22	1
18	39	1
18	110	1
18	149	1
18	155	1
18	287	2
18	307	-2
18	341	2
19	38	1
19	48	1
19	49	1
19	54	1
19	99	1
19	126	1
19	185	-2
19	321	-2
19	338	-2
20	33	1
20	34	1
20	55	1
20	84	1
20	106	1
20	124	1
20	190	-2
20	296	2
20	333	2
21	22	1
21	56	1
21	67	1
21	95	1
21	135	1
21	149	1
21	239	-2
21	245	-2
21	256	-2
22	57	1
22	110	1
22	135	1
22	183	1
22	239	-2
22	307	-2
22	368	-2
23	33	1
23	35	1
23	115	1
23	129	1
23	141	1
23	182	1
23	235	-2
23	275	-2
23	355	-2
24	74	1
24	86	1
24	94	1
24	147	1
24	177	1
24	316	-2
24	344	-2
24	352	-2
25	31	1
25	88	1
25	114	1
25	137	1
25	146	1
25	168	1
25	196	2
25	197	2
25	317	-2
26	42	1
26	104	1
26	140	1
26	167	1
26	179	1
26	184	1
26	242	2
26	257	-2
26	364	-2
27	67	1
27	102	1
27	105	1
27	120	1
27	123	1
27	210	2
27	255	2
27	274	-2
28	53	1
28	68	1
28	78	1
28	103	1
28	133	1
28	282	-2
28	291	2
28	360	-2
29	72	1
29	114	1
29	118	1
29	137	1
29	162	1
29	220	2
29	258	-2
29	361	-2
30	54	1
30	80	2
30	85	1
30	95	1
30	103	1
30	208	2
30	230	2
30	253	2
31	35	1
31	38	1
31	69	1
31	70	1
31	168	1
31	197	2
31	227	-2
31	305	2
32	36	1
32	45	1
32	68	1
32	102	1
32	188	2
32	247	-2
32	297	2
33	34	1
33	161	1
33	173	1
33	182	1
33	275	-2
33	296	2
33	363	-2
34	42	1
34	112	1
34	159	1
34	206	2
34	296	2
34	298	2
35	69	1
35	120	1
35	141	1
35	154	1
35	227	-2
35	280	2
35	355	-2
36	83	1
36	100	1
36	147	1
36	267	2
36	297	2
36	362	-2
37	61	1
37	84	1
37	97	1
37	157	1
37	203	-2
37	249	2
37	322	2
38	44	1
38	70	1
38	98	1
38	126	1
38	237	-2
38	305	2
38	338	-2
39	132	1
39	149	1
39	171	1
39	177	1
39	178	1
39	252	-2
39	287	2
39	359	-2
40	82	1
40	110	1
40	161	1
40	169	1
40	184	1
40	198	-2
40	221	2
40	365	-2
41	58	1
41	88	1
41	130	1
41	135	1
41	142	1
41	153	1
41	310	-2
41	323	2
41	350	2
42	60	1
42	104	1
42	183	1
42	257	-2
42	269	2
42	298	2
43	87	1
43	150	1
43	163	1
43	165	1
43	167	1
43	204	2
43	284	-2
43	294	-2
44	52	1
44	77	1
44	98	1
44	162	1
44	179	1
44	237	-2
44	283	-2
44	286	-2
45	58	1
45	61	1
45	68	1
45	152	1
45	181	1
45	188	2
45	246	2
45	263	-2
46	56	1
46	61	1
46	93	1
46	145	1
46	156	1
46	176	1
46	264	2
46	306	-2
46	328	2
47	82	1
47	134	1
47	136	1
47	159	1
47	162	1
47	202	2
47	273	2
47	311	2
48	50	1
48	59	1
48	79	1
48	90	1
48	99	1
48	185	-2
48	194	2
48	312	-2
49	54	1
49	94	1
49	108	1
49	130	1
49	143	1
49	219	-2
49	224	-2
49	321	-2
50	60	1
50	70	1
50	79	1
50	87	1
50	186	-2
50	250	2
50	312	-2
51	58	1
51	62	1
51	81	1
51	105	1
51	157	1
51	244	-2
51	301	-2
51	358	-2
52	91	1
52	98	1
52	179	1
52	183	1
52	222	2
52	268	-2
52	283	-2
53	63	1
53	68	1
53	73	1
53	117	1
53	151	1
53	348	2
53	351	-2
53	360	-2
54	80	1
54	103	1
54	148	1
54	253	2
54	321	-2
54	343	-2
55	84	1
55	104	1
55	160	1
55	164	1
55	281	2
55	288	2
55	333	2
56	81	1
56	95	1
56	128	1
56	156	1
56	245	-2
56	276	-2
56	306	-2
57	98	1
57	132	1
57	139	1
57	152	1
57	183	1
57	199	-2
57	300	-2
57	368	-2
58	61	1
58	62	1
58	130	1
58	244	-2
58	246	2
58	323	2
59	64	1
59	72	1
59	90	1
59	96	1
59	194	2
59	225	-2
59	313	2
60	70	1
60	119	1
60	170	1
60	183	1
60	186	-2
60	232	2
60	269	2
61	97	1
61	176	1
61	246	2
61	322	2
61	328	2
62	134	1
62	150	1
62	173	1
62	175	1
62	234	2
62	244	-2
62	337	2
63	77	1
63	84	1
63	128	1
63	151	1
63	169	1
63	260	2
63	348	2
63	349	2
64	65	1
64	72	1
64	160	1
64	165	1
64	225	-2
64	254	-2
64	303	-2
65	106	1
65	115	1
65	151	1
65	160	1
65	179	1
65	254	-2
65	327	-2
65	340	-2
66	68	1
66	76	1
66	82	1
66	104	1
66	160	1
66	251	2
66	299	2
66	347	2
67	111	1
67	123	1
67	133	1
67	149	1
67	255	2
67	256	-2
67	334	2
68	188	2
68	251	2
68	360	-2
69	101	1
69	145	1
69	168	1
69	170	1
69	227	-2
69	315	2
69	324	-2
70	137	1
70	143	1
70	186	-2
70	292	-2
70	305	2
71	99	1
71	138	1
71	140	1
71	174	1
71	223	-2
71	277	2
71	285	-2
72	137	1
72	147	1
72	175	1
72	225	-2
72	240	2
72	361	-2
73	117	1
73	121	1
73	126	1
73	144	1
73	211	2
73	226	2
73	351	-2
74	85	1
74	89	1
74	94	1
74	101	1
74	113	1
74	233	2
74	316	-2
74	326	-2
75	92	1
75	112	1
75	115	1
75	122	1
75	139	1
75	176	1
75	192	-2
75	236	-2
75	293	2
76	108	1
76	116	1
76	157	1
76	160	1
76	165	1
76	231	-2
76	243	-2
76	299	2
77	128	1
77	142	1
77	162	1
77	172	1
77	260	2
77	272	-2
77	286	-2
78	81	1
78	131	1
78	146	1
78	178	1
78	271	-2
78	282	-2
78	314	-2
79	85	1
79	92	1
79	172	1
79	182	1
79	191	-2
79	279	2
79	312	-2
80	95	1
80	136	1
80	154	1
80	230	2
80	253	2
80	356	-2
81	128	1
81	146	1
81	271	-2
81	276	-2
81	301	-2
82	104	1
82	202	2
82	221	2
82	347	2
83	100	1
83	101	1
83	109	1
83	118	1
83	122	1
83	261	-2
83	267	2
83	354	2
84	169	1
84	203	-2
84	333	2
84	349	2
85	101	1
85	103	1
85	182	1
85	191	-2
85	208	2
85	326	-2
86	109	1
86	142	1
86	158	1
86	177	1
86	212	-2
86	318	2
86	352	-2
87	150	1
87	184	1
87	250	2
87	294	-2
87	329	-2
88	131	1
88	137	1
88	142	1
88	171	1
88	196	2
88	200	-2
88	310	-2
89	113	1
89	117	1
89	125	1
89	177	1
89	216	2
89	233	2
89	367	2
90	132	1
90	133	1
90	182	1
90	194	2
90	207	-2
90	248	-2
91	98	1
91	129	1
91	166	1
91	174	1
91	195	2
91	222	2
91	262	2
92	112	2
92	172	1
92	192	-2
92	279	2
92	308	-2
93	120	1
93	126	1
93	139	1
93	145	1
93	187	2
93	264	2
93	331	-2
94	125	1
94	130	1
94	141	1
94	219	-2
94	295	2
94	316	-2
95	124	1
95	209	-2
95	230	2
95	245	-2
96	107	1
96	135	1
96	158	1
96	313	2
96	335	-2
96	339	-2
97	118	1
97	127	1
97	159	1
97	168	1
97	229	2
97	259	2
97	322	2
98	132	1
98	199	-2
98	222	2
98	237	-2
99	140	1
99	150	1
99	176	1
99	185	-2
99	217	2
99	277	2
100	149	1
100	167	1
100	180	1
100	201	-2
100	267	2
100	309	2
101	118	1
101	168	1
101	315	2
101	326	-2
101	354	2
102	111	1
102	120	1
102	210	2
102	247	-2
102	302	2
103	133	1
103	148	1
103	208	2
103	291	2
103	343	-2
104	164	1
104	257	-2
104	288	2
104	347	2
105	113	1
105	155	1
105	157	1
105	238	-2
105	274	-2
105	358	-2
106	124	1
106	148	1
106	171	1
106	179	1
106	190	-2
106	193	2
106	327	-2
107	110	1
107	127	1
107	158	1
107	241	2
107	289	-2
107	339	-2
108	116	1
108	131	1
108	143	1
108	224	-2
108	243	-2
108	336	2
109	122	2
109	158	1
109	166	1
109	212	-2
109	261	-2
109	342	-2
110	127	1
110	184	1
110	198	-2
110	241	2
110	307	-2
111	133	1
111	144	1
111	170	1
111	302	2
111	334	2
111	345	2
112	159	1
112	192	-2
112	206	2
112	308	-2
113	128	1
113	155	1
113	180	1
113	233	2
113	238	-2
113	304	-2
114	130	1
114	146	1
114	156	1
114	258	-2
114	317	-2
114	332	2
115	129	1
115	139	1
115	151	1
115	235	-2
115	236	-2
115	340	-2
116	117	1
116	140	1
116	156	1
116	205	-2
116	243	-2
116	366	-2
117	125	1
117	140	1
117	205	-2
117	216	2
117	351	-2
118	162	1
118	168	1
118	220	2
118	229	2
118	354	2
119	136	1
119	153	1
119	170	1
119	181	1
119	218	-2
119	228	-2
119	232	2
120	126	1
120	154	1
120	187	2
120	210	2
120	280	2
121	123	1
121	134	1
121	138	1
121	144	1
121	164	1
121	213	2
121	215	2
121	226	2
122	166	1
122	176	1
122	261	-2
122	293	2
122	342	-2
123	129	1
123	134	1
123	172	1
123	213	2
123	255	2
123	325	-2
124	175	1
124	181	1
124	190	-2
124	209	-2
124	346	-2
125	141	1
125	145	1
125	216	2
125	295	2
125	357	-2
126	187	2
126	211	2
126	338	-2
127	159	1
127	163	1
127	189	-2
127	241	2
127	259	2
128	180	1
128	260	2
128	276	-2
128	304	-2
129	172	1
129	174	1
129	235	-2
129	262	2
129	325	-2
130	156	1
130	219	-2
130	323	2
130	332	2
131	171	1
131	178	1
131	200	-2
131	314	-2
131	336	2
132	177	1
132	182	1
132	199	-2
132	207	-2
132	359	-2
133	248	-2
133	291	2
133	334	2
134	150	1
134	159	1
134	213	2
134	234	2
134	311	2
135	153	1
135	239	-2
135	335	-2
135	350	2
136	154	1
136	162	1
136	181	1
136	228	-2
136	273	2
136	356	-2
137	143	1
137	196	2
137	292	-2
137	361	-2
138	164	2
138	215	2
138	223	-2
138	266	-2
139	152	1
139	236	-2
139	300	-2
139	331	-2
140	167	1
140	205	-2
140	277	2
140	364	-2
141	151	1
141	166	1
141	295	2
141	320	2
141	355	-2
142	172	1
142	272	-2
142	310	-2
142	318	2
143	148	1
143	224	-2
143	292	-2
143	319	2
144	154	1
144	170	1
144	226	2
144	265	2
144	345	2
145	170	1
145	264	2
145	324	-2
145	357	-2
146	174	1
146	271	-2
146	278	-2
146	317	-2
147	175	1
147	240	2
147	344	-2
147	362	-2
148	171	1
148	193	2
148	319	2
148	343	-2
149	201	-2
149	256	-2
149	287	2
150	176	1
150	217	2
150	234	2
150	294	-2
151	166	1
151	320	2
151	340	-2
151	348	2
152	158	1
152	181	1
152	263	-2
152	300	-2
152	353	2
153	218	-2
153	330	-2
153	350	2
154	265	2
154	280	2
154	356	-2
155	238	-2
155	290	-2
155	341	2
156	306	-2
156	332	2
156	366	-2
157	165	1
157	231	-2
157	249	2
157	358	-2
158	212	-2
158	339	-2
158	353	2
159	206	2
159	259	2
159	311	2
160	254	-2
160	281	2
160	299	2
161	169	2
161	173	2
161	214	-2
161	363	-2
161	365	-2
162	220	2
162	273	2
162	286	-2
163	178	1
163	180	1
163	189	-2
163	270	2
163	284	-2
164	215	2
164	266	-2
164	288	2
165	167	1
165	204	2
165	231	-2
165	303	-2
166	195	2
166	320	2
166	342	-2
167	180	1
167	204	2
167	309	2
167	364	-2
168	197	2
168	229	2
168	315	2
169	173	1
169	214	-2
169	349	2
169	365	-2
170	232	2
170	324	-2
170	345	2
171	178	1
171	193	2
171	200	-2
171	252	-2
172	272	-2
172	279	2
172	325	-2
173	175	1
173	214	-2
173	337	2
173	363	-2
174	262	2
174	278	-2
174	285	-2
175	181	1
175	240	2
175	337	2
175	346	-2
176	217	2
176	293	2
176	328	2
177	352	-2
177	359	-2
177	367	2
178	180	1
178	252	-2
178	270	2
178	314	-2
179	184	1
179	242	2
179	283	-2
179	327	-2
180	270	2
180	304	-2
180	309	2
181	228	-2
181	263	-2
181	346	-2
182	191	-2
182	207	-2
182	275	-2
183	268	-2
183	269	2
183	368	-2
184	198	-2
184	242	2
184	329	-2
