1	1	1
2	2	-1
3	3	-1
4	4	1
5	5	3
6	6	-1
7	7	1
8	8	3
9	9	1
10	10	-1
11	11	-3
12	12	1
13	13	-3
14	14	1
15	15	1
16	16	1
17	17	3
18	18	3
19	19	1
20	20	-1
21	21	1
22	22	1
23	23	1
24	24	-3
25	25	1
26	26	1
27	27	1
28	28	-1
29	29	-1
30	30	-3
31	31	3
32	32	-3
33	33	-3
34	34	1
35	35	-1
36	36	3
37	37	-1
38	38	1
39	39	-3
40	40	1
41	41	-1
42	42	-1
43	43	-1
44	44	-1
45	45	-1
46	46	3
47	47	-1
48	48	1
49	49	-3
50	50	1
51	51	-3
52	52	-1
53	53	-1
54	54	-1
55	55	1
56	56	3
57	57	-3
58	58	-1
59	59	-1
60	60	-1
61	61	-1
62	62	-3
63	63	1
64	64	1
65	65	-3
66	66	1
67	67	1
68	68	1
69	69	1
70	70	-1
71	71	1
72	72	-1
73	73	-1
74	74	-3
75	75	1
76	76	1
77	77	-1
78	78	1
79	79	-1
80	80	-3
81	81	-3
82	82	1
83	83	-1
84	84	1
85	85	1
86	86	-1
87	87	-3
88	88	1
89	89	-1
90	90	-1
91	91	1
92	92	1
93	93	-1
94	94	1
95	95	1
96	96	-1
97	97	-1
98	98	-1
99	99	3
100	100	-1
101	101	1
102	102	1
103	103	-1
104	104	-3
105	105	1
106	106	1
107	107	1
108	108	-3
109	109	-1
110	110	1
111	111	1
112	112	1
113	113	-1
114	114	-3
115	115	1
116	116	-3
117	117	1
118	118	-1
119	119	3
120	120	-3
121	121	2
122	122	2
123	123	2
124	124	-2
125	125	-2
126	126	2
127	127	-2
128	128	2
129	129	-2
130	130	-2
131	131	-2
132	132	2
133	133	-2
134	134	2
135	135	2
136	136	-2
137	137	-2
138	138	-2
139	139	-2
140	140	-2
141	141	-2
142	142	2
143	143	2
144	144	-2
145	145	2
146	146	2
147	147	2
148	148	2
149	149	-2
150	150	2
151	151	-2
152	152	2
153	153	2
154	154	2
155	155	2
156	156	-2
157	157	-2
158	158	2
159	159	2
160	160	-2
161	161	2
162	162	-2
163	163	2
164	164	2
165	165	2
166	166	-2
167	167	2
168	168	-2
169	169	-2
170	170	-2
171	171	-2
172	172	-2
173	173	-2
174	174	2
175	175	2
176	176	2
177	177	2
178	178	2
179	179	2
180	180	-2
181	181	2
182	182	-2
183	183	-2
184	184	2
185	185	-2
186	186	2
187	187	2
188	188	2
189	189	2
190	190	-2
191	191	2
192	192	2
193	193	-2
194	194	-2
195	195	2
196	196	2
197	197	-2
198	198	-2
199	199	2
200	200	-2
201	201	2
202	202	-2
203	203	-2
204	204	-2
205	205	2
206	206	-2
207	207	2
208	208	2
209	209	2
210	210	2
211	211	2
212	212	-2
213	213	-2
214	214	2
215	215	2
216	216	-2
217	217	-2
218	218	-2
219	219	-2
220	220	2
221	221	2
222	222	2
223	223	-2
224	224	2
225	225	2
226	226	2
227	227	2
228	228	-2
229	229	2
230	230	2
231	231	-2
232	232	-2
233	233	-2
234	234	-2
235	235	2
236	236	2
237	237	-2
238	238	-2
239	239	2
240	240	2
1	14	1
1	21	1
1	29	1
1	31	1
1	64	1
1	74	1
1	154	2
1	199	2
1	236	-2
2	7	1
2	9	1
2	58	1
2	62	1
2	99	1
2	109	1
2	171	-2
2	188	-2
2	213	2
3	27	1
3	32	1
3	47	1
3	103	1
3	109	1
3	120	1
3	155	2
3	166	2
3	170	2
4	21	1
4	66	1
4	85	1
4	89	1
4	99	1
4	118	1
4	147	2
4	197	2
4	211	2
5	14	1
5	15	1
5	19	1
5	25	1
5	67	1
5	68	1
5	131	-2
5	148	2
5	200	-2
6	30	1
6	37	1
6	39	1
6	64	1
6	80	1
6	97	1
6	133	-2
6	196	-2
6	204	2
7	43	1
7	58	1
7	67	1
7	98	1
7	119	1
7	143	2
7	146	2
7	213	2
8	18	1
8	46	1
8	63	1
8	78	1
8	79	1
8	107	1
8	232	-2
8	234	-2
8	235	2
9	12	1
9	36	1
9	84	1
9	99	1
9	111	1
9	171	-2
9	176	-2
9	210	2
10	26	1
10	35	1
10	54	1
10	63	1
10	70	1
10	73	1
10	203	2
10	219	2
10	239	2
11	33	1
11	37	1
11	39	1
11	49	1
11	80	1
11	108	1
11	135	-2
11	167	-2
11	198	2
12	28	1
12	56	1
12	71	2
12	84	1
12	160	-2
12	176	-2
12	183	-2
13	49	1
13	57	2
13	59	1
13	90	1
13	115	1
13	214	-2
13	229	-2
13	230	-2
14	29	1
14	45	1
14	67	1
14	79	1
14	145	-2
14	199	2
14	200	-2
15	19	1
15	36	1
15	45	1
15	53	1
15	66	1
15	131	-2
15	233	2
15	240	2
16	25	1
16	32	1
16	34	1
16	55	1
16	94	1
16	119	1
16	130	-2
16	168	2
16	208	2
17	18	1
17	36	1
17	42	1
17	63	1
17	91	1
17	100	1
17	192	2
17	193	-2
17	205	2
18	42	1
18	70	1
18	106	1
18	107	1
18	165	2
18	193	-2
18	235	2
19	35	1
19	44	1
19	45	1
19	95	1
19	131	-2
19	226	-2
19	231	-2
20	30	1
20	41	1
20	55	1
20	59	1
20	77	1
20	104	1
20	123	2
20	139	2
20	169	2
21	55	1
21	66	1
21	74	1
21	93	1
21	172	-2
21	211	2
21	236	-2
22	31	1
22	78	1
22	84	1
22	98	1
22	113	1
22	117	1
22	173	-2
22	212	-2
22	237	2
23	38	1
23	65	1
23	76	1
23	82	1
23	84	1
23	90	1
23	162	-2
23	185	2
23	222	2
24	33	1
24	71	1
24	74	1
24	83	1
24	87	1
24	98	1
24	151	2
24	181	-2
24	182	2
25	32	1
25	48	1
25	50	1
25	68	1
25	148	2
25	168	2
25	228	-2
26	52	1
26	70	1
26	73	2
26	83	1
26	122	2
26	220	-2
26	239	2
27	34	1
27	62	1
27	94	1
27	106	1
27	109	1
27	155	2
27	184	2
27	202	2
28	41	1
28	47	1
28	62	1
28	65	1
28	71	1
28	140	2
28	183	-2
28	215	-2
29	58	1
29	60	1
29	75	1
29	103	1
29	128	-2
29	199	2
29	223	2
30	80	1
30	81	1
30	104	1
30	118	1
30	137	2
30	139	2
30	196	-2
31	64	1
31	72	1
31	84	1
31	101	1
31	154	2
31	179	2
31	212	-2
32	37	1
32	108	1
32	120	1
32	142	-2
32	166	2
32	168	2
33	50	1
33	80	1
33	83	1
33	116	1
33	151	2
33	152	-2
33	198	2
34	62	1
34	75	1
34	94	1
34	97	1
34	130	-2
34	202	2
34	221	2
35	51	1
35	57	1
35	70	1
35	95	1
35	195	-2
35	219	2
35	231	-2
36	45	1
36	100	1
36	111	1
36	192	2
36	210	2
36	240	2
37	39	1
37	64	1
37	108	1
37	133	-2
37	142	-2
37	167	-2
38	49	1
38	53	1
38	90	1
38	92	1
38	99	1
38	136	2
38	149	-2
38	162	-2
39	80	1
39	97	1
39	101	1
39	157	2
39	167	-2
39	204	2
40	42	1
40	60	1
40	69	1
40	88	1
40	89	1
40	116	1
40	127	2
40	129	-2
40	178	2
41	59	1
41	62	1
41	94	1
41	107	1
41	123	2
41	140	2
41	217	2
42	82	1
42	114	1
42	116	1
42	127	2
42	193	-2
42	227	-2
43	51	1
43	72	1
43	91	1
43	93	1
43	98	1
43	143	2
43	159	-2
43	187	-2
44	45	1
44	61	1
44	86	1
44	95	1
44	112	1
44	126	2
44	156	2
44	226	-2
45	79	1
45	145	-2
45	226	-2
45	240	2
46	63	1
46	68	1
46	75	1
46	76	1
46	112	1
46	201	2
46	209	2
46	232	-2
47	56	1
47	65	1
47	102	1
47	103	1
47	170	2
47	215	-2
47	224	2
48	50	1
48	69	1
48	108	1
48	109	1
48	119	1
48	134	2
48	144	2
48	228	-2
49	59	1
49	92	1
49	108	1
49	135	-2
49	136	2
49	229	-2
50	88	1
50	111	1
50	116	1
50	152	-2
50	175	2
50	228	-2
51	57	1
51	81	1
51	87	1
51	93	1
51	180	2
51	187	-2
51	195	-2
52	54	1
52	74	1
52	83	2
52	102	1
52	122	2
52	150	-2
52	190	2
53	59	1
53	66	1
53	93	1
53	99	1
53	149	-2
53	164	-2
53	233	2
54	63	1
54	92	1
54	102	1
54	113	1
54	190	2
54	203	2
54	225	2
55	77	1
55	93	1
55	119	1
55	169	2
55	172	-2
55	208	2
56	71	1
56	102	1
56	105	1
56	110	1
56	141	-2
56	160	-2
56	224	2
57	90	1
57	115	1
57	195	-2
57	214	-2
57	230	-2
58	85	1
58	103	1
58	115	1
58	128	-2
58	174	2
58	213	2
59	93	1
59	123	2
59	164	-2
59	229	-2
60	67	1
60	68	1
60	75	1
60	88	1
60	178	2
60	216	2
60	223	2
61	64	1
61	77	1
61	78	1
61	96	1
61	112	1
61	125	2
61	126	2
61	206	2
62	109	1
62	140	2
62	188	-2
62	202	2
63	91	1
63	203	2
63	205	2
63	232	-2
64	78	1
64	125	2
64	133	-2
64	154	2
65	76	1
65	104	1
65	117	1
65	132	-2
65	185	2
65	215	-2
66	91	1
66	107	1
66	194	-2
66	211	2
66	233	2
67	68	1
67	119	1
67	146	2
67	200	-2
67	216	2
68	76	1
68	148	2
68	209	2
68	216	2
69	87	1
69	89	1
69	113	1
69	119	1
69	129	-2
69	134	2
69	238	2
70	73	1
70	106	1
70	165	2
70	219	2
70	220	-2
71	74	1
71	160	-2
71	181	-2
71	183	-2
72	73	1
72	91	1
72	101	1
72	114	1
72	159	-2
72	177	-2
72	179	2
73	114	1
73	177	-2
73	220	-2
73	239	2
74	83	1
74	150	-2
74	181	-2
74	236	-2
75	97	1
75	112	1
75	201	2
75	221	2
75	223	2
76	86	1
76	102	1
76	185	2
76	189	2
76	209	2
77	96	1
77	105	1
77	117	1
77	169	2
77	191	2
77	206	2
78	79	1
78	117	1
78	125	2
78	173	-2
78	234	-2
79	85	1
79	97	1
79	145	-2
79	153	-2
79	234	-2
80	101	1
80	157	2
80	196	-2
80	198	2
81	87	1
81	116	1
81	118	1
81	120	1
81	137	2
81	161	-2
81	180	2
82	84	1
82	92	1
82	114	1
82	115	1
82	121	2
82	222	2
82	227	-2
83	122	2
83	150	-2
83	151	2
84	176	-2
84	212	-2
84	222	2
85	97	1
85	99	1
85	115	1
85	147	2
85	153	-2
85	174	2
86	95	1
86	100	1
86	102	1
86	112	1
86	156	2
86	189	2
86	207	-2
87	98	1
87	113	1
87	180	2
87	182	2
87	238	2
88	96	1
88	105	1
88	111	1
88	138	2
88	175	2
88	178	2
89	90	1
89	118	1
89	120	1
89	129	-2
89	163	-2
89	197	2
90	120	1
90	162	-2
90	163	-2
90	214	-2
91	107	1
91	159	-2
91	194	-2
91	205	2
92	113	1
92	115	1
92	121	2
92	136	2
92	225	2
93	164	-2
93	172	-2
93	187	-2
94	106	1
94	107	1
94	130	-2
94	184	2
94	217	2
95	103	1
95	110	1
95	156	2
95	218	-2
95	231	-2
96	101	1
96	105	1
96	118	1
96	124	-2
96	138	2
96	206	2
97	153	-2
97	204	2
97	221	2
98	113	1
98	143	2
98	182	2
98	237	2
99	147	2
99	149	-2
99	171	-2
100	104	1
100	111	1
100	112	1
100	158	-2
100	192	2
100	207	-2
101	118	1
101	124	-2
101	157	2
101	179	2
102	189	2
102	190	2
102	224	2
103	110	1
103	128	-2
103	170	2
103	218	-2
104	111	1
104	117	1
104	132	-2
104	139	2
104	158	-2
105	110	1
105	117	1
105	138	2
105	141	-2
105	191	2
106	110	1
106	114	1
106	165	2
106	184	2
106	186	-2
107	194	-2
107	217	2
107	235	2
108	109	1
108	135	-2
108	142	-2
108	144	2
109	144	2
109	155	2
109	188	-2
110	114	1
110	141	-2
110	186	-2
110	218	-2
111	158	-2
111	175	2
111	210	2
112	126	2
112	201	2
112	207	-2
113	225	2
113	237	2
113	238	2
114	177	-2
114	186	-2
114	227	-2
115	121	2
115	174	2
115	230	-2
116	120	1
116	127	2
116	152	-2
116	161	-2
117	132	-2
117	173	-2
117	191	2
118	124	-2
118	137	2
118	197	2
119	134	2
119	146	2
119	208	2
120	161	-2
120	163	-2
120	166	2
