1	1	1
2	2	3
3	3	-1
4	4	-1
5	5	-1
6	6	1
7	7	1
8	8	1
9	9	-1
10	10	3
11	11	1
12	12	-1
13	13	-1
14	14	-1
15	15	1
16	16	-1
17	17	-1
18	18	1
19	19	-1
20	20	-1
21	21	1
22	22	-3
23	23	1
24	24	-1
25	25	-1
26	26	-3
27	27	-1
28	28	1
29	29	1
30	30	1
31	31	-3
32	32	3
33	33	-1
34	34	1
35	35	-1
36	36	-3
37	37	1
38	38	-1
39	39	1
40	40	-1
41	41	1
42	42	-1
43	43	1
44	44	-1
45	45	1
46	46	-3
47	47	-1
48	48	3
49	49	1
50	50	3
51	51	1
52	52	-1
53	53	1
54	54	-1
55	55	1
56	56	1
57	57	-3
58	58	1
59	59	3
60	60	1
61	61	1
62	62	-1
63	63	3
64	64	-1
65	65	-3
66	66	1
67	67	1
68	68	-1
69	69	-1
70	70	1
71	71	-1
72	72	-1
73	73	-1
74	74	-1
75	75	1
76	76	3
77	77	-1
78	78	-1
79	79	3
80	80	1
81	81	-1
82	82	-3
83	83	-1
84	84	1
85	85	-3
86	86	3
87	87	1
88	88	-1
89	89	1
90	90	-3
91	91	3
92	92	1
93	93	-1
94	94	3
95	95	1
96	96	-1
97	97	-1
98	98	1
99	99	1
100	100	1
101	101	1
102	102	1
103	103	3
104	104	1
105	105	-1
106	106	-1
107	107	1
108	108	1
109	109	-1
110	110	1
111	111	1
112	112	-1
113	113	-1
114	114	1
115	115	-1
116	116	1
117	117	-3
118	118	1
119	119	-1
120	120	1
121	121	-1
122	122	-3
123	123	-1
124	124	1
125	125	-1
126	126	-1
127	127	3
128	128	3
129	129	-1
130	130	1
131	131	1
132	132	-1
133	133	1
134	134	1
135	135	-1
136	136	3
137	137	1
138	138	1
139	139	3
140	140	-3
141	141	-1
142	142	1
143	143	1
144	144	-1
145	145	-3
146	146	1
147	147	1
148	148	-1
149	149	-1
150	150	1
151	151	-3
152	152	1
153	153	3
154	154	-1
155	155	1
156	156	-1
157	157	1
158	158	-1
159	159	3
160	160	-1
161	161	1
162	162	-1
163	163	3
164	164	3
165	165	-3
166	166	-1
167	167	-3
168	168	1
169	169	1
170	170	3
171	171	1
172	172	1
173	173	-1
174	174	1
175	175	1
176	176	3
177	177	-1
178	178	3
179	179	3
180	180	-3
181	181	1
182	182	3
183	183	-1
184	184	-3
185	185	-1
186	186	1
187	187	1
188	188	1
189	189	1
190	190	-1
191	191	-1
192	192	1
193	193	-3
194	194	-1
195	195	3
196	196	3
197	197	1
198	198	1
199	199	-1
200	200	1
201	201	-1
202	202	1
203	203	1
204	204	1
205	205	3
206	206	1
207	207	3
208	208	3
209	209	1
210	210	-1
211	211	3
212	212	1
213	213	3
214	214	-1
215	215	3
216	216	3
217	217	-1
218	218	-1
219	219	-1
220	220	1
221	221	-1
222	222	1
223	223	-3
224	224	1
225	225	-3
226	226	-1
227	227	1
228	228	-1
229	229	1
230	230	1
231	231	3
232	232	-3
233	233	-3
234	234	1
235	235	1
236	236	1
237	237	-1
238	238	-1
239	239	-1
240	240	1
241	241	-1
242	242	-1
243	243	1
244	244	-1
245	245	1
246	246	3
247	247	3
248	248	-1
249	249	3
250	250	3
251	251	1
252	252	-1
253	253	1
254	254	1
255	255	-1
256	256	-3
257	257	1
258	258	-1
259	259	1
260	260	3
261	261	1
262	262	1
263	263	-1
264	264	-1
265	265	-1
266	266	-1
267	267	1
268	268	1
269	269	1
270	270	1
271	271	1
272	272	3
273	273	1
274	274	1
275	275	1
276	276	-3
277	277	-1
278	278	-1
279	279	3
280	280	-1
281	281	-1
282	282	-1
283	283	1
284	284	-3
285	285	-3
286	286	3
287	287	3
288	288	-1
289	289	1
290	290	1
291	291	-3
292	292	-1
293	293	-1
294	294	-1
295	295	3
296	296	-1
297	297	1
298	298	3
299	299	-3
300	300	-3
301	301	3
302	302	-1
303	303	1
304	304	-3
305	305	-1
306	306	-1
307	307	-1
308	308	-3
309	309	-3
310	310	-3
311	311	1
312	312	1
313	313	-1
314	314	-1
315	315	-3
316	316	1
317	317	1
318	318	3
319	319	-1
320	320	-1
321	321	1
322	322	1
323	323	-1
324	324	1
325	325	1
326	326	-1
327	327	-1
328	328	3
329	329	-3
330	330	-1
331	331	-1
332	332	-3
333	333	1
334	334	1
335	335	1
336	336	1
337	337	-1
338	338	-1
339	339	-1
340	340	1
341	341	1
342	342	-3
343	343	1
344	344	-3
345	345	1
346	346	-1
347	347	-1
348	348	1
349	349	1
350	350	-1
351	351	-1
352	352	1
353	353	-1
354	354	1
355	355	3
356	356	-1
357	357	-1
358	358	-3
359	359	-1
360	360	-3
361	361	1
362	362	1
363	363	1
364	364	-1
365	365	1
366	366	3
367	367	-1
368	368	1
369	369	-3
370	370	-1
371	371	3
372	372	3
373	373	-1
374	374	-3
375	375	-1
376	376	3
377	377	1
378	378	1
379	379	1
380	380	-1
381	381	-1
382	382	-1
383	383	3
384	384	-3
385	385	-3
386	386	-1
387	387	1
388	388	1
389	389	-1
390	390	3
391	391	1
392	392	1
393	393	-1
394	394	1
395	395	1
396	396	3
397	397	1
398	398	1
399	399	1
400	400	1
401	401	-1
402	402	-1
403	403	1
404	404	1
405	405	1
406	406	1
407	407	3
408	408	-1
409	409	1
410	410	1
411	411	-1
412	412	-3
413	413	1
414	414	1
415	415	3
416	416	-1
417	417	1
418	418	1
419	419	1
420	420	3
421	421	-1
422	422	1
423	423	3
424	424	1
425	425	-1
426	426	-1
427	427	-1
428	428	-1
429	429	3
430	430	1
431	431	3
432	432	1
433	433	-1
434	434	-1
435	435	-3
436	436	-3
437	437	1
438	438	3
439	439	-3
440	440	1
441	441	-1
442	442	1
443	443	1
444	444	1
445	445	-3
446	446	1
447	447	-1
448	448	1
449	449	-1
450	450	-1
451	451	1
452	452	1
453	453	-1
454	454	3
455	455	3
456	456	-1
457	457	1
458	458	-3
459	459	-1
460	460	1
461	461	-1
462	462	3
463	463	3
464	464	1
465	465	-1
466	466	-1
467	467	-1
468	468	-1
469	469	-1
470	470	1
471	471	1
472	472	3
473	473	-1
474	474	3
475	475	1
476	476	-1
477	477	1
478	478	3
479	479	-3
480	480	-3
481	481	-1
482	482	-3
483	483	-1
484	484	-1
485	485	-1
486	486	-1
487	487	-3
488	488	-3
489	489	-1
490	490	-3
491	491	1
492	492	3
493	493	-1
494	494	1
495	495	-1
496	496	1
497	497	-1
498	498	1
499	499	3
500	500	-3
501	501	-1
502	502	1
503	503	1
504	504	1
505	505	-1
506	506	-1
507	507	-1
508	508	1
509	509	-1
510	510	1
511	511	1
512	512	-1
513	513	1
514	514	1
515	515	1
516	516	-1
517	517	3
518	518	-1
519	519	-3
520	520	-3
521	521	3
522	522	1
523	523	1
524	524	1
525	525	-3
526	526	-1
527	527	1
528	528	-3
529	529	-1
530	530	-1
531	531	-1
532	532	1
533	533	-1
534	534	1
535	535	-1
536	536	-3
537	537	-1
538	538	1
539	539	-1
540	540	-1
541	541	1
542	542	1
543	543	1
544	544	-3
545	545	1
546	546	3
547	547	1
548	548	3
549	549	-1
550	550	-1
551	551	1
552	552	1
553	553	1
554	554	-1
555	555	-3
556	556	1
557	557	1
558	558	1
559	559	1
560	560	-3
561	561	-3
562	562	-1
563	563	-1
564	564	3
565	565	3
566	566	1
567	567	-1
568	568	3
569	569	1
570	570	1
571	571	3
572	572	-1
573	573	-1
574	574	-1
575	575	1
576	576	-1
577	577	-3
578	578	1
579	579	-3
580	580	3
581	581	1
582	582	1
583	583	1
584	584	1
585	585	3
586	586	-1
587	587	-1
588	588	3
589	589	1
590	590	1
591	591	3
592	592	3
593	593	-1
594	594	-1
595	595	3
596	596	1
597	597	-1
598	598	-1
599	599	-3
600	600	-1
601	601	3
602	602	-1
603	603	-1
604	604	-3
605	605	-3
606	606	-1
607	607	-1
608	608	-1
609	609	1
610	610	-1
611	611	-1
612	612	3
613	613	-3
614	614	-1
615	615	3
616	616	1
617	617	1
618	618	-3
619	619	-3
620	620	1
621	621	3
622	622	-3
623	623	1
624	624	1
625	625	1
626	626	3
627	627	-1
628	628	1
629	629	3
630	630	-3
631	631	3
632	632	3
633	633	3
634	634	-1
635	635	1
636	636	-1
637	637	1
638	638	3
639	639	-1
640	640	-1
641	641	1
642	642	-1
643	643	1
644	644	1
645	645	1
646	646	-1
647	647	-3
648	648	3
649	649	1
650	650	1
651	651	3
652	652	1
653	653	1
654	654	-1
655	655	3
656	656	1
657	657	-3
658	658	1
659	659	-1
660	660	3
661	661	-1
662	662	1
663	663	-1
664	664	-1
665	665	1
666	666	1
667	667	-1
668	668	-1
669	669	-3
670	670	3
671	671	-3
672	672	1
673	673	1
674	674	-3
675	675	-1
676	676	1
677	677	1
678	678	1
679	679	1
680	680	3
681	681	3
682	682	-1
683	683	-1
684	684	-1
685	685	3
686	686	1
687	687	1
688	688	-1
689	689	1
690	690	3
691	691	-1
692	692	3
693	693	3
694	694	3
695	695	-1
696	696	-1
697	697	1
698	698	-3
699	699	3
700	700	-1
701	701	-1
702	702	1
703	703	1
704	704	-1
705	705	1
706	706	1
707	707	-3
708	708	-1
709	709	3
710	710	-1
711	711	-3
712	712	-1
713	713	-1
714	714	-1
715	715	1
716	716	1
717	717	1
718	718	-1
719	719	-1
720	720	1
721	721	1
722	722	1
723	723	1
724	724	-1
725	725	1
726	726	3
727	727	-1
728	728	-3
729	729	1
730	730	-1
731	731	-1
732	732	1
733	733	1
734	734	3
735	735	3
736	736	3
737	737	1
738	738	-3
739	739	1
740	740	-1
741	741	1
742	742	1
743	743	3
744	744	-1
745	745	1
746	746	3
747	747	1
748	748	1
749	749	1
750	750	1
751	751	1
752	752	1
753	753	1
754	754	-3
755	755	1
756	756	-1
757	757	3
758	758	-1
759	759	1
760	760	-1
761	761	-1
762	762	-1
763	763	-3
764	764	-3
765	765	1
766	766	-1
767	767	-3
768	768	-1
769	769	-3
770	770	1
771	771	3
772	772	-1
773	773	-1
774	774	-1
775	775	1
776	776	3
777	777	1
778	778	3
779	779	-1
780	780	1
781	781	3
782	782	1
783	783	1
784	784	-1
785	785	-3
786	786	-1
787	787	1
788	788	-3
789	789	1
790	790	1
791	791	-3
792	792	-1
793	793	1
794	794	1
795	795	-1
796	796	-1
797	797	3
798	798	-1
799	799	-3
800	800	-1
801	801	-1
802	802	1
803	803	1
804	804	-1
805	805	-1
806	806	-1
807	807	1
808	808	-1
809	809	1
810	810	1
811	811	1
812	812	-3
813	813	-1
814	814	-1
815	815	3
816	816	3
817	817	1
818	818	1
819	819	-1
820	820	-3
821	821	-3
822	822	1
823	823	1
824	824	1
825	825	1
826	826	-1
827	827	1
828	828	3
829	829	-1
830	830	-1
831	831	1
832	832	3
833	833	1
834	834	-1
835	835	-1
836	836	-1
837	837	-1
838	838	1
839	839	1
840	840	-1
841	841	3
842	842	-1
843	843	-3
844	844	1
845	845	-1
846	846	-1
847	847	-1
848	848	-1
849	849	1
850	850	-1
851	851	-1
852	852	1
853	853	1
854	854	3
855	855	-1
856	856	-1
857	857	1
858	858	-1
859	859	1
860	860	3
861	861	1
862	862	1
863	863	-1
864	864	1
865	865	1
866	866	-1
867	867	-3
868	868	1
869	869	1
870	870	1
871	871	3
872	872	-1
873	873	3
874	874	-1
875	875	3
876	876	-1
877	877	-1
878	878	-1
879	879	1
880	880	1
881	881	1
882	882	-1
883	883	-1
884	884	1
885	885	3
886	886	-1
887	887	1
888	888	1
889	889	1
890	890	1
891	891	1
892	892	3
893	893	-1
894	894	-3
895	895	-1
896	896	1
897	897	1
898	898	1
899	899	1
900	900	1
901	901	-3
902	902	1
903	903	1
904	904	1
905	905	-1
906	906	1
907	907	1
908	908	3
909	909	1
910	910	1
911	911	3
912	912	1
913	913	-1
914	914	-1
915	915	-3
916	916	1
917	917	1
918	918	1
919	919	-1
920	920	1
921	921	-3
922	922	-1
923	923	1
924	924	1
925	925	1
926	926	-1
927	927	-3
928	928	-1
929	929	1
930	930	-3
931	931	1
932	932	1
933	933	1
934	934	1
935	935	-1
936	936	-1
937	937	1
938	938	-3
939	939	-1
940	940	3
941	941	1
942	942	1
943	943	-1
944	944	-3
945	945	-1
946	946	1
947	947	1
948	948	1
949	949	1
950	950	1
951	951	3
952	952	1
953	953	3
954	954	1
955	955	1
956	956	-1
957	957	1
958	958	-1
959	959	1
960	960	-1
961	961	1
962	962	-1
963	963	-1
964	964	1
965	965	-1
966	966	1
967	967	3
968	968	-1
969	969	3
970	970	-3
971	971	-1
972	972	1
973	973	-1
974	974	1
975	975	-1
976	976	-3
977	977	3
978	978	3
979	979	-1
980	980	1
981	981	1
982	982	-3
983	983	3
984	984	-1
985	985	-1
986	986	3
987	987	1
988	988	1
989	989	1
990	990	-1
991	991	-3
992	992	1
993	993	1
994	994	-1
995	995	1
996	996	1
997	997	3
998	998	1
999	999	-1
1000	1000	1
1001	1001	-1
1002	1002	1
1003	1003	-3
1004	1004	1
1005	1005	-3
1006	1006	1
1007	1007	1
1008	1008	-1
1009	1009	-3
1010	1010	1
1011	1011	-1
1012	1012	1
1013	1013	-1
1014	1014	1
1015	1015	1
1016	1016	1
1017	1017	1
1018	1018	3
1019	1019	-1
1020	1020	3
1021	1021	-1
1022	1022	-1
1023	1023	-1
1024	1024	1
1025	1025	-2
1026	1026	-2
1027	1027	2
1028	1028	2
1029	1029	2
1030	1030	2
1031	1031	-2
1032	1032	-2
1033	1033	-2
1034	1034	2
1035	1035	-2
1036	1036	2
1037	1037	2
1038	1038	-2
1039	1039	-2
1040	1040	-2
1041	1041	2
1042	1042	2
1043	1043	-2
1044	1044	2
1045	1045	-2
1046	1046	2
1047	1047	-2
1048	1048	2
1049	1049	-2
1050	1050	-2
1051	1051	2
1052	1052	-2
1053	1053	-2
1054	1054	2
1055	1055	-2
1056	1056	-2
1057	1057	-2
1058	1058	-2
1059	1059	-2
1060	1060	-2
1061	1061	-2
1062	1062	-2
1063	1063	2
1064	1064	2
1065	1065	2
1066	1066	2
1067	1067	2
1068	1068	-2
1069	1069	-2
1070	1070	2
1071	1071	-2
1072	1072	-2
1073	1073	2
1074	1074	-2
1075	1075	-2
1076	1076	-2
1077	1077	2
1078	1078	-2
1079	1079	-2
1080	1080	-2
1081	1081	-2
1082	1082	2
1083	1083	-2
1084	1084	-2
1085	1085	2
1086	1086	2
1087	1087	-2
1088	1088	2
1089	1089	-2
1090	1090	2
1091	1091	-2
1092	1092	-2
1093	1093	2
1094	1094	-2
1095	1095	-2
1096	1096	-2
1097	1097	-2
1098	1098	-2
1099	1099	2
1100	1100	-2
1101	1101	-2
1102	1102	-2
1103	1103	2
1104	1104	2
1105	1105	2
1106	1106	-2
1107	1107	-2
1108	1108	2
1109	1109	2
1110	1110	2
1111	1111	-2
1112	1112	-2
1113	1113	-2
1114	1114	2
1115	1115	2
1116	1116	-2
1117	1117	-2
1118	1118	-2
1119	1119	2
1120	1120	-2
1121	1121	-2
1122	1122	2
1123	1123	-2
1124	1124	-2
1125	1125	-2
1126	1126	-2
1127	1127	2
1128	1128	2
1129	1129	-2
1130	1130	-2
1131	1131	-2
1132	1132	-2
1133	1133	2
1134	1134	-2
1135	1135	2
1136	1136	-2
1137	1137	-2
1138	1138	2
1139	1139	-2
1140	1140	2
1141	1141	2
1142	1142	2
1143	1143	2
1144	1144	2
1145	1145	-2
1146	1146	-2
1147	1147	2
1148	1148	2
1149	1149	2
1150	1150	-2
1151	1151	-2
1152	1152	-2
1153	1153	-2
1154	1154	2
1155	1155	2
1156	1156	2
1157	1157	2
1158	1158	-2
1159	1159	2
1160	1160	-2
1161	1161	2
1162	1162	-2
1163	1163	2
1164	1164	2
1165	1165	2
1166	1166	-2
1167	1167	2
1168	1168	2
1169	1169	-2
1170	1170	-2
1171	1171	-2
1172	1172	-2
1173	1173	2
1174	1174	2
1175	1175	-2
1176	1176	-2
1177	1177	2
1178	1178	-2
1179	1179	2
1180	1180	2
1181	1181	2
1182	1182	2
1183	1183	-2
1184	1184	-2
1185	1185	2
1186	1186	2
1187	1187	2
1188	1188	2
1189	1189	2
1190	1190	-2
1191	1191	2
1192	1192	-2
1193	1193	2
1194	1194	2
1195	1195	2
1196	1196	-2
1197	1197	-2
1198	1198	-2
1199	1199	-2
1200	1200	-2
1201	1201	-2
1202	1202	-2
1203	1203	-2
1204	1204	-2
1205	1205	2
1206	1206	2
1207	1207	2
1208	1208	2
1209	1209	2
1210	1210	-2
1211	1211	-2
1212	1212	2
1213	1213	2
1214	1214	-2
1215	1215	2
1216	1216	2
1217	1217	2
1218	1218	-2
1219	1219	-2
1220	1220	2
1221	1221	-2
1222	1222	-2
1223	1223	2
1224	1224	-2
1225	1225	-2
1226	1226	2
1227	1227	2
1228	1228	2
1229	1229	-2
1230	1230	2
1231	1231	-2
1232	1232	2
1233	1233	2
1234	1234	2
1235	1235	2
1236	1236	2
1237	1237	2
1238	1238	2
1239	1239	-2
1240	1240	2
1241	1241	2
1242	1242	2
1243	1243	2
1244	1244	-2
1245	1245	-2
1246	1246	2
1247	1247	-2
1248	1248	2
1249	1249	-2
1250	1250	-2
1251	1251	2
1252	1252	2
1253	1253	-2
1254	1254	2
1255	1255	-2
1256	1256	-2
1257	1257	2
1258	1258	2
1259	1259	2
1260	1260	-2
1261	1261	2
1262	1262	-2
1263	1263	-2
1264	1264	2
1265	1265	2
1266	1266	-2
1267	1267	-2
1268	1268	2
1269	1269	2
1270	1270	2
1271	1271	-2
1272	1272	2
1273	1273	-2
1274	1274	-2
1275	1275	-2
1276	1276	2
1277	1277	2
1278	1278	-2
1279	1279	-2
1280	1280	-2
1281	1281	-2
1282	1282	-2
1283	1283	-2
1284	1284	2
1285	1285	-2
1286	1286	-2
1287	1287	-2
1288	1288	-2
1289	1289	2
1290	1290	2
1291	1291	-2
1292	1292	-2
1293	1293	2
1294	1294	2
1295	1295	2
1296	1296	2
1297	1297	-2
1298	1298	2
1299	1299	2
1300	1300	2
1301	1301	-2
1302	1302	2
1303	1303	2
1304	1304	2
1305	1305	-2
1306	1306	2
1307	1307	-2
1308	1308	2
1309	1309	-2
1310	1310	2
1311	1311	-2
1312	1312	2
1313	1313	-2
1314	1314	2
1315	1315	-2
1316	1316	2
1317	1317	2
1318	1318	-2
1319	1319	-2
1320	1320	2
1321	1321	2
1322	1322	-2
1323	1323	-2
1324	1324	2
1325	1325	-2
1326	1326	2
1327	1327	-2
1328	1328	-2
1329	1329	-2
1330	1330	-2
1331	1331	-2
1332	1332	2
1333	1333	2
1334	1334	2
1335	1335	2
1336	1336	-2
1337	1337	-2
1338	1338	2
1339	1339	2
1340	1340	2
1341	1341	-2
1342	1342	2
1343	1343	-2
1344	1344	-2
1345	1345	2
1346	1346	2
1347	1347	-2
1348	1348	-2
1349	1349	2
1350	1350	-2
1351	1351	2
1352	1352	-2
1353	1353	2
1354	1354	2
1355	1355	2
1356	1356	-2
1357	1357	-2
1358	1358	2
1359	1359	2
1360	1360	-2
1361	1361	-2
1362	1362	2
1363	1363	-2
1364	1364	2
1365	1365	-2
1366	1366	-2
1367	1367	2
1368	1368	-2
1369	1369	2
1370	1370	2
1371	1371	-2
1372	1372	2
1373	1373	-2
1374	1374	-2
1375	1375	-2
1376	1376	-2
1377	1377	-2
1378	1378	-2
1379	1379	-2
1380	1380	2
1381	1381	2
1382	1382	2
1383	1383	2
1384	1384	-2
1385	1385	-2
1386	1386	-2
1387	1387	-2
1388	1388	2
1389	1389	-2
1390	1390	2
1391	1391	-2
1392	1392	2
1393	1393	2
1394	1394	2
1395	1395	2
1396	1396	2
1397	1397	2
1398	1398	2
1399	1399	2
1400	1400	-2
1401	1401	2
1402	1402	-2
1403	1403	2
1404	1404	-2
1405	1405	2
1406	1406	2
1407	1407	-2
1408	1408	2
1409	1409	-2
1410	1410	-2
1411	1411	-2
1412	1412	-2
1413	1413	2
1414	1414	2
1415	1415	2
1416	1416	2
1417	1417	2
1418	1418	-2
1419	1419	2
1420	1420	2
1421	1421	2
1422	1422	-2
1423	1423	-2
1424	1424	2
1425	1425	-2
1426	1426	2
1427	1427	-2
1428	1428	-2
1429	1429	2
1430	1430	2
1431	1431	-2
1432	1432	2
1433	1433	2
1434	1434	-2
1435	1435	2
1436	1436	-2
1437	1437	2
1438	1438	2
1439	1439	-2
1440	1440	-2
1441	1441	-2
1442	1442	-2
1443	1443	2
1444	1444	2
1445	1445	-2
1446	1446	-2
1447	1447	2
1448	1448	-2
1449	1449	2
1450	1450	-2
1451	1451	-2
1452	1452	2
1453	1453	-2
1454	1454	2
1455	1455	-2
1456	1456	2
1457	1457	-2
1458	1458	2
1459	1459	2
1460	1460	-2
1461	1461	-2
1462	1462	2
1463	1463	-2
1464	1464	2
1465	1465	2
1466	1466	-2
1467	1467	-2
1468	1468	-2
1469	1469	-2
1470	1470	2
1471	1471	-2
1472	1472	-2
1473	1473	-2
1474	1474	-2
1475	1475	2
1476	1476	2
1477	1477	2
1478	1478	-2
1479	1479	-2
1480	1480	-2
1481	1481	-2
1482	1482	2
1483	1483	2
1484	1484	2
1485	1485	-2
1486	1486	2
1487	1487	2
1488	1488	-2
1489	1489	-2
1490	1490	2
1491	1491	2
1492	1492	-2
1493	1493	-2
1494	1494	2
1495	1495	-2
1496	1496	2
1497	1497	2
1498	1498	-2
1499	1499	-2
1500	1500	-2
1501	1501	-2
1502	1502	2
1503	1503	2
1504	1504	-2
1505	1505	2
1506	1506	2
1507	1507	-2
1508	1508	-2
1509	1509	2
1510	1510	2
1511	1511	-2
1512	1512	2
1513	1513	-2
1514	1514	2
1515	1515	-2
1516	1516	2
1517	1517	-2
1518	1518	-2
1519	1519	-2
1520	1520	-2
1521	1521	2
1522	1522	-2
1523	1523	2
1524	1524	2
1525	1525	-2
1526	1526	2
1527	1527	2
1528	1528	-2
1529	1529	-2
1530	1530	2
1531	1531	-2
1532	1532	2
1533	1533	2
1534	1534	2
1535	1535	2
1536	1536	-2
1537	1537	2
1538	1538	-2
1539	1539	2
1540	1540	-2
1541	1541	-2
1542	1542	2
1543	1543	2
1544	1544	2
1545	1545	-2
1546	1546	-2
1547	1547	-2
1548	1548	-2
1549	1549	2
1550	1550	2
1551	1551	-2
1552	1552	2
1553	1553	2
1554	1554	2
1555	1555	-2
1556	1556	2
1557	1557	-2
1558	1558	2
1559	1559	-2
1560	1560	2
1561	1561	-2
1562	1562	-2
1563	1563	-2
1564	1564	-2
1565	1565	2
1566	1566	2
1567	1567	-2
1568	1568	-2
1569	1569	2
1570	1570	2
1571	1571	2
1572	1572	-2
1573	1573	2
1574	1574	-2
1575	1575	2
1576	1576	2
1577	1577	2
1578	1578	-2
1579	1579	-2
1580	1580	-2
1581	1581	-2
1582	1582	-2
1583	1583	2
1584	1584	2
1585	1585	-2
1586	1586	2
1587	1587	2
1588	1588	2
1589	1589	-2
1590	1590	2
1591	1591	-2
1592	1592	2
1593	1593	-2
1594	1594	-2
1595	1595	-2
1596	1596	-2
1597	1597	-2
1598	1598	-2
1599	1599	2
1600	1600	2
1601	1601	2
1602	1602	-2
1603	1603	-2
1604	1604	2
1605	1605	2
1606	1606	2
1607	1607	2
1608	1608	2
1609	1609	-2
1610	1610	2
1611	1611	-2
1612	1612	2
1613	1613	2
1614	1614	2
1615	1615	-2
1616	1616	-2
1617	1617	2
1618	1618	-2
1619	1619	2
1620	1620	2
1621	1621	-2
1622	1622	-2
1623	1623	2
1624	1624	2
1625	1625	-2
1626	1626	-2
1627	1627	-2
1628	1628	2
1629	1629	-2
1630	1630	2
1631	1631	-2
1632	1632	-2
1633	1633	-2
1634	1634	-2
1635	1635	2
1636	1636	2
1637	1637	2
1638	1638	-2
1639	1639	2
1640	1640	2
1641	1641	-2
1642	1642	-2
1643	1643	-2
1644	1644	-2
1645	1645	2
1646	1646	2
1647	1647	2
1648	1648	-2
1649	1649	2
1650	1650	2
1651	1651	2
1652	1652	-2
1653	1653	-2
1654	1654	2
1655	1655	2
1656	1656	-2
1657	1657	-2
1658	1658	2
1659	1659	-2
1660	1660	-2
1661	1661	2
1662	1662	2
1663	1663	-2
1664	1664	-2
1665	1665	-2
1666	1666	-2
1667	1667	-2
1668	1668	-2
1669	1669	-2
1670	1670	2
1671	1671	2
1672	1672	-2
1673	1673	2
1674	1674	2
1675	1675	-2
1676	1676	2
1677	1677	-2
1678	1678	2
1679	1679	-2
1680	1680	2
1681	1681	2
1682	1682	-2
1683	1683	-2
1684	1684	2
1685	1685	-2
1686	1686	-2
1687	1687	2
1688	1688	-2
1689	1689	-2
1690	1690	-2
1691	1691	2
1692	1692	-2
1693	1693	2
1694	1694	2
1695	1695	2
1696	1696	2
1697	1697	2
1698	1698	2
1699	1699	-2
1700	1700	-2
1701	1701	-2
1702	1702	-2
1703	1703	2
1704	1704	-2
1705	1705	2
1706	1706	2
1707	1707	-2
1708	1708	2
1709	1709	2
1710	1710	2
1711	1711	-2
1712	1712	2
1713	1713	2
1714	1714	2
1715	1715	2
1716	1716	-2
1717	1717	-2
1718	1718	2
1719	1719	2
1720	1720	-2
1721	1721	-2
1722	1722	2
1723	1723	-2
1724	1724	2
1725	1725	-2
1726	1726	-2
1727	1727	2
1728	1728	2
1729	1729	2
1730	1730	2
1731	1731	-2
1732	1732	2
1733	1733	-2
1734	1734	-2
1735	1735	-2
1736	1736	2
1737	1737	-2
1738	1738	2
1739	1739	2
1740	1740	2
1741	1741	2
1742	1742	2
1743	1743	2
1744	1744	-2
1745	1745	-2
1746	1746	-2
1747	1747	-2
1748	1748	2
1749	1749	2
1750	1750	-2
1751	1751	2
1752	1752	-2
1753	1753	-2
1754	1754	2
1755	1755	2
1756	1756	-2
1757	1757	-2
1758	1758	-2
1759	1759	-2
1760	1760	-2
1761	1761	2
1762	1762	2
1763	1763	2
1764	1764	2
1765	1765	2
1766	1766	-2
1767	1767	2
1768	1768	2
1769	1769	-2
1770	1770	2
1771	1771	-2
1772	1772	-2
1773	1773	2
1774	1774	2
1775	1775	2
1776	1776	-2
1777	1777	-2
1778	1778	2
1779	1779	2
1780	1780	2
1781	1781	2
1782	1782	2
1783	1783	2
1784	1784	2
1785	1785	-2
1786	1786	2
1787	1787	-2
1788	1788	2
1789	1789	2
1790	1790	2
1791	1791	-2
1792	1792	-2
1793	1793	-2
1794	1794	-2
1795	1795	-2
1796	1796	-2
1797	1797	-2
1798	1798	-2
1799	1799	2
1800	1800	2
1801	1801	-2
1802	1802	2
1803	1803	-2
1804	1804	2
1805	1805	-2
1806	1806	-2
1807	1807	2
1808	1808	-2
1809	1809	2
1810	1810	-2
1811	1811	2
1812	1812	-2
1813	1813	2
1814	1814	2
1815	1815	-2
1816	1816	2
1817	1817	2
1818	1818	-2
1819	1819	-2
1820	1820	-2
1821	1821	-2
1822	1822	-2
1823	1823	-2
1824	1824	-2
1825	1825	2
1826	1826	-2
1827	1827	-2
1828	1828	-2
1829	1829	-2
1830	1830	2
1831	1831	2
1832	1832	-2
1833	1833	-2
1834	1834	2
1835	1835	-2
1836	1836	2
1837	1837	2
1838	1838	-2
1839	1839	-2
1840	1840	-2
1841	1841	-2
1842	1842	-2
1843	1843	2
1844	1844	-2
1845	1845	-2
1846	1846	-2
1847	1847	2
1848	1848	2
1849	1849	-2
1850	1850	2
1851	1851	2
1852	1852	2
1853	1853	2
1854	1854	2
1855	1855	2
1856	1856	2
1857	1857	-2
1858	1858	2
1859	1859	-2
1860	1860	-2
1861	1861	-2
1862	1862	2
1863	1863	-2
1864	1864	-2
1865	1865	2
1866	1866	-2
1867	1867	2
1868	1868	-2
1869	1869	2
1870	1870	2
1871	1871	-2
1872	1872	-2
1873	1873	-2
1874	1874	2
1875	1875	-2
1876	1876	-2
1877	1877	2
1878	1878	-2
1879	1879	-2
1880	1880	-2
1881	1881	2
1882	1882	2
1883	1883	2
1884	1884	2
1885	1885	-2
1886	1886	-2
1887	1887	-2
1888	1888	2
1889	1889	2
1890	1890	-2
1891	1891	2
1892	1892	2
1893	1893	-2
1894	1894	2
1895	1895	-2
1896	1896	-2
1897	1897	2
1898	1898	-2
1899	1899	-2
1900	1900	2
1901	1901	2
1902	1902	2
1903	1903	2
1904	1904	-2
1905	1905	2
1906	1906	2
1907	1907	2
1908	1908	-2
1909	1909	2
1910	1910	-2
1911	1911	2
1912	1912	-2
1913	1913	-2
1914	1914	2
1915	1915	2
1916	1916	2
1917	1917	-2
1918	1918	2
1919	1919	-2
1920	1920	2
1921	1921	2
1922	1922	-2
1923	1923	-2
1924	1924	2
1925	1925	2
1926	1926	2
1927	1927	2
1928	1928	2
1929	1929	-2
1930	1930	-2
1931	1931	-2
1932	1932	-2
1933	1933	-2
1934	1934	-2
1935	1935	-2
1936	1936	-2
1937	1937	2
1938	1938	-2
1939	1939	2
1940	1940	-2
1941	1941	2
1942	1942	2
1943	1943	2
1944	1944	2
1945	1945	-2
1946	1946	2
1947	1947	-2
1948	1948	2
1949	1949	2
1950	1950	2
1951	1951	2
1952	1952	2
1953	1953	-2
1954	1954	2
1955	1955	2
1956	1956	-2
1957	1957	2
1958	1958	2
1959	1959	-2
1960	1960	2
1961	1961	-2
1962	1962	2
1963	1963	-2
1964	1964	2
1965	1965	-2
1966	1966	2
1967	1967	2
1968	1968	-2
1969	1969	2
1970	1970	2
1971	1971	2
1972	1972	-2
1973	1973	-2
1974	1974	-2
1975	1975	-2
1976	1976	-2
1977	1977	-2
1978	1978	2
1979	1979	2
1980	1980	2
1981	1981	-2
1982	1982	2
1983	1983	2
1984	1984	2
1985	1985	-2
1986	1986	-2
1987	1987	-2
1988	1988	2
1989	1989	2
1990	1990	-2
1991	1991	2
1992	1992	-2
1993	1993	2
1994	1994	-2
1995	1995	2
1996	1996	2
1997	1997	-2
1998	1998	-2
1999	1999	2
2000	2000	2
2001	2001	2
2002	2002	2
2003	2003	2
2004	2004	-2
2005	2005	2
2006	2006	-2
2007	2007	2
2008	2008	-2
2009	2009	-2
2010	2010	2
2011	2011	2
2012	2012	-2
2013	2013	2
2014	2014	2
2015	2015	-2
2016	2016	2
2017	2017	2
2018	2018	2
2019	2019	2
2020	2020	-2
2021	2021	-2
2022	2022	-2
2023	2023	-2
2024	2024	-2
2025	2025	2
2026	2026	-2
2027	2027	2
2028	2028	-2
2029	2029	2
2030	2030	2
2031	2031	2
2032	2032	2
2033	2033	-2
2034	2034	2
2035	2035	-2
2036	2036	2
2037	2037	2
2038	2038	-2
2039	2039	2
2040	2040	2
2041	2041	2
2042	2042	-2
2043	2043	2
2044	2044	-2
2045	2045	-2
2046	2046	2
2047	2047	2
2048	2048	-2
1	66	1
1	136	1
1	587	1
1	706	1
1	778	1
1	1018	1
1	1033	-2
1	1517	-2
1	1576	-2
2	330	1
2	362	1
2	403	1
2	653	1
2	680	1
2	697	1
2	1258	2
2	1691	2
2	1794	-2
3	267	1
3	328	1
3	412	1
3	556	1
3	863	1
3	864	1
3	1451	2
3	1606	2
3	1621	2
4	7	1
4	123	1
4	451	1
4	482	1
4	612	1
4	762	1
4	1426	-2
4	1562	2
4	1993	2
5	84	1
5	312	1
5	474	1
5	489	1
5	502	1
5	560	1
5	1094	2
5	1420	2
5	1479	2
6	173	1
6	187	1
6	447	1
6	521	1
6	685	1
6	998	1
6	1322	-2
6	1693	2
6	2036	-2
7	276	1
7	498	1
7	507	1
7	612	1
7	938	1
7	1028	-2
7	1445	-2
7	1993	2
8	93	1
8	284	1
8	292	1
8	673	1
8	961	1
8	977	1
8	1142	2
8	1262	-2
8	1711	2
9	327	1
9	499	1
9	510	1
9	531	1
9	812	1
9	918	1
9	1170	2
9	1491	2
9	2014	-2
10	443	1
10	455	1
10	496	1
10	504	1
10	620	1
10	743	1
10	1514	2
10	1734	-2
10	1880	-2
11	54	1
11	140	1
11	371	1
11	460	1
11	707	1
11	883	1
11	1493	-2
11	1566	-2
11	1738	2
12	20	1
12	618	1
12	740	1
12	789	1
12	838	1
12	884	1
12	1132	2
12	1379	2
12	2022	-2
13	82	1
13	243	1
13	279	1
13	313	1
13	603	1
13	980	1
13	1274	2
13	1315	2
13	1854	2
14	128	1
14	238	1
14	283	1
14	752	1
14	800	1
14	902	1
14	1207	-2
14	1596	-2
14	2038	2
15	164	1
15	651	1
15	658	1
15	831	1
15	932	1
15	984	1
15	1211	-2
15	1527	-2
15	1940	-2
16	184	1
16	299	1
16	544	1
16	640	1
16	898	1
16	901	1
16	1060	-2
16	1624	-2
16	1735	2
17	180	1
17	365	1
17	579	1
17	788	1
17	806	1
17	855	1
17	1481	2
17	1702	2
17	1978	2
18	102	1
18	108	1
18	322	1
18	949	1
18	988	1
18	1008	1
18	1127	2
18	1298	-2
18	1568	-2
19	72	1
19	559	1
19	586	1
19	627	1
19	757	1
19	791	1
19	1174	2
19	1368	2
19	1780	-2
20	631	1
20	762	1
20	809	1
20	838	1
20	916	1
20	1132	2
20	1206	2
20	1741	-2
21	211	1
21	233	1
21	236	1
21	629	1
21	639	1
21	996	1
21	1275	2
21	1381	2
21	1436	-2
22	85	1
22	522	1
22	572	1
22	605	1
22	610	1
22	714	1
22	1320	-2
22	1577	-2
22	1750	2
23	158	1
23	582	1
23	625	1
23	735	1
23	791	1
23	996	1
23	1256	2
23	1752	-2
23	1897	2
24	69	1
24	342	1
24	407	1
24	411	1
24	520	1
24	1011	1
24	1090	-2
24	1455	-2
24	1749	-2
25	214	1
25	266	1
25	452	1
25	512	1
25	528	1
25	720	1
25	1081	-2
25	1350	2
25	1367	-2
26	101	1
26	169	1
26	273	1
26	599	1
26	630	1
26	878	1
26	1079	2
26	1476	-2
26	1966	-2
27	320	1
27	378	1
27	519	1
27	528	1
27	673	1
27	801	1
27	1389	2
27	1586	2
27	1772	2
28	204	1
28	340	1
28	429	1
28	460	1
28	654	1
28	783	1
28	1353	2
28	1444	-2
28	1627	-2
29	299	1
29	475	1
29	548	1
29	633	1
29	734	1
29	883	1
29	1130	-2
29	1395	-2
29	1654	2
30	260	1
30	305	1
30	502	1
30	774	1
30	842	1
30	897	1
30	1128	2
30	1496	-2
30	1807	2
31	223	1
31	329	1
31	516	1
31	528	1
31	570	1
31	729	1
31	1278	2
31	2010	-2
31	2035	2
32	168	1
32	585	1
32	635	1
32	803	1
32	817	1
32	925	1
32	1169	-2
32	1213	2
32	1331	-2
33	414	1
33	464	1
33	607	1
33	656	1
33	914	1
33	977	1
33	1026	-2
33	1165	-2
33	1384	2
34	133	1
34	590	1
34	797	1
34	861	1
34	911	1
34	952	1
34	1849	-2
34	1941	2
34	1989	-2
35	241	1
35	296	1
35	392	1
35	400	1
35	432	1
35	593	1
35	1725	-2
35	1801	2
35	1967	-2
36	235	1
36	563	1
36	666	1
36	748	1
36	933	1
36	982	1
36	1124	2
36	1208	-2
36	1316	-2
37	117	1
37	396	1
37	602	1
37	645	1
37	765	1
37	866	1
37	1234	2
37	1342	2
37	1762	-2
38	71	1
38	164	1
38	295	1
38	341	1
38	369	1
38	608	1
38	1635	-2
38	1674	2
38	2011	-2
39	460	1
39	472	1
39	586	1
39	644	1
39	729	1
39	909	1
39	1250	-2
39	1502	2
39	1757	2
40	80	1
40	343	1
40	408	1
40	550	1
40	793	1
40	899	1
40	1091	2
40	1423	-2
40	1836	-2
41	171	1
41	177	1
41	545	1
41	891	1
41	894	1
41	917	1
41	1175	-2
41	1575	-2
41	1747	-2
42	261	1
42	291	1
42	352	1
42	476	1
42	562	1
42	800	1
42	1070	2
42	1309	2
42	1578	2
43	430	1
43	444	1
43	564	1
43	864	1
43	903	1
43	954	1
43	1118	2
43	1542	2
43	2037	2
44	126	1
44	152	1
44	294	1
44	711	1
44	790	1
44	908	1
44	1273	2
44	1307	2
44	1404	-2
45	181	1
45	335	1
45	524	1
45	611	1
45	836	1
45	967	1
45	1182	2
45	1594	2
45	1820	-2
46	309	1
46	349	1
46	531	1
46	697	1
46	785	1
46	840	1
46	1062	2
46	1357	2
46	1463	2
47	78	1
47	318	1
47	452	1
47	500	1
47	533	1
47	1013	1
47	1717	2
47	1799	-2
47	1955	2
48	83	1
48	196	1
48	431	1
48	836	1
48	842	1
48	966	1
48	1325	-2
48	1347	-2
48	1842	-2
49	58	1
49	60	1
49	128	1
49	209	1
49	401	1
49	992	1
49	1671	-2
49	1995	2
49	2019	2
50	77	1
50	99	1
50	573	1
50	615	1
50	660	1
50	953	1
50	1631	-2
50	1723	-2
50	1748	2
51	314	1
51	450	1
51	457	1
51	565	1
51	731	1
51	871	1
51	1906	2
51	1929	-2
51	1974	2
52	143	1
52	275	1
52	353	1
52	484	1
52	787	1
52	983	1
52	1623	-2
52	1916	2
52	1960	-2
53	95	1
53	218	1
53	627	1
53	755	1
53	878	1
53	880	1
53	1092	-2
53	1468	-2
53	1743	-2
54	206	1
54	460	1
54	493	1
54	606	1
54	724	1
54	1027	-2
54	1493	-2
54	1584	-2
55	383	1
55	430	1
55	462	1
55	470	1
55	651	1
55	667	1
55	1065	2
55	1317	-2
55	1469	-2
56	153	1
56	334	1
56	375	1
56	717	1
56	971	1
56	979	1
56	1112	2
56	1266	-2
56	1324	2
57	323	1
57	495	1
57	605	1
57	730	1
57	737	1
57	903	1
57	1056	2
57	1658	-2
57	1951	-2
58	60	1
58	281	1
58	527	1
58	565	1
58	681	1
58	1429	2
58	1671	-2
58	1684	2
59	71	1
59	271	1
59	324	1
59	331	1
59	366	1
59	718	1
59	1484	2
59	1497	2
59	1559	-2
60	138	1
60	469	1
60	893	1
60	942	1
60	1183	-2
60	1197	-2
60	1671	-2
61	132	1
61	172	1
61	205	1
61	300	1
61	415	1
61	1022	1
61	1236	2
61	1774	2
61	2020	2
62	149	1
62	398	1
62	449	1
62	561	1
62	612	1
62	727	1
62	1571	-2
62	1917	-2
62	1956	2
63	101	1
63	243	1
63	415	1
63	471	1
63	672	1
63	973	1
63	1377	-2
63	1522	-2
63	1817	2
64	131	2
64	164	1
64	358	1
64	490	1
64	586	1
64	1138	2
64	1337	2
64	1363	2
65	138	1
65	265	1
65	367	1
65	619	1
65	791	1
65	927	1
65	1053	2
65	1443	-2
65	1915	-2
66	110	1
66	352	1
66	706	1
66	947	1
66	978	1
66	1356	-2
66	1515	-2
66	1576	-2
67	94	1
67	130	1
67	388	1
67	395	1
67	643	1
67	756	1
67	1345	2
67	1558	-2
67	1873	-2
68	547	1
68	667	1
68	722	1
68	725	1
68	795	1
68	961	1
68	1612	2
68	1628	-2
68	1769	2
69	459	1
69	468	1
69	827	1
69	964	1
69	1011	1
69	1046	2
69	1080	2
69	1090	-2
70	109	1
70	154	1
70	316	1
70	400	1
70	700	1
70	983	1
70	1192	-2
70	1358	-2
70	1652	-2
71	126	1
71	331	1
71	341	1
71	619	1
71	1202	2
71	1559	-2
71	1635	-2
72	159	1
72	225	1
72	376	1
72	791	1
72	960	1
72	1167	-2
72	1544	2
72	1780	-2
73	209	1
73	466	1
73	531	1
73	613	1
73	700	1
73	713	1
73	1083	-2
73	1141	-2
73	1829	2
74	95	1
74	456	1
74	654	1
74	712	1
74	713	1
74	872	1
74	1223	-2
74	1438	-2
74	1708	2
75	120	1
75	129	1
75	559	1
75	704	1
75	858	1
75	985	1
75	1240	-2
75	1308	2
75	1783	2
76	86	1
76	143	1
76	325	1
76	564	1
76	665	1
76	963	1
76	1100	-2
76	1287	-2
76	1447	2
77	99	1
77	381	1
77	421	1
77	864	1
77	975	1
77	1489	2
77	1748	2
77	2003	-2
78	303	1
78	318	1
78	441	1
78	763	1
78	909	1
78	1177	-2
78	1710	-2
78	1955	2
79	134	1
79	521	1
79	625	1
79	676	1
79	743	1
79	983	1
79	1072	-2
79	1150	-2
79	1285	-2
80	228	1
80	454	1
80	510	1
80	882	1
80	899	1
80	1091	2
80	1338	2
80	1387	-2
81	270	1
81	467	1
81	530	1
81	689	1
81	754	1
81	987	1
81	1770	-2
81	1777	-2
81	1878	2
82	241	1
82	243	1
82	385	1
82	650	1
82	814	1
82	1274	2
82	1569	-2
82	1984	-2
83	112	1
83	384	1
83	657	1
83	836	1
83	928	1
83	1230	-2
83	1325	-2
83	1521	-2
84	273	1
84	502	1
84	553	1
84	594	1
84	935	1
84	1157	2
84	1479	2
84	1821	-2
85	285	1
85	493	1
85	572	1
85	599	1
85	847	1
85	1320	-2
85	1501	2
85	1962	-2
86	143	1
86	326	1
86	739	1
86	757	1
86	1010	1
86	1306	2
86	1447	2
86	1999	2
87	382	1
87	588	1
87	614	1
87	824	1
87	986	1
87	991	1
87	1054	2
87	1340	2
87	1697	-2
88	98	1
88	228	1
88	386	1
88	489	1
88	542	1
88	728	1
88	1583	-2
88	1601	2
88	1908	2
89	139	1
89	372	1
89	430	1
89	810	1
89	819	1
89	836	1
89	1143	2
89	1660	-2
89	1662	-2
90	177	1
90	229	1
90	326	1
90	425	1
90	574	1
90	701	1
90	1290	-2
90	1509	-2
90	1745	2
91	365	1
91	383	1
91	471	1
91	547	1
91	631	1
91	862	1
91	1226	2
91	1456	2
91	1964	2
92	245	1
92	288	1
92	389	1
92	703	1
92	749	1
92	930	1
92	1648	-2
92	1852	2
92	2006	2
93	115	1
93	348	1
93	449	1
93	810	1
93	977	1
93	1187	-2
93	1262	-2
93	1410	2
94	282	1
94	395	1
94	538	1
94	545	1
94	603	1
94	1113	-2
94	1873	-2
94	2033	-2
95	218	1
95	543	1
95	654	1
95	722	1
95	1708	2
95	1743	-2
95	1914	2
96	255	1
96	458	1
96	554	1
96	566	1
96	579	1
96	794	1
96	1459	-2
96	1499	-2
96	1551	2
97	135	1
97	245	1
97	249	1
97	353	1
97	494	1
97	729	1
97	1330	-2
97	1346	-2
97	1911	-2
98	125	1
98	136	1
98	144	1
98	228	1
98	542	1
98	1063	2
98	1253	2
98	1601	2
99	159	1
99	175	1
99	380	1
99	647	1
99	1098	-2
99	1617	-2
99	1748	2
100	218	1
100	860	1
100	899	1
100	990	1
100	999	1
100	1017	1
100	1171	-2
100	1225	2
100	1335	2
101	415	1
101	630	1
101	649	1
101	947	1
101	1377	-2
101	1751	2
101	1966	-2
102	108	1
102	170	1
102	301	1
102	798	1
102	894	1
102	1568	-2
102	1805	-2
102	1837	-2
103	155	1
103	195	1
103	198	1
103	483	1
103	736	1
103	858	1
103	1349	2
103	1726	-2
103	1971	2
104	208	1
104	226	1
104	264	1
104	892	1
104	895	1
104	987	1
104	1343	2
104	1394	2
104	1541	-2
105	156	1
105	275	1
105	276	1
105	330	1
105	725	1
105	800	1
105	1639	-2
105	1947	2
105	2021	-2
106	336	1
106	337	1
106	397	1
106	434	1
106	710	1
106	830	1
106	1075	-2
106	1348	2
106	1587	-2
107	182	1
107	437	1
107	662	1
107	692	1
107	854	1
107	1019	1
107	1084	-2
107	1259	2
107	1633	2
108	220	1
108	571	1
108	919	1
108	920	1
108	1512	2
108	1568	-2
108	1828	2
109	439	1
109	557	1
109	700	1
109	762	1
109	821	1
109	1194	-2
109	1358	-2
109	1851	2
110	201	1
110	278	1
110	772	1
110	927	1
110	978	1
110	1115	-2
110	1297	-2
110	1515	-2
111	172	1
111	196	1
111	337	1
111	388	1
111	679	1
111	801	1
111	1087	-2
111	1705	-2
111	1812	-2
112	492	1
112	534	1
112	535	1
112	657	1
112	896	1
112	1230	-2
112	1626	2
112	2043	2
113	223	1
113	366	1
113	572	1
113	796	1
113	981	1
113	985	1
113	1425	-2
113	1440	2
113	1673	-2
114	246	1
114	414	1
114	500	1
114	697	1
114	911	1
114	962	1
114	1074	2
114	1251	2
114	1775	2
115	328	1
115	441	1
115	560	1
115	665	1
115	810	1
115	1261	-2
115	1296	2
115	1410	2
116	394	1
116	443	1
116	569	1
116	929	1
116	997	1
116	1009	1
116	1407	-2
116	1863	2
116	2048	-2
117	330	1
117	335	1
117	428	1
117	602	1
117	769	1
117	1450	2
117	1513	2
117	1762	-2
118	198	1
118	221	1
118	266	1
118	295	1
118	468	1
118	808	1
118	1399	2
118	1604	-2
118	1646	2
119	342	1
119	728	1
119	752	1
119	854	1
119	893	1
119	898	1
119	1257	-2
119	1791	2
119	1883	2
120	129	1
120	424	1
120	590	1
120	914	1
120	1005	1
120	1597	-2
120	1783	2
120	1933	2
121	487	1
121	491	1
121	513	1
121	536	1
121	917	1
121	928	1
121	1195	-2
121	1518	-2
121	1754	-2
122	137	1
122	187	1
122	282	1
122	382	1
122	573	1
122	668	1
122	1209	-2
122	1355	-2
122	1706	-2
123	741	1
123	762	1
123	773	1
123	777	1
123	850	1
123	1426	-2
123	1847	-2
123	1985	-2
124	515	1
124	529	1
124	669	1
124	717	1
124	948	1
124	1024	1
124	1255	2
124	1303	2
124	1853	2
125	228	1
125	431	1
125	577	1
125	711	1
125	950	1
125	1245	2
125	1253	2
125	1975	-2
126	402	1
126	576	1
126	619	1
126	908	1
126	1202	2
126	1404	-2
126	1634	2
127	334	1
127	343	1
127	714	1
127	732	1
127	826	1
127	993	1
127	1041	2
127	1155	2
127	2046	2
128	283	1
128	398	1
128	401	1
128	701	1
128	1596	-2
128	1753	-2
128	1995	2
129	266	1
129	344	1
129	480	1
129	761	1
129	1204	2
129	1713	-2
129	1783	2
130	388	1
130	417	1
130	792	1
130	843	1
130	1010	1
130	1345	2
130	1694	2
130	1875	2
131	164	1
131	206	1
131	214	1
131	490	1
131	1138	2
131	1363	2
131	1712	2
132	300	1
132	622	1
132	683	1
132	773	1
132	875	1
132	1126	-2
132	1779	-2
132	2020	2
133	247	1
133	797	1
133	808	1
133	815	1
133	922	1
133	1802	2
133	1849	-2
133	1866	2
134	348	1
134	359	1
134	676	1
134	692	1
134	1001	1
134	1044	-2
134	1285	-2
134	1599	2
135	285	1
135	405	1
135	494	1
135	585	1
135	1003	1
135	1093	-2
135	1346	-2
135	1839	-2
136	144	1
136	248	1
136	946	1
136	1018	1
136	1033	-2
136	1063	2
136	1868	-2
137	382	1
137	423	1
137	588	1
137	650	1
137	823	1
137	1247	-2
137	1355	-2
137	1505	2
138	476	1
138	893	1
138	927	1
138	964	1
138	1030	2
138	1053	2
138	1183	-2
139	293	1
139	339	1
139	372	1
139	879	1
139	949	1
139	1477	2
139	1660	-2
139	1773	2
140	145	1
140	489	1
140	707	1
140	935	1
140	938	1
140	1219	2
140	1402	2
140	1566	-2
141	241	1
141	318	1
141	639	1
141	646	1
141	671	1
141	993	1
141	1280	-2
141	1810	2
141	1986	2
142	517	1
142	599	1
142	693	1
142	747	1
142	963	1
142	964	1
142	1619	2
142	1776	2
142	1881	2
143	399	1
143	484	1
143	548	1
143	1447	2
143	1581	-2
143	1960	-2
144	313	1
144	557	1
144	669	1
144	900	1
144	1063	2
144	1707	2
144	1739	-2
145	277	1
145	468	1
145	938	1
145	1014	1
145	1015	1
145	1038	2
145	1219	2
145	1538	2
146	161	1
146	215	1
146	338	1
146	810	1
146	824	1
146	1022	1
146	1184	-2
146	1237	2
146	1500	2
147	182	1
147	428	1
147	447	1
147	477	1
147	578	1
147	961	1
147	1082	2
147	1265	2
147	1718	-2
148	412	1
148	442	1
148	716	1
148	817	1
148	862	1
148	1003	1
148	1811	-2
148	1826	2
148	1977	-2
149	179	1
149	251	1
149	315	1
149	408	1
149	561	1
149	1385	2
149	1571	-2
149	1722	2
150	163	1
150	262	1
150	363	1
150	517	1
150	564	1
150	745	1
150	1149	2
150	1151	2
150	1793	-2
151	184	1
151	418	1
151	419	1
151	473	1
151	805	1
151	834	1
151	1109	-2
151	1474	2
151	1545	2
152	224	1
152	294	1
152	508	1
152	778	1
152	885	1
152	1190	-2
152	1273	2
152	1609	-2
153	222	1
153	454	1
153	911	1
153	924	1
153	979	1
153	1111	-2
153	1266	-2
153	1554	2
154	166	1
154	258	1
154	386	1
154	481	1
154	983	1
154	1629	2
154	1652	-2
154	1661	-2
155	200	1
155	214	1
155	736	1
155	877	1
155	1008	1
155	1152	2
155	1884	2
155	1971	2
156	498	1
156	503	1
156	611	1
156	725	1
156	975	1
156	1260	-2
156	1598	2
156	1639	-2
157	324	1
157	377	1
157	455	1
157	663	1
157	839	1
157	867	1
157	1412	2
157	1592	2
157	1651	2
158	332	1
158	497	1
158	790	1
158	791	1
158	863	1
158	1136	2
158	1256	2
158	1556	2
159	175	1
159	376	1
159	535	1
159	776	1
159	1098	-2
159	1286	-2
159	1544	2
160	300	1
160	385	1
160	413	1
160	837	1
160	889	1
160	945	1
160	1390	2
160	1844	2
160	1890	2
161	215	1
161	407	1
161	623	1
161	778	1
161	906	1
161	1237	2
161	1470	-2
161	1565	2
162	176	1
162	358	1
162	634	1
162	656	1
162	820	1
162	1019	1
162	1294	-2
162	1563	2
162	1833	-2
163	564	1
163	574	1
163	775	1
163	900	1
163	995	1
163	1793	-2
163	1822	-2
163	2026	-2
164	295	1
164	932	1
164	1138	2
164	1674	2
164	1940	-2
165	309	1
165	664	1
165	691	1
165	766	1
165	795	1
165	868	1
165	1103	-2
165	1638	2
165	1923	2
166	258	1
166	273	1
166	302	1
166	488	1
166	715	1
166	1380	-2
166	1507	-2
166	1629	2
167	175	1
167	340	1
167	395	1
167	443	1
167	578	1
167	848	1
167	1178	2
167	1414	-2
167	1555	2
168	189	1
168	389	1
168	635	1
168	758	1
168	816	1
168	1213	2
168	1675	-2
168	1733	2
169	176	1
169	736	1
169	783	1
169	852	1
169	878	1
169	1079	2
169	1163	2
169	1494	2
170	301	1
170	366	1
170	502	1
170	523	1
170	686	1
170	1216	2
170	1640	2
170	1805	-2
171	392	1
171	504	1
171	668	1
171	844	1
171	894	1
171	1101	-2
171	1453	-2
171	1575	-2
172	205	1
172	491	1
172	652	1
172	801	1
172	1236	2
172	1448	-2
172	1705	-2
173	284	1
173	512	1
173	679	1
173	685	1
173	958	1
173	1048	-2
173	1693	2
173	2002	-2
174	319	1
174	421	1
174	514	1
174	888	1
174	965	1
174	997	1
174	1095	2
174	1439	-2
174	2044	-2
175	394	1
175	443	1
175	553	1
175	1098	-2
175	1178	2
175	1991	2
176	211	1
176	745	1
176	783	1
176	1019	1
176	1045	-2
176	1163	2
176	1833	-2
177	326	1
177	659	1
177	876	1
177	891	1
177	1042	-2
177	1290	-2
177	1747	-2
178	203	1
178	347	1
178	356	1
178	797	1
178	841	1
178	1020	1
178	1058	-2
178	1077	2
178	1670	2
179	251	1
179	494	1
179	503	1
179	626	1
179	959	1
179	1106	-2
179	1421	2
179	1722	2
180	198	1
180	289	1
180	350	1
180	806	1
180	829	1
180	1702	2
180	1946	-2
180	1997	2
181	191	1
181	194	1
181	197	1
181	306	1
181	524	1
181	1034	2
181	1182	2
181	1252	-2
182	188	1
182	230	1
182	578	1
182	854	1
182	1039	-2
182	1259	2
182	1265	2
183	248	1
183	376	1
183	456	1
183	505	1
183	637	1
183	718	1
183	1239	2
183	1600	2
183	2013	-2
184	411	1
184	419	1
184	536	1
184	901	1
184	1474	2
184	1624	-2
184	1667	2
185	230	1
185	446	1
185	566	1
185	658	1
185	675	1
185	876	1
185	1831	2
185	1896	2
185	1950	-2
186	246	1
186	290	1
186	457	1
186	505	1
186	891	1
186	986	1
186	1564	2
186	1699	-2
186	1872	-2
187	249	1
187	420	1
187	521	1
187	668	1
187	1322	-2
187	1706	-2
187	1987	-2
188	230	1
188	513	1
188	546	1
188	900	1
188	915	1
188	1039	-2
188	1413	2
188	1744	2
189	796	1
189	799	1
189	816	1
189	839	1
189	899	1
189	1524	2
189	1675	-2
189	1790	-2
190	232	1
190	559	1
190	837	1
190	867	1
190	951	1
190	959	1
190	1763	-2
190	1865	-2
190	2047	2
191	194	1
191	203	1
191	536	1
191	632	1
191	897	1
191	1252	-2
191	1902	-2
191	2017	2
192	262	1
192	268	1
192	675	1
192	846	1
192	937	1
192	943	1
192	1181	2
192	1279	-2
192	1990	2
193	410	1
193	425	1
193	426	1
193	475	1
193	618	1
193	742	1
193	1185	-2
193	1746	2
193	1876	2
194	318	1
194	641	1
194	819	1
194	970	1
194	1252	-2
194	1533	2
194	1591	2
195	222	1
195	335	1
195	858	1
195	873	1
195	1002	1
195	1110	2
195	1314	2
195	1349	2
196	431	1
196	679	1
196	709	1
196	997	1
196	1087	-2
196	1144	2
196	1347	-2
197	292	1
197	306	1
197	569	1
197	600	1
197	689	1
197	1034	2
197	1765	-2
197	1918	2
198	289	1
198	295	1
198	483	1
198	1399	2
198	1726	-2
198	1997	2
199	260	1
199	332	1
199	695	1
199	822	1
199	825	1
199	841	1
199	1248	-2
199	1827	-2
199	1976	2
200	270	1
200	780	1
200	798	1
200	877	1
200	949	1
200	1336	2
200	1756	-2
200	1884	2
201	278	1
201	344	1
201	424	1
201	934	1
201	999	1
201	1297	-2
201	1431	2
201	1954	-2
202	444	1
202	500	1
202	587	1
202	846	1
202	849	1
202	988	1
202	1365	-2
202	1665	-2
202	1669	2
203	229	1
203	347	1
203	536	1
203	652	1
203	1173	2
203	1670	2
203	1902	-2
204	460	1
204	562	1
204	565	1
204	594	1
204	873	1
204	1086	-2
204	1267	-2
204	1353	2
205	247	1
205	260	1
205	321	1
205	585	1
205	1236	2
205	1323	-2
205	1664	-2
206	214	1
206	377	1
206	724	1
206	1015	1
206	1584	-2
206	1712	2
206	1771	-2
207	289	1
207	345	1
207	446	1
207	552	1
207	860	1
207	953	1
207	1035	-2
207	1289	2
207	2023	-2
208	312	1
208	370	1
208	892	1
208	926	1
208	940	1
208	1031	-2
208	1541	-2
208	1622	-2
209	466	1
209	513	1
209	942	1
209	992	1
209	1147	2
209	1829	2
209	2019	2
210	258	1
210	427	1
210	690	1
210	861	1
210	968	1
210	1022	1
210	1166	-2
210	1442	2
210	1823	2
211	450	1
211	626	1
211	639	1
211	745	1
211	1045	-2
211	1288	-2
211	1436	-2
212	490	1
212	655	1
212	671	1
212	742	1
212	909	1
212	1020	1
212	1351	2
212	1487	2
212	1611	2
213	244	1
213	448	1
213	474	1
213	597	1
213	857	1
213	1011	1
213	1071	-2
213	1133	2
213	1392	2
214	528	1
214	1008	1
214	1152	2
214	1367	-2
214	1712	2
215	575	1
215	684	1
215	750	1
215	818	1
215	1237	2
215	1540	-2
215	1879	-2
216	288	1
216	417	1
216	666	1
216	760	1
216	834	1
216	869	1
216	1312	2
216	1416	2
216	1830	2
217	255	1
217	412	1
217	428	1
217	462	1
217	621	1
217	684	1
217	1806	2
217	1864	-2
217	2034	-2
218	349	1
218	437	1
218	990	1
218	1225	2
218	1743	-2
218	1857	-2
219	364	1
219	368	1
219	613	1
219	826	1
219	895	1
219	998	1
219	1052	-2
219	1243	-2
219	1704	2
220	485	1
220	571	1
220	653	1
220	683	1
220	965	1
220	1512	2
220	1553	2
220	1625	2
221	287	1
221	587	1
221	594	1
221	787	1
221	808	1
221	1452	2
221	1604	-2
221	1874	-2
222	282	1
222	335	1
222	579	1
222	924	1
222	1110	2
222	1111	-2
222	1818	2
223	516	1
223	622	1
223	696	1
223	985	1
223	1673	-2
223	2024	2
223	2035	2
224	508	1
224	520	1
224	567	1
224	754	1
224	851	1
224	1067	-2
224	1190	-2
224	1467	-2
225	311	1
225	461	1
225	672	1
225	674	1
225	960	1
225	1167	-2
225	1352	2
225	1755	-2
226	264	1
226	356	1
226	591	1
226	769	1
226	994	1
226	1343	2
226	1636	2
226	1904	2
227	346	1
227	524	1
227	592	1
227	699	1
227	799	1
227	950	1
227	1233	2
227	1369	2
227	1692	2
228	489	1
228	510	1
228	1253	2
228	1387	-2
228	1908	2
229	426	1
229	574	1
229	652	1
229	972	1
229	1173	2
229	1205	2
229	1745	2
230	566	1
230	980	1
230	1000	1
230	1039	-2
230	1882	2
230	1896	2
231	267	1
231	391	1
231	402	1
231	493	1
231	548	1
231	922	1
231	1681	2
231	1969	2
231	1988	2
232	264	1
232	509	1
232	609	1
232	848	1
232	867	1
232	1478	2
232	1716	2
232	1763	-2
233	304	1
233	593	1
233	677	1
233	759	1
233	996	1
233	1263	2
233	1275	2
233	1466	2
234	237	1
234	270	1
234	289	1
234	495	1
234	663	1
234	1007	1
234	1932	2
234	1944	2
234	1972	-2
235	250	1
235	578	1
235	666	1
235	888	1
235	1018	1
235	1124	2
235	1700	-2
235	1787	-2
236	539	1
236	600	1
236	617	1
236	629	1
236	801	1
236	1333	-2
236	1381	2
236	1695	2
237	278	1
237	289	1
237	476	1
237	639	1
237	676	1
237	1114	-2
237	1939	-2
237	1972	-2
238	403	1
238	696	1
238	752	1
238	807	1
238	952	1
238	1498	-2
238	1913	2
238	2038	2
239	250	1
239	302	1
239	355	1
239	525	1
239	792	1
239	936	1
239	1032	2
239	1218	2
239	1405	2
240	276	1
240	470	1
240	472	1
240	633	1
240	645	1
240	780	1
240	1180	2
240	1464	-2
240	1504	-2
241	385	1
241	593	1
241	639	1
241	1725	-2
241	1810	2
241	1984	-2
242	253	1
242	332	1
242	577	1
242	740	1
242	838	1
242	924	1
242	1727	-2
242	1813	-2
242	2029	2
243	471	1
243	691	1
243	859	1
243	1059	-2
243	1274	2
243	1522	-2
244	322	1
244	391	1
244	686	1
244	857	1
244	965	1
244	1071	-2
244	1310	-2
244	1458	-2
245	274	1
245	349	1
245	353	1
245	703	1
245	1383	2
245	1852	2
245	1911	-2
246	290	1
246	363	1
246	680	1
246	697	1
246	1145	-2
246	1251	2
246	1872	-2
247	585	1
247	653	1
247	815	1
247	1017	1
247	1323	-2
247	1454	2
247	1802	2
248	310	1
248	718	1
248	922	1
248	946	1
248	1732	-2
248	1868	-2
248	2013	-2
249	420	1
249	440	1
249	461	1
249	729	1
249	1330	-2
249	1613	2
249	1987	-2
250	355	2
250	941	1
250	1018	1
250	1401	2
250	1405	2
250	1700	-2
251	269	1
251	670	1
251	707	1
251	755	1
251	1537	-2
251	1722	2
251	1759	-2
252	321	1
252	403	1
252	416	1
252	478	1
252	544	1
252	984	1
252	1301	2
252	1403	-2
252	1686	-2
253	655	1
253	658	1
253	816	1
253	833	1
253	924	1
253	1653	-2
253	1727	-2
253	1965	-2
254	311	1
254	596	1
254	735	1
254	786	2
254	790	1
254	1446	-2
254	1758	2
254	1928	2
255	428	1
255	458	1
255	582	1
255	601	1
255	1551	2
255	1668	-2
255	1806	2
256	373	1
256	526	1
256	603	1
256	652	1
256	869	1
256	1023	1
256	1196	2
256	1737	2
256	1924	-2
257	285	1
257	317	1
257	637	1
257	693	1
257	724	1
257	881	1
257	1486	2
257	1809	-2
257	1861	-2
258	261	1
258	511	1
258	968	1
258	1442	2
258	1629	2
258	1855	2
259	317	1
259	362	1
259	409	1
259	439	1
259	526	1
259	1000	1
259	1549	-2
259	1798	-2
259	2004	-2
260	305	1
260	321	1
260	841	1
260	1128	2
260	1664	-2
260	1827	-2
261	272	1
261	511	1
261	800	1
261	868	1
261	1309	2
261	1715	2
261	1855	2
262	320	1
262	363	1
262	656	1
262	943	1
262	1151	2
262	1279	-2
262	1797	-2
263	320	1
263	347	1
263	488	1
263	835	1
263	923	1
263	1024	1
263	1398	2
263	1488	2
263	1687	-2
264	601	1
264	828	1
264	848	1
264	1343	2
264	1716	2
264	2041	2
265	295	1
265	739	1
265	791	1
265	820	1
265	906	1
265	1057	-2
265	1443	-2
265	1678	-2
266	344	1
266	468	1
266	512	1
266	1204	2
266	1350	2
266	1646	2
267	404	1
267	493	1
267	863	1
267	1002	1
267	1408	2
267	1451	2
267	1681	2
268	364	1
268	414	1
268	583	1
268	703	1
268	937	1
268	1181	2
268	1644	2
268	1921	2
269	391	1
269	533	1
269	670	1
269	830	1
269	851	1
269	1532	-2
269	1759	-2
269	2042	-2
270	467	1
270	663	1
270	798	1
270	1336	2
270	1777	-2
270	1944	2
271	333	1
271	604	1
271	718	1
271	738	1
271	988	1
271	1116	-2
271	1484	2
271	1877	-2
272	451	1
272	692	1
272	715	1
272	868	1
272	931	1
272	1715	2
272	1804	2
272	1942	2
273	594	1
273	599	1
273	715	1
273	1157	2
273	1476	-2
273	1507	-2
274	277	1
274	349	1
274	485	1
274	854	1
274	912	1
274	1383	2
274	1435	2
274	1816	-2
275	744	1
275	800	1
275	942	1
275	983	1
275	1701	2
275	1916	2
275	2021	-2
276	330	1
276	780	1
276	938	1
276	1028	-2
276	1464	-2
276	1947	2
277	468	1
277	485	1
277	543	1
277	694	1
277	1038	2
277	1816	-2
277	1935	-2
278	600	1
278	654	1
278	676	1
278	1114	-2
278	1297	-2
278	1378	2
279	313	1
279	447	1
279	556	1
279	571	1
279	642	1
279	1156	2
279	1475	2
279	1854	2
280	328	1
280	343	1
280	465	1
280	563	1
280	636	1
280	884	1
280	1105	-2
280	1154	-2
280	1428	-2
281	551	1
281	681	1
281	708	1
281	782	1
281	945	1
281	1411	2
281	1684	2
281	1858	-2
282	573	1
282	579	1
282	603	1
282	1209	-2
282	1818	2
282	2033	-2
283	346	1
283	626	1
283	767	1
283	874	1
283	1159	2
283	1596	-2
283	1792	2
284	292	1
284	512	1
284	545	1
284	738	1
284	1711	2
284	1893	2
284	2002	-2
285	599	1
285	637	1
285	1003	1
285	1093	-2
285	1809	-2
285	1962	-2
286	316	1
286	541	1
286	575	1
286	670	1
286	781	1
286	916	1
286	1123	-2
286	1228	2
286	1961	-2
287	341	2
287	392	1
287	546	1
287	787	1
287	1452	2
287	1473	-2
287	1572	-2
288	417	1
288	636	1
288	930	1
288	976	1
288	1830	2
288	1846	2
288	2006	2
289	953	1
289	1035	-2
289	1972	-2
289	1997	2
290	423	1
290	542	1
290	625	1
290	994	1
290	1107	-2
290	1417	-2
290	1872	-2
291	433	1
291	476	1
291	479	1
291	506	1
291	994	1
291	1370	-2
291	1578	2
291	1782	-2
292	661	1
292	689	1
292	938	1
292	1432	-2
292	1711	2
292	1918	2
293	630	1
293	718	1
293	751	1
293	758	1
293	949	1
293	1647	-2
293	1657	2
293	1773	2
294	604	1
294	685	1
294	985	1
294	1015	1
294	1273	2
294	1561	-2
294	1982	-2
295	906	1
295	1057	-2
295	1399	2
295	1674	2
296	400	1
296	470	1
296	535	1
296	602	1
296	769	1
296	1354	2
296	1510	-2
296	1967	-2
297	431	1
297	731	1
297	758	1
297	889	1
297	933	1
297	1001	1
297	1073	2
297	1186	-2
297	1244	-2
298	307	1
298	390	1
298	408	1
298	660	1
298	782	1
298	969	1
298	1482	2
298	2007	2
298	2015	-2
299	544	1
299	627	1
299	731	1
299	883	1
299	1327	2
299	1395	-2
299	1735	2
300	411	1
300	784	1
300	945	1
300	1102	2
300	1844	2
300	2020	2
301	614	1
301	651	1
301	771	1
301	998	1
301	1341	-2
301	1805	-2
301	1850	2
302	488	1
302	736	1
302	782	1
302	792	1
302	1218	2
302	1380	-2
302	1483	2
303	576	1
303	771	1
303	781	1
303	909	1
303	940	1
303	1177	-2
303	1302	2
303	1332	2
304	315	1
304	519	1
304	759	1
304	812	1
304	939	1
304	1382	-2
304	1466	2
304	1922	2
305	469	1
305	630	1
305	688	1
305	834	1
305	1128	2
305	1249	2
305	1364	-2
306	450	1
306	784	1
306	793	1
306	958	1
306	1034	2
306	1546	2
306	2012	2
307	641	1
307	733	1
307	744	1
307	969	1
307	979	1
307	1069	2
307	1539	-2
307	2007	2
308	434	1
308	723	1
308	877	1
308	905	1
308	937	1
308	1010	1
308	1104	-2
308	1295	-2
308	1535	-2
309	697	1
309	766	1
309	811	1
309	992	1
309	1357	2
309	1638	2
309	1785	2
310	416	1
310	525	1
310	558	1
310	662	1
310	922	1
310	1025	2
310	1231	2
310	1732	-2
311	461	1
311	462	1
311	518	1
311	790	1
311	1397	2
311	1755	-2
311	1928	2
312	370	1
312	560	1
312	781	1
312	871	1
312	1094	2
312	1304	2
312	1622	-2
313	557	1
313	671	1
313	842	1
313	1119	-2
313	1707	2
313	1854	2
314	359	1
314	450	1
314	688	1
314	763	1
314	847	1
314	1419	-2
314	1503	2
314	1974	2
315	408	1
315	480	1
315	691	1
315	812	1
315	1210	2
315	1382	-2
315	1385	2
316	400	1
316	575	1
316	890	1
316	1019	1
316	1089	2
316	1192	-2
316	1961	-2
317	439	1
317	693	1
317	706	1
317	920	1
317	1486	2
317	1549	-2
317	1937	2
318	641	1
318	646	1
318	1280	-2
318	1533	2
318	1955	2
319	327	1
319	421	1
319	611	1
319	719	1
319	999	1
319	1400	2
319	1439	-2
319	1465	-2
320	488	1
320	519	1
320	656	1
320	1687	-2
320	1772	2
320	1797	-2
321	442	1
321	544	1
321	694	1
321	1099	2
321	1301	2
321	1664	-2
322	632	1
322	677	1
322	965	1
322	1008	1
322	1127	2
322	1458	-2
322	1927	2
323	402	1
323	568	1
323	839	1
323	903	1
323	918	1
323	1056	2
323	1283	2
323	1953	-2
324	366	1
324	455	1
324	747	1
324	995	1
324	1497	2
324	1552	-2
324	1651	2
325	538	1
325	607	1
325	812	1
325	850	1
325	963	1
325	1235	2
325	1271	2
325	1287	-2
326	448	1
326	518	1
326	1010	1
326	1290	-2
326	1306	2
326	1372	-2
327	531	1
327	611	1
327	838	1
327	989	1
327	1465	-2
327	1856	2
327	2014	-2
328	441	1
328	636	1
328	864	1
328	1296	2
328	1428	-2
328	1606	2
329	570	1
329	698	1
329	730	1
329	856	1
329	1012	1
329	1886	2
329	2010	-2
329	2028	2
330	680	1
330	769	1
330	1450	2
330	1794	-2
330	1947	2
331	675	1
331	728	1
331	809	1
331	956	1
331	1158	2
331	1360	2
331	1559	-2
332	497	1
332	577	1
332	825	1
332	1136	2
332	1248	-2
332	1813	-2
333	339	1
333	667	1
333	793	1
333	897	1
333	988	1
333	1116	-2
333	1642	-2
333	1650	-2
334	509	1
334	717	1
334	732	1
334	760	1
334	1324	2
334	1998	2
334	2046	2
335	428	1
335	967	1
335	1110	2
335	1513	2
335	1820	-2
336	463	1
336	473	1
336	685	1
336	710	1
336	984	1
336	1348	2
336	1492	-2
336	2005	2
337	388	1
337	434	1
337	785	1
337	1006	1
337	1587	-2
337	1812	-2
337	1973	2
338	484	1
338	561	1
338	634	1
338	810	1
338	855	1
338	1184	-2
338	1282	2
338	1543	-2
339	356	1
339	582	1
339	879	1
339	897	1
339	1221	2
339	1477	2
339	1650	-2
340	395	1
340	429	1
340	455	1
340	563	1
340	1414	-2
340	1627	-2
340	1728	2
341	392	1
341	546	1
341	1473	-2
341	1572	-2
341	1635	-2
342	435	1
342	469	1
342	520	1
342	728	1
342	1749	-2
342	1791	2
342	2008	2
343	793	1
343	884	1
343	993	1
343	1041	2
343	1105	-2
343	1423	-2
344	440	1
344	974	1
344	999	1
344	1204	2
344	1431	2
344	1550	-2
345	512	1
345	516	1
345	540	1
345	541	1
345	860	1
345	1276	-2
345	1843	2
345	2023	-2
346	504	1
346	626	1
346	799	1
346	1024	1
346	1159	2
346	1666	2
346	1692	2
347	604	1
347	849	1
347	923	1
347	1148	-2
347	1488	2
347	1670	2
348	449	1
348	692	1
348	789	1
348	798	1
348	1187	-2
348	1589	-2
348	1599	2
349	437	1
349	785	1
349	1062	2
349	1383	2
349	1857	-2
350	598	1
350	638	1
350	829	1
350	927	1
350	1016	1
350	1318	-2
350	1485	2
350	1946	-2
351	444	1
351	523	1
351	525	1
351	840	1
351	874	1
351	957	1
351	1406	2
351	1645	-2
351	1870	-2
352	514	1
352	562	1
352	616	1
352	947	1
352	1070	2
352	1356	-2
352	1472	2
353	549	1
353	592	1
353	787	1
353	1427	-2
353	1623	-2
353	1911	-2
354	570	1
354	621	1
354	687	1
354	817	1
354	872	1
354	1000	1
354	1655	2
354	1788	2
354	1912	2
355	438	1
355	699	1
355	941	1
355	1153	-2
355	1401	2
355	1405	2
356	582	1
356	769	1
356	797	1
356	1077	2
356	1221	2
356	1904	2
357	360	1
357	376	1
357	540	1
357	547	1
357	957	1
357	1009	1
357	1214	2
357	1328	2
357	1608	2
358	586	1
358	656	1
358	829	1
358	919	1
358	1294	-2
358	1337	2
358	1490	-2
359	487	1
359	688	1
359	720	1
359	1001	1
359	1044	-2
359	1503	2
359	1573	-2
360	540	1
360	886	1
360	905	1
360	944	1
360	966	1
360	1328	2
360	1457	2
360	1689	2
361	363	1
361	369	1
361	532	1
361	676	1
361	907	1
361	969	1
361	1201	-2
361	1424	2
361	1659	2
362	409	1
362	653	1
362	764	1
362	926	1
362	1258	2
362	1480	2
362	2004	-2
363	680	1
363	969	1
363	1145	-2
363	1151	2
363	1201	-2
364	463	1
364	583	1
364	613	1
364	993	1
364	1366	-2
364	1644	2
364	1704	2
365	459	1
365	530	1
365	855	1
365	862	1
365	1227	-2
365	1964	2
365	1978	2
366	572	1
366	686	1
366	1216	2
366	1425	-2
366	1497	2
367	520	1
367	591	1
367	619	1
367	761	1
367	788	1
367	1108	2
367	1915	-2
367	2018	-2
368	374	1
368	532	1
368	863	1
368	887	1
368	998	1
368	1052	-2
368	1460	2
368	1994	-2
369	436	1
369	532	1
369	555	1
369	608	1
369	1557	2
369	1659	2
369	2011	-2
370	555	1
370	732	1
370	814	1
370	845	1
370	1120	2
370	1172	2
370	1622	-2
371	481	1
371	499	1
371	807	1
371	831	1
371	883	1
371	1168	2
371	1738	2
371	1905	2
372	379	1
372	393	1
372	933	1
372	940	1
372	1066	2
372	1660	-2
372	1943	2
373	652	1
373	804	1
373	822	1
373	852	1
373	872	1
373	1724	-2
373	1737	2
373	1949	2
374	388	1
374	457	1
374	863	1
374	921	1
374	1009	1
374	1460	2
374	1595	2
374	1838	2
375	417	1
375	464	1
375	561	1
375	763	1
375	971	1
375	1047	2
375	1112	2
375	1528	-2
376	637	1
376	957	1
376	1544	2
376	1600	2
376	1608	2
377	839	1
377	866	1
377	1008	1
377	1015	1
377	1299	-2
377	1592	2
377	1771	-2
378	619	1
378	673	1
378	727	1
378	755	1
378	971	1
378	1359	-2
378	1391	-2
378	1586	2
379	416	1
379	485	1
379	569	1
379	933	1
379	1007	1
379	1066	2
379	1198	2
379	1796	-2
380	624	1
380	647	1
380	696	1
380	874	1
380	956	1
380	1269	-2
380	1511	-2
380	1617	-2
381	438	1
381	442	1
381	620	1
381	789	1
381	864	1
381	1489	2
381	1761	-2
381	1860	-2
382	620	1
382	824	1
382	843	1
382	1340	2
382	1355	-2
382	1731	2
383	462	1
383	471	1
383	530	1
383	708	1
383	1065	2
383	1226	2
383	1523	2
384	721	1
384	727	1
384	928	1
384	970	1
384	1005	1
384	1215	-2
384	1521	-2
384	1980	-2
385	413	1
385	552	1
385	764	1
385	1890	2
385	1984	-2
385	2027	-2
386	481	1
386	728	1
386	914	1
386	937	1
386	1386	-2
386	1583	-2
386	1661	-2
387	487	1
387	509	1
387	616	1
387	646	1
387	719	1
387	925	1
387	1061	2
387	1078	-2
387	1520	-2
388	457	1
388	1345	2
388	1812	-2
388	1838	2
389	427	1
389	749	1
389	758	1
389	982	1
389	1319	2
389	1648	-2
389	1733	2
390	628	1
390	672	1
390	694	1
390	782	1
390	795	1
390	1422	-2
390	1482	2
390	1945	-2
391	533	1
391	548	1
391	686	1
391	1310	-2
391	1988	2
391	2042	-2
392	432	1
392	668	1
392	1453	-2
392	1572	-2
392	1801	2
393	640	1
393	715	1
393	774	1
393	921	1
393	940	1
393	1630	-2
393	1720	2
393	1943	2
394	410	1
394	553	1
394	648	1
394	1009	1
394	1618	-2
394	1863	2
394	1991	2
395	492	1
395	981	1
395	1414	-2
395	1536	-2
395	1873	-2
396	662	1
396	739	1
396	765	1
396	827	1
396	902	1
396	1146	-2
396	1234	2
396	1781	2
397	429	1
397	690	1
397	830	1
397	850	1
397	882	1
397	1075	-2
397	1232	-2
397	1903	2
398	422	1
398	481	1
398	612	1
398	701	1
398	1753	-2
398	1835	2
398	1917	-2
399	479	1
399	548	1
399	590	1
399	644	1
399	824	1
399	1581	-2
399	1615	2
399	1871	-2
400	621	1
400	766	1
400	1192	-2
400	1910	-2
400	1967	-2
401	482	1
401	668	1
401	712	1
401	827	1
401	1526	-2
401	1795	2
401	1995	2
402	576	1
402	839	1
402	922	1
402	1283	2
402	1634	2
402	1969	2
403	697	1
403	952	1
403	984	1
403	1403	-2
403	1498	-2
403	1691	2
404	477	1
404	716	1
404	939	1
404	973	1
404	1002	1
404	1408	2
404	1590	2
404	1958	-2
405	492	1
405	585	1
405	605	1
405	943	1
405	969	1
405	1768	-2
405	1839	-2
405	1963	-2
406	598	1
406	742	1
406	806	1
406	829	1
406	925	1
406	1016	1
406	1137	-2
406	1800	2
406	1862	-2
407	411	1
407	778	1
407	929	1
407	990	1
407	1455	-2
407	1565	2
407	1848	2
408	550	1
408	660	1
408	1385	2
408	1836	-2
408	2015	-2
409	550	1
409	750	1
409	857	1
409	1014	1
409	1164	2
409	1814	-2
409	2004	-2
410	618	1
410	648	1
410	702	1
410	726	1
410	1618	-2
410	1746	2
410	2000	2
411	536	1
411	784	1
411	1102	2
411	1455	-2
411	1667	2
412	556	1
412	684	1
412	817	1
412	1621	2
412	1811	-2
412	2034	-2
413	638	1
413	871	1
413	978	1
413	1021	1
413	1326	2
413	1495	-2
413	1890	2
414	703	1
414	911	1
414	914	1
414	1384	2
414	1775	2
414	1921	2
415	774	1
415	967	1
415	1022	1
415	1377	-2
415	1677	-2
415	1774	2
416	478	1
416	485	1
416	525	1
416	1025	2
416	1198	2
416	1686	-2
417	464	1
417	843	1
417	1528	-2
417	1830	2
417	1875	2
418	737	1
418	777	1
418	805	1
418	852	1
418	860	1
418	1176	-2
418	1545	2
418	1819	-2
419	551	1
419	649	1
419	744	1
419	939	1
419	1242	2
419	1373	-2
419	1474	2
420	506	1
420	865	1
420	946	1
420	1023	1
420	1740	2
420	1815	-2
420	1987	-2
421	663	1
421	970	1
421	975	1
421	1160	2
421	1439	-2
421	2003	-2
422	481	1
422	581	1
422	720	1
422	823	1
422	896	1
422	1199	-2
422	1281	-2
422	1835	2
423	542	1
423	588	1
423	632	1
423	992	1
423	1107	-2
423	1247	-2
423	1683	-2
424	590	1
424	687	1
424	828	1
424	934	1
424	1036	2
424	1597	-2
424	1954	-2
425	701	1
425	734	1
425	742	1
425	941	1
425	1051	2
425	1509	-2
425	1876	2
426	475	1
426	704	1
426	893	1
426	972	1
426	1185	-2
426	1205	2
426	1926	-2
427	743	1
427	957	1
427	982	1
427	1022	1
427	1254	2
427	1319	2
427	1823	2
428	961	1
428	1082	2
428	1513	2
428	1806	2
429	690	1
429	910	1
429	934	1
429	1627	-2
429	1688	-2
429	1903	2
430	444	1
430	651	1
430	810	1
430	1118	2
430	1143	2
430	1469	-2
431	933	1
431	950	1
431	1244	-2
431	1347	-2
431	1975	-2
432	454	1
432	499	1
432	634	1
432	775	1
432	1068	-2
432	1801	2
432	1983	2
433	506	1
433	537	1
433	635	1
433	695	1
433	761	1
433	1433	-2
433	1782	-2
433	1867	2
434	609	1
434	723	1
434	955	1
434	1295	-2
434	1362	2
434	1587	-2
435	469	1
435	511	1
435	527	1
435	855	1
435	907	1
435	1721	2
435	1919	2
435	2008	2
436	445	1
436	486	1
436	555	1
436	622	1
436	705	1
436	1557	2
436	1567	2
436	1643	2
437	951	1
437	972	1
437	1019	1
437	1434	-2
437	1633	2
437	1857	-2
438	478	1
438	608	1
438	620	1
438	699	1
438	1153	-2
438	1860	-2
438	2009	-2
439	765	1
439	821	1
439	837	1
439	1194	-2
439	1549	-2
439	1808	2
440	461	1
440	752	1
440	861	1
440	974	1
440	1550	-2
440	1613	2
440	1825	2
441	573	1
441	763	1
441	773	1
441	1085	-2
441	1296	2
441	1710	-2
442	694	1
442	716	1
442	789	1
442	1099	2
442	1761	-2
442	1977	-2
443	496	1
443	997	1
443	1178	2
443	1514	2
443	2048	-2
444	874	1
444	988	1
444	1118	2
444	1406	2
444	1665	-2
445	453	1
445	486	1
445	560	1
445	895	1
445	1017	1
445	1217	-2
445	1430	-2
445	1567	2
446	552	1
446	675	1
446	698	1
446	989	1
446	1289	2
446	1585	2
446	1831	2
447	477	1
447	642	1
447	998	1
447	1475	2
447	1718	-2
447	2036	-2
448	466	1
448	474	1
448	518	1
448	522	1
448	1133	2
448	1372	-2
448	1894	2
449	453	1
449	727	1
449	908	1
449	1187	-2
449	1582	-2
449	1956	2
450	626	1
450	793	1
450	1288	-2
450	1974	2
450	2012	2
451	482	1
451	623	1
451	692	1
451	818	1
451	1562	2
451	1804	2
451	1970	2
452	533	1
452	556	1
452	720	1
452	902	1
452	1081	-2
452	1293	2
452	1799	-2
453	533	1
453	766	1
453	895	1
453	908	1
453	1217	-2
453	1530	-2
453	1582	-2
454	634	1
454	882	1
454	911	1
454	1068	-2
454	1338	2
454	1554	2
455	563	1
455	743	1
455	1651	2
455	1728	2
455	1734	-2
456	477	1
456	505	1
456	712	1
456	906	1
456	1223	-2
456	1239	2
456	1957	2
457	871	1
457	986	1
457	1699	-2
457	1838	2
457	1929	-2
458	471	1
458	724	1
458	881	1
458	947	1
458	1508	2
458	1551	2
458	2031	-2
459	466	1
459	530	1
459	827	1
459	912	1
459	1046	2
459	1227	-2
459	1229	2
460	644	1
460	1353	2
460	1493	-2
460	1757	2
461	813	1
461	930	1
461	1613	2
461	1755	-2
461	1789	-2
462	518	1
462	621	1
462	1065	2
462	1397	2
462	1864	-2
463	511	1
463	685	1
463	741	1
463	993	1
463	1366	-2
463	1492	-2
463	1730	2
464	607	1
464	868	1
464	896	1
464	1165	-2
464	1528	-2
464	1909	2
465	563	1
465	780	1
465	845	1
465	858	1
465	979	1
465	1154	-2
465	1603	2
465	1641	-2
466	522	1
466	912	1
466	1229	2
466	1829	2
466	1894	2
467	767	1
467	779	1
467	960	1
467	1003	1
467	1777	-2
467	1778	-2
467	1845	2
468	964	1
468	1038	2
468	1080	2
468	1646	2
469	834	1
469	942	1
469	1197	-2
469	1364	-2
469	2008	2
470	602	1
470	633	1
470	667	1
470	1180	2
470	1317	-2
470	1354	2
471	724	1
471	1226	2
471	1508	2
471	1522	-2
472	566	1
472	568	1
472	645	1
472	729	1
472	1393	2
472	1502	2
472	1504	-2
473	830	1
473	834	1
473	901	1
473	984	1
473	1109	-2
473	1506	-2
473	2005	2
474	489	1
474	648	1
474	954	1
474	1133	2
474	1420	2
474	1605	2
475	534	1
475	548	1
475	679	1
475	1130	-2
475	1185	-2
475	1529	-2
476	639	1
476	964	1
476	1030	2
476	1578	2
476	1939	-2
477	716	1
477	906	1
477	1590	2
477	1718	-2
477	1957	2
478	608	1
478	797	1
478	808	1
478	1686	-2
478	1729	2
478	2009	-2
479	575	1
479	590	1
479	859	1
479	994	1
479	1370	-2
479	1615	2
479	1637	-2
480	691	1
480	761	1
480	768	1
480	913	1
480	1210	2
480	1548	2
480	1713	-2
481	499	1
481	1168	2
481	1661	-2
481	1835	2
482	534	1
482	597	1
482	668	1
482	1526	-2
482	1562	2
482	1992	2
483	574	1
483	929	1
483	962	1
483	1023	1
483	1726	-2
483	1803	2
483	1930	2
484	486	1
484	558	1
484	855	1
484	1282	2
484	1409	-2
484	1960	-2
485	965	1
485	1198	2
485	1553	2
485	1816	-2
486	506	1
486	558	1
486	684	1
486	1088	-2
486	1409	-2
486	1567	2
487	646	1
487	720	1
487	917	1
487	1061	2
487	1195	-2
487	1573	-2
488	607	1
488	901	1
488	1380	-2
488	1687	-2
488	1736	-2
489	935	1
489	1402	2
489	1420	2
489	1908	2
490	645	1
490	671	1
490	767	1
490	1329	2
490	1363	2
490	1611	2
491	536	1
491	652	1
491	706	1
491	857	1
491	1300	2
491	1448	-2
491	1754	-2
492	534	1
492	969	1
492	981	1
492	1536	-2
492	1963	-2
492	2043	2
493	606	1
493	847	1
493	1027	-2
493	1501	2
493	1681	2
494	626	1
494	770	1
494	865	1
494	1106	-2
494	1346	-2
494	1824	-2
495	605	1
495	721	1
495	945	1
495	1007	1
495	1658	-2
495	1932	2
495	1934	-2
496	886	1
496	915	1
496	931	1
496	978	1
496	1514	2
496	1887	2
496	1936	-2
497	507	1
497	526	1
497	617	1
497	885	1
497	1136	2
497	1371	-2
497	1907	-2
498	507	1
498	644	1
498	848	1
498	975	1
498	1445	-2
498	1598	2
498	1690	-2
499	510	1
499	775	1
499	1168	2
499	1491	2
499	1983	2
500	587	1
500	962	1
500	1013	1
500	1074	2
500	1669	2
500	1717	2
501	593	1
501	750	1
501	809	1
501	910	1
501	944	1
501	1007	1
501	1220	-2
501	1703	2
501	1938	2
502	523	1
502	897	1
502	1479	2
502	1640	2
502	1807	2
503	611	1
503	799	1
503	959	1
503	1005	1
503	1260	-2
503	1421	2
503	1616	2
504	620	1
504	844	1
504	1024	1
504	1101	-2
504	1666	2
504	1880	-2
505	783	1
505	891	1
505	995	1
505	1239	2
505	1564	2
505	1767	2
506	684	1
506	946	1
506	1088	-2
506	1740	2
506	1782	-2
507	526	1
507	562	1
507	703	1
507	1140	-2
507	1445	-2
507	1907	-2
508	581	1
508	786	1
508	1006	1
508	1016	1
508	1190	-2
508	1471	2
508	1898	-2
509	609	1
509	760	1
509	925	1
509	1478	2
509	1520	-2
509	1998	2
510	695	1
510	915	1
510	1387	-2
510	1388	-2
510	1491	2
511	527	1
511	741	1
511	1721	2
511	1730	2
511	1855	2
512	540	1
512	1350	2
512	1843	2
512	2002	-2
513	915	1
513	928	1
513	942	1
513	1147	2
513	1518	-2
513	1744	2
514	584	1
514	616	1
514	721	1
514	997	1
514	1472	2
514	1679	-2
514	2044	-2
515	522	1
515	546	1
515	669	1
515	737	1
515	936	1
515	1193	2
515	1255	2
515	1547	-2
516	541	1
516	612	1
516	862	1
516	1276	-2
516	1742	2
516	2035	2
517	665	1
517	705	1
517	745	1
517	747	1
517	1149	2
517	1516	2
517	1881	2
518	519	1
518	973	1
518	1064	-2
518	1372	-2
518	1397	2
519	939	1
519	973	1
519	1064	-2
519	1772	2
519	1922	2
520	754	1
520	788	1
520	1067	-2
520	1749	-2
520	2018	-2
521	666	1
521	743	1
521	844	1
521	1150	-2
521	1322	-2
521	1959	-2
522	605	1
522	936	1
522	1547	-2
522	1750	2
522	1894	2
523	709	1
523	886	1
523	957	1
523	1525	-2
523	1640	2
523	1870	-2
524	592	1
524	882	1
524	943	1
524	1182	2
524	1369	2
524	1952	-2
525	840	1
525	936	1
525	1025	2
525	1032	2
525	1645	-2
526	1000	1
526	1023	1
526	1196	2
526	1798	-2
526	1907	-2
527	565	1
527	661	1
527	748	1
527	1429	2
527	1721	2
527	1786	2
528	729	1
528	801	1
528	1278	2
528	1367	-2
528	1389	2
529	606	1
529	753	1
529	772	1
529	948	1
529	955	1
529	1303	2
529	1685	2
529	1968	2
530	708	1
530	754	1
530	1227	-2
530	1523	2
530	1770	-2
531	713	1
531	840	1
531	1083	-2
531	1463	2
531	2014	-2
532	628	1
532	771	1
532	887	1
532	1277	2
532	1659	2
532	1994	-2
533	766	1
533	1530	-2
533	1799	-2
533	2042	-2
534	597	1
534	679	1
534	1529	-2
534	1992	2
534	2043	2
535	769	1
535	776	1
535	896	1
535	1286	-2
535	1510	-2
535	1626	2
536	1667	2
536	1754	-2
536	1902	-2
537	614	1
537	642	2
537	695	1
537	813	1
537	1461	2
537	1632	2
537	1867	2
538	545	1
538	554	1
538	812	1
538	923	1
538	1113	-2
538	1271	2
538	1979	2
539	616	1
539	617	1
539	741	1
539	816	1
539	1002	1
539	1222	2
539	1333	-2
539	1680	2
540	649	1
540	785	1
540	1328	2
540	1588	-2
540	1843	2
541	638	1
541	781	1
541	892	1
541	1228	2
541	1276	-2
541	1696	2
542	821	1
542	845	1
542	1107	-2
542	1601	2
542	2040	-2
543	694	1
543	722	1
543	835	1
543	1011	1
543	1914	2
543	1935	-2
543	2030	-2
544	717	1
544	948	1
544	1301	2
544	1735	2
544	2039	-2
545	738	1
545	917	1
545	1113	-2
545	1175	-2
545	1893	2
546	737	1
546	900	1
546	1193	2
546	1413	2
546	1473	-2
547	631	1
547	725	1
547	1009	1
547	1214	2
547	1456	2
547	1612	2
548	1130	-2
548	1581	-2
548	1988	2
549	592	1
549	598	1
549	624	1
549	878	1
549	930	1
549	1191	-2
549	1427	-2
549	1649	-2
550	705	1
550	857	1
550	919	1
550	1272	2
550	1814	-2
550	1836	-2
551	680	1
551	744	1
551	782	1
551	981	1
551	1373	-2
551	1374	-2
551	1411	2
552	764	1
552	892	1
552	977	1
552	1121	-2
552	1289	2
552	2027	-2
553	713	1
553	802	1
553	935	1
553	1821	-2
553	1991	2
553	1996	-2
554	579	1
554	865	1
554	923	1
554	928	1
554	1311	2
554	1459	-2
554	1979	2
555	577	1
555	719	1
555	814	1
555	1120	2
555	1284	-2
555	1557	2
556	571	1
556	902	1
556	1156	2
556	1293	2
556	1621	2
557	615	1
557	762	1
557	768	1
557	1707	2
557	1851	2
557	1899	-2
558	596	1
558	662	1
558	876	1
558	1231	2
558	1409	-2
558	1574	-2
559	757	1
559	858	1
559	951	1
559	1174	2
559	1240	-2
559	2047	2
560	665	1
560	1017	1
560	1094	2
560	1261	-2
560	1430	-2
561	634	1
561	763	1
561	1047	2
561	1543	-2
561	1571	-2
562	594	1
562	703	1
562	1070	2
562	1086	-2
562	1140	-2
563	982	1
563	1154	-2
563	1316	-2
563	1728	2
564	665	1
564	954	1
564	1100	-2
564	1542	2
564	1793	-2
565	731	1
565	873	1
565	1267	-2
565	1429	2
565	1906	2
566	568	1
566	794	1
566	1393	2
566	1499	-2
566	1896	2
567	702	1
567	775	1
567	794	1
567	851	1
567	880	1
567	1097	2
567	1467	-2
567	1901	-2
568	623	1
568	765	1
568	918	1
568	1212	2
568	1393	2
568	1953	-2
569	600	1
569	929	1
569	1007	1
569	1407	-2
569	1765	-2
569	1796	-2
570	606	1
570	629	1
570	687	1
570	1655	2
570	1698	2
570	2010	-2
571	601	1
571	917	1
571	1156	2
571	1462	2
571	1512	2
572	792	1
572	866	1
572	1320	-2
572	1425	-2
572	1449	-2
573	660	1
573	773	1
573	1085	-2
573	1209	-2
573	1723	-2
574	900	1
574	962	1
574	1745	2
574	1803	2
574	1822	-2
575	818	1
575	859	1
575	1637	-2
575	1879	-2
575	1961	-2
576	701	1
576	856	1
576	940	1
576	1332	2
576	1634	2
576	1885	2
577	711	1
577	719	1
577	1245	2
577	1284	-2
577	1813	-2
578	848	1
578	888	1
578	1265	2
578	1555	2
578	1787	-2
579	788	1
579	1459	-2
579	1481	2
579	1818	2
580	624	1
580	682	1
580	832	1
580	881	1
580	890	1
580	959	1
580	1709	2
580	1888	2
580	2045	-2
581	823	1
581	963	1
581	1006	1
581	1021	1
581	1224	2
581	1281	-2
581	1898	-2
582	601	1
582	735	1
582	1221	2
582	1668	-2
582	1897	2
583	735	1
583	747	1
583	879	1
583	996	1
583	1162	-2
583	1203	-2
583	1644	2
584	595	1
584	664	1
584	698	1
584	704	1
584	721	1
584	1679	-2
584	1832	2
584	1892	2
585	817	1
585	1323	-2
585	1331	-2
585	1839	-2
586	627	1
586	909	1
586	1250	-2
586	1337	2
586	1368	2
587	594	1
587	778	1
587	1517	-2
587	1669	2
587	1874	-2
588	757	1
588	815	1
588	986	1
588	1054	2
588	1139	-2
588	1247	-2
589	754	1
589	819	1
589	840	1
589	924	1
589	931	1
589	966	1
589	1037	2
589	1096	-2
589	1268	-2
590	911	1
590	1597	-2
590	1615	2
590	1941	2
591	761	1
591	853	1
591	989	1
591	994	1
591	1108	2
591	1531	-2
591	1636	2
592	751	1
592	1013	1
592	1344	-2
592	1369	2
592	1427	-2
593	677	1
593	910	1
593	1263	2
593	1725	-2
593	1938	2
594	1086	-2
594	1157	2
594	1874	-2
595	664	1
595	916	1
595	932	1
595	975	1
595	1012	1
595	1200	-2
595	1241	2
595	1892	2
596	732	1
596	786	1
596	873	1
596	876	1
596	1129	-2
596	1574	-2
596	1758	2
597	687	1
597	991	1
597	1011	1
597	1125	2
597	1392	2
597	1992	2
598	624	1
598	742	1
598	927	1
598	1137	-2
598	1485	2
598	1649	-2
599	963	1
599	1476	-2
599	1776	2
599	1962	-2
600	654	1
600	801	1
600	1378	2
600	1695	2
600	1765	-2
601	828	1
601	917	1
601	1462	2
601	1668	-2
601	2041	2
602	716	1
602	883	1
602	1049	2
602	1354	2
602	1762	-2
603	869	1
603	980	1
603	1315	2
603	1924	-2
603	2033	-2
604	738	1
604	849	1
604	985	1
604	1148	-2
604	1877	-2
604	1982	-2
605	943	1
605	1658	-2
605	1750	2
605	1768	-2
606	629	1
606	772	1
606	1027	-2
606	1698	2
606	1968	2
607	850	1
607	901	1
607	1165	-2
607	1235	2
607	1736	-2
608	613	1
608	657	1
608	1719	-2
608	2009	-2
608	2011	-2
609	670	1
609	918	1
609	955	1
609	1122	2
609	1362	2
609	1478	2
610	710	1
610	714	1
610	726	1
610	779	1
610	952	1
610	1577	-2
610	1607	-2
610	1760	-2
611	836	1
611	1260	-2
611	1465	-2
611	1594	2
612	862	1
612	1742	2
612	1917	-2
612	1993	2
613	657	1
613	700	1
613	1141	-2
613	1704	2
613	1719	-2
614	642	1
614	771	1
614	991	1
614	1632	2
614	1697	-2
614	1850	2
615	655	1
615	768	1
615	833	1
615	953	1
615	1631	-2
615	1676	2
615	1899	-2
616	719	1
616	816	1
616	1078	-2
616	1472	2
616	1680	2
617	730	1
617	746	1
617	885	1
617	1333	-2
617	1371	-2
617	1663	-2
618	647	1
618	740	1
618	990	1
618	1379	2
618	1714	-2
618	1746	2
619	971	1
619	1202	2
619	1359	-2
619	1915	-2
620	843	1
620	1731	2
620	1860	-2
620	1880	-2
621	766	1
621	817	1
621	1788	2
621	1864	-2
621	1910	-2
622	696	1
622	705	1
622	773	1
622	1643	2
622	1779	-2
622	2024	2
623	765	1
623	818	1
623	906	1
623	1212	2
623	1470	-2
623	1970	2
624	696	1
624	832	1
624	1511	-2
624	1649	-2
624	2045	-2
625	983	1
625	994	1
625	996	1
625	1072	-2
625	1417	-2
625	1752	-2
626	1106	-2
626	1159	2
626	1288	-2
627	731	1
627	880	1
627	1327	2
627	1368	2
627	1468	-2
628	683	1
628	694	1
628	771	1
628	835	1
628	1277	2
628	1305	2
628	1422	-2
629	807	1
629	811	1
629	1381	2
629	1560	2
629	1698	2
630	688	1
630	718	1
630	1249	2
630	1647	-2
630	1966	-2
631	660	1
631	734	1
631	809	1
631	1206	2
631	1456	2
631	1519	-2
632	677	1
632	897	1
632	992	1
632	1683	-2
632	1927	2
632	2017	2
633	734	1
633	811	1
633	903	1
633	1179	2
633	1180	2
633	1654	2
634	820	1
634	1068	-2
634	1543	-2
634	1563	2
635	756	1
635	761	1
635	784	1
635	1213	2
635	1291	-2
635	1433	-2
636	647	1
636	661	1
636	976	1
636	1428	-2
636	1620	-2
636	1846	2
637	814	1
637	898	1
637	1415	2
637	1600	2
637	1809	-2
638	892	1
638	1016	1
638	1021	1
638	1318	-2
638	1495	-2
638	1696	2
639	1436	-2
639	1810	2
639	1939	-2
640	678	1
640	707	1
640	774	1
640	898	1
640	1060	-2
640	1117	2
640	1630	-2
641	841	1
641	885	1
641	979	1
641	1533	2
641	1539	-2
641	1570	2
642	813	1
642	1461	2
642	1475	2
642	1632	2
643	749	1
643	756	1
643	777	1
643	884	1
643	891	1
643	1076	-2
643	1558	-2
643	1889	2
644	824	1
644	848	1
644	1690	-2
644	1757	2
644	1871	-2
645	767	1
645	866	1
645	1329	2
645	1342	2
645	1504	-2
646	935	1
646	972	1
646	1061	2
646	1280	-2
646	1580	2
647	661	1
647	990	1
647	1617	-2
647	1620	-2
647	1714	-2
648	677	1
648	923	1
648	954	1
648	1375	-2
648	1605	2
648	1618	-2
649	785	1
649	939	1
649	947	1
649	1242	2
649	1588	-2
649	1751	2
650	814	1
650	823	1
650	869	1
650	910	1
650	1188	2
650	1505	2
650	1569	-2
651	658	1
651	998	1
651	1211	-2
651	1341	-2
651	1469	-2
652	1173	2
652	1448	-2
652	1737	2
653	683	1
653	1017	1
653	1258	2
653	1454	2
653	1625	2
654	783	1
654	1378	2
654	1444	-2
654	1708	2
655	742	1
655	816	1
655	833	1
655	1351	2
655	1676	2
655	1965	-2
656	977	1
656	1026	-2
656	1294	-2
656	1797	-2
657	673	1
657	760	1
657	1230	-2
657	1376	2
657	1719	-2
658	833	1
658	876	1
658	1211	-2
658	1653	-2
658	1950	-2
659	682	1
659	712	1
659	876	1
659	974	1
659	1021	1
659	1042	-2
659	1764	-2
659	1891	2
660	734	1
660	1519	-2
660	1723	-2
660	2015	-2
661	748	1
661	938	1
661	1432	-2
661	1620	-2
661	1786	2
662	692	1
662	827	1
662	1084	-2
662	1231	2
662	1781	2
663	867	1
663	970	1
663	1160	2
663	1412	2
663	1944	2
664	764	1
664	833	1
664	868	1
664	1103	-2
664	1672	2
664	1892	2
665	705	1
665	1100	-2
665	1261	-2
665	1516	2
666	844	1
666	869	1
666	1124	2
666	1312	2
666	1959	-2
667	793	1
667	961	1
667	1317	-2
667	1642	-2
667	1769	2
668	1453	-2
668	1526	-2
668	1706	-2
669	887	1
669	900	1
669	932	1
669	1255	2
669	1682	2
669	1739	-2
670	916	1
670	918	1
670	1122	2
670	1123	-2
670	1759	-2
671	842	1
671	993	1
671	1119	-2
671	1611	2
671	1986	2
672	674	1
672	795	1
672	973	1
672	1352	2
672	1817	2
672	1945	-2
673	760	1
673	961	1
673	1142	2
673	1376	2
673	1586	2
674	682	1
674	821	1
674	853	1
674	982	1
674	1321	-2
674	1352	2
674	1859	2
675	809	1
675	846	1
675	1158	2
675	1831	2
675	1990	2
676	907	1
676	1114	-2
676	1285	-2
676	1424	2
677	923	1
677	1263	2
677	1375	-2
677	1927	2
678	707	1
678	746	1
678	847	1
678	904	1
678	986	1
678	1029	2
678	1117	2
678	1931	-2
679	958	1
679	1048	-2
679	1087	-2
679	1529	-2
680	981	1
680	1145	-2
680	1374	-2
680	1794	-2
681	709	1
681	733	1
681	770	1
681	875	1
681	1189	2
681	1684	2
681	1784	2
682	853	1
682	890	1
682	1021	1
682	1709	2
682	1764	-2
682	1859	2
683	835	1
683	875	1
683	1126	-2
683	1305	2
683	1625	2
684	750	1
684	1088	-2
684	1540	-2
684	2034	-2
685	1015	1
685	1492	-2
685	1561	-2
685	1693	2
686	905	1
686	971	1
686	1216	2
686	1310	-2
686	1766	-2
687	828	1
687	991	1
687	1036	2
687	1125	2
687	1655	2
688	745	1
688	804	1
688	1249	2
688	1441	2
688	1503	2
689	803	1
689	890	1
689	987	1
689	1238	2
689	1878	2
689	1918	2
690	700	1
690	861	1
690	948	1
690	1166	-2
690	1579	-2
690	1903	2
691	795	1
691	859	1
691	1059	-2
691	1210	2
691	1923	2
692	1084	-2
692	1599	2
692	1804	2
693	832	1
693	912	1
693	964	1
693	1486	2
693	1619	2
693	2001	2
694	1099	2
694	1422	-2
694	1935	-2
695	822	1
695	915	1
695	1388	-2
695	1867	2
695	1976	2
696	807	1
696	1511	-2
696	1913	2
696	2024	2
697	1251	2
697	1357	2
697	1691	2
698	704	1
698	856	1
698	989	1
698	1585	2
698	1832	2
698	1886	2
699	875	1
699	907	1
699	950	1
699	1153	-2
699	1233	2
699	1292	-2
700	948	1
700	1141	-2
700	1358	-2
700	1579	-2
701	856	1
701	1509	-2
701	1753	-2
701	1885	2
702	726	1
702	753	1
702	794	1
702	960	1
702	1901	-2
702	2000	2
702	2032	2
703	1140	-2
703	1852	2
703	1921	2
704	893	1
704	985	1
704	1308	2
704	1832	2
704	1926	-2
705	919	1
705	1272	2
705	1516	2
705	1643	2
706	857	1
706	920	1
706	1300	2
706	1576	-2
706	1937	2
707	755	1
707	1117	2
707	1537	-2
707	1566	-2
708	844	1
708	913	1
708	945	1
708	1313	2
708	1523	2
708	1858	-2
709	770	1
709	886	1
709	997	1
709	1144	2
709	1525	-2
709	1784	2
710	759	1
710	776	1
710	779	1
710	1348	2
710	1607	-2
710	1614	2
711	790	1
711	843	1
711	870	1
711	1245	2
711	1307	2
711	1534	-2
712	827	1
712	974	1
712	1223	-2
712	1795	2
712	1891	2
713	802	1
713	872	1
713	1083	-2
713	1438	-2
713	1996	-2
714	805	1
714	826	1
714	846	1
714	1155	2
714	1577	-2
714	1981	2
715	921	1
715	931	1
715	1507	-2
715	1720	2
715	1942	2
716	883	1
716	1049	2
716	1590	2
716	1977	-2
717	948	1
717	1024	1
717	1324	2
717	1853	2
717	2039	-2
718	1484	2
718	1647	-2
718	2013	-2
719	999	1
719	1078	-2
719	1284	-2
719	1400	2
720	896	1
720	1081	-2
720	1199	-2
720	1573	-2
721	945	1
721	1005	1
721	1215	-2
721	1679	-2
721	1934	-2
722	725	1
722	795	1
722	968	1
722	1264	2
722	1628	-2
722	1914	2
723	828	1
723	832	1
723	956	1
723	1004	1
723	1295	-2
723	1895	-2
723	1900	2
724	881	1
724	1508	2
724	1584	-2
724	1861	-2
725	968	1
725	1264	2
725	1612	2
725	1639	-2
726	913	1
726	952	1
726	974	1
726	1135	2
726	1760	-2
726	2000	2
727	755	1
727	970	1
727	1391	-2
727	1956	2
727	1980	-2
728	956	1
728	1360	2
728	1583	-2
728	1791	2
729	1278	2
729	1330	-2
729	1502	2
730	737	1
730	746	1
730	1012	1
730	1663	-2
730	1951	-2
730	2028	2
731	1001	1
731	1186	-2
731	1327	2
731	1906	2
732	845	1
732	873	1
732	1129	-2
732	1172	2
732	2046	2
733	744	1
733	813	1
733	825	1
733	875	1
733	1069	2
733	1189	2
733	1840	-2
734	941	1
734	1051	2
734	1519	-2
734	1654	2
735	786	1
735	996	1
735	1162	-2
735	1446	-2
735	1897	2
736	782	1
736	852	1
736	1483	2
736	1494	2
736	1971	2
737	852	1
737	1176	-2
737	1193	2
737	1951	-2
738	894	1
738	921	1
738	1877	-2
738	1893	2
738	1925	-2
739	757	1
739	820	1
739	902	1
739	1146	-2
739	1678	-2
739	1999	2
740	838	1
740	879	1
740	926	1
740	1379	2
740	1602	2
740	2029	2
741	773	1
741	1002	1
741	1222	2
741	1730	2
741	1985	-2
742	1137	-2
742	1351	2
742	1876	2
743	957	1
743	1150	-2
743	1254	2
743	1734	-2
744	942	1
744	1069	2
744	1373	-2
744	1701	2
745	804	1
745	1045	-2
745	1149	2
745	1441	2
746	880	1
746	958	1
746	986	1
746	1029	2
746	1593	-2
746	1663	-2
747	879	1
747	995	1
747	1203	-2
747	1552	-2
747	1881	2
748	753	1
748	933	1
748	980	1
748	1208	-2
748	1656	-2
748	1786	2
749	851	1
749	884	1
749	954	1
749	1076	-2
749	1131	2
749	1648	-2
750	944	1
750	1014	1
750	1164	2
750	1220	-2
750	1540	-2
751	758	1
751	859	1
751	962	1
751	1013	1
751	1344	-2
751	1657	2
751	1869	2
752	854	1
752	861	1
752	1825	2
752	1883	2
752	2038	2
753	955	1
753	960	1
753	980	1
753	1656	-2
753	1685	2
753	2032	2
754	931	1
754	1067	-2
754	1268	-2
754	1770	-2
755	878	1
755	1092	-2
755	1391	-2
755	1537	-2
756	784	1
756	823	1
756	941	1
756	1291	-2
756	1361	2
756	1558	-2
757	815	1
757	1139	-2
757	1174	2
757	1999	2
758	889	1
758	1073	2
758	1657	2
758	1733	2
759	772	1
759	776	1
759	804	1
759	1466	2
759	1614	2
759	1948	2
760	834	1
760	1376	2
760	1416	2
760	1998	2
761	1108	2
761	1433	-2
761	1713	-2
762	916	1
762	1426	-2
762	1741	-2
762	1851	2
763	847	1
763	1047	2
763	1419	-2
763	1710	-2
764	833	1
764	926	1
764	1480	2
764	1672	2
764	2027	-2
765	837	1
765	1212	2
765	1234	2
765	1808	2
766	1530	-2
766	1638	2
766	1910	-2
767	874	1
767	1003	1
767	1329	2
767	1792	2
767	1845	2
768	904	1
768	913	1
768	976	1
768	1548	2
768	1610	-2
768	1899	-2
769	1450	2
769	1510	-2
769	1904	2
770	803	1
770	865	1
770	936	1
770	1418	2
770	1784	2
770	1824	-2
771	781	1
771	1277	2
771	1302	2
771	1850	2
772	804	1
772	927	1
772	1115	-2
772	1948	2
772	1968	2
773	1085	-2
773	1779	-2
773	1985	-2
774	842	1
774	967	1
774	1496	-2
774	1630	-2
774	1677	-2
775	880	1
775	995	1
775	1097	2
775	1983	2
775	2026	-2
776	1001	1
776	1018	1
776	1286	-2
776	1339	2
776	1614	2
777	850	1
777	860	1
777	891	1
777	1819	-2
777	1847	-2
777	1889	2
778	885	1
778	1517	-2
778	1565	2
778	1609	-2
779	887	1
779	934	1
779	960	1
779	1607	-2
779	1778	-2
779	2016	2
780	845	1
780	949	1
780	1464	-2
780	1641	-2
780	1756	-2
781	871	1
781	1228	2
781	1302	2
781	1304	2
782	1411	2
782	1482	2
782	1483	2
783	995	1
783	1163	2
783	1444	-2
783	1767	2
784	958	1
784	1102	2
784	1291	-2
784	1546	2
785	1006	1
785	1062	2
785	1588	-2
785	1973	2
786	1016	1
786	1446	-2
786	1471	2
786	1758	2
787	908	1
787	953	1
787	1437	2
787	1452	2
787	1623	-2
788	826	1
788	968	1
788	1481	2
788	1841	2
788	2018	-2
789	798	1
789	884	1
789	1589	-2
789	1761	-2
789	2022	-2
790	863	1
790	1307	2
790	1556	2
790	1928	2
791	1256	2
791	1443	-2
791	1780	-2
792	866	1
792	1010	1
792	1218	2
792	1449	-2
792	1694	2
793	1423	-2
793	1642	-2
793	2012	2
794	825	1
794	967	1
794	1246	2
794	1499	-2
794	1901	-2
795	1628	-2
795	1923	2
795	1945	-2
796	799	1
796	802	1
796	870	1
796	981	1
796	1134	-2
796	1440	2
796	1790	-2
797	808	1
797	1077	2
797	1729	2
797	1849	-2
798	894	1
798	1336	2
798	1589	-2
798	1837	-2
799	1005	1
799	1616	2
799	1692	2
799	1790	-2
800	902	1
800	1207	-2
800	1309	2
800	2021	-2
801	1389	2
801	1695	2
801	1705	-2
802	856	1
802	870	1
802	1012	1
802	1134	-2
802	1920	2
802	1996	-2
803	890	1
803	925	1
803	936	1
803	1169	-2
803	1238	2
803	1418	2
804	852	1
804	1441	2
804	1724	-2
804	1948	2
805	822	1
805	846	1
805	853	1
805	1040	-2
805	1545	2
805	1981	2
806	815	1
806	925	1
806	987	1
806	1050	-2
806	1702	2
806	1862	-2
807	811	1
807	831	1
807	1560	2
807	1905	2
807	1913	2
808	922	1
808	1604	-2
808	1729	2
808	1866	2
809	1007	1
809	1158	2
809	1206	2
809	1703	2
810	1143	2
810	1184	-2
810	1410	2
811	903	1
811	992	1
811	1179	2
811	1560	2
811	1785	2
812	918	1
812	1170	2
812	1271	2
812	1382	-2
813	825	1
813	930	1
813	1461	2
813	1789	-2
813	1840	-2
814	898	1
814	1120	2
814	1415	2
814	1569	-2
815	987	1
815	1050	-2
815	1139	-2
815	1802	2
816	1675	-2
816	1680	2
816	1965	-2
817	1331	-2
817	1788	2
817	1811	-2
818	877	1
818	1013	1
818	1055	2
818	1879	-2
818	1970	2
819	836	1
819	924	1
819	970	1
819	1037	2
819	1591	2
819	1662	-2
820	946	1
820	950	1
820	1161	-2
820	1563	2
820	1678	-2
821	845	1
821	982	1
821	1194	-2
821	1321	-2
821	2040	-2
822	853	1
822	872	1
822	1040	-2
822	1949	2
822	1976	2
823	941	1
823	1281	-2
823	1361	2
823	1505	2
824	1022	1
824	1340	2
824	1500	2
824	1871	-2
825	967	1
825	1246	2
825	1248	-2
825	1840	-2
826	895	1
826	968	1
826	1155	2
826	1243	-2
826	1841	2
827	1046	2
827	1781	2
827	1795	2
828	1004	1
828	1036	2
828	1895	-2
828	2041	2
829	919	1
829	1016	1
829	1490	-2
829	1800	2
829	1946	-2
830	851	1
830	901	1
830	1075	-2
830	1506	-2
830	1532	-2
831	870	1
831	904	1
831	984	1
831	1270	2
831	1527	-2
831	1905	2
832	912	1
832	956	1
832	1900	2
832	2001	2
832	2045	-2
833	1653	-2
833	1672	2
833	1676	2
834	1109	-2
834	1364	-2
834	1416	2
835	1011	1
835	1024	1
835	1305	2
835	1398	2
835	2030	-2
836	1325	-2
836	1594	2
836	1662	-2
837	889	1
837	959	1
837	1390	2
837	1808	2
837	1865	-2
838	989	1
838	1132	2
838	1856	2
838	2029	2
839	899	1
839	1283	2
839	1524	2
839	1592	2
840	966	1
840	1096	-2
840	1463	2
840	1645	-2
841	885	1
841	1020	1
841	1058	-2
841	1570	2
841	1827	-2
842	966	1
842	1119	-2
842	1496	-2
842	1842	-2
843	870	1
843	1534	-2
843	1731	2
843	1875	2
844	913	1
844	1101	-2
844	1313	2
844	1959	-2
845	1172	2
845	1641	-2
845	2040	-2
846	849	1
846	1365	-2
846	1981	2
846	1990	2
847	904	1
847	1419	-2
847	1501	2
847	1931	-2
848	1555	2
848	1690	-2
848	1716	2
849	888	1
849	920	1
849	1148	-2
849	1365	-2
849	1834	2
850	882	1
850	1232	-2
850	1235	2
850	1847	-2
851	954	1
851	1131	2
851	1467	-2
851	1532	-2
852	1176	-2
852	1494	2
852	1724	-2
853	989	1
853	1040	-2
853	1531	-2
853	1859	2
854	912	1
854	1259	2
854	1435	2
854	1883	2
855	907	1
855	1282	2
855	1919	2
855	1978	2
856	1012	1
856	1885	2
856	1886	2
856	1920	2
857	1071	-2
857	1300	2
857	1814	-2
858	979	1
858	1240	-2
858	1349	2
858	1603	2
859	962	1
859	1059	-2
859	1637	-2
859	1869	2
860	1017	1
860	1171	-2
860	1819	-2
860	2023	-2
861	952	1
861	1166	-2
861	1825	2
861	1989	-2
862	1003	1
862	1742	2
862	1826	2
862	1964	2
863	1451	2
863	1460	2
863	1556	2
864	903	1
864	1489	2
864	1606	2
864	2037	2
865	928	1
865	1023	1
865	1311	2
865	1815	-2
865	1824	-2
866	1008	1
866	1299	-2
866	1342	2
866	1449	-2
867	991	1
867	1004	1
867	1412	2
867	1763	-2
867	2025	-2
868	896	1
868	1103	-2
868	1715	2
868	1909	2
869	910	1
869	1188	2
869	1312	2
869	1924	-2
870	904	1
870	1134	-2
870	1270	2
870	1534	-2
871	978	1
871	1304	2
871	1326	2
871	1929	-2
872	1000	1
872	1438	-2
872	1912	2
872	1949	2
873	1002	1
873	1129	-2
873	1267	-2
873	1314	2
874	956	1
874	1269	-2
874	1406	2
874	1792	2
875	907	1
875	1126	-2
875	1189	2
875	1292	-2
876	1042	-2
876	1574	-2
876	1950	-2
877	937	1
877	1013	1
877	1055	2
877	1535	-2
877	1884	2
878	930	1
878	1079	2
878	1092	-2
878	1191	-2
879	926	1
879	1203	-2
879	1477	2
879	1602	2
880	958	1
880	1097	2
880	1468	-2
880	1593	-2
881	947	1
881	959	1
881	1861	-2
881	1888	2
881	2031	-2
882	943	1
882	1232	-2
882	1338	2
882	1952	-2
883	1049	2
883	1395	-2
883	1738	2
884	1076	-2
884	1105	-2
884	2022	-2
885	1371	-2
885	1570	2
885	1609	-2
886	915	1
886	966	1
886	1457	2
886	1525	-2
886	1887	2
887	932	1
887	934	1
887	1682	2
887	1994	-2
887	2016	2
888	920	1
888	965	1
888	1095	2
888	1787	-2
888	1834	2
889	944	1
889	976	1
889	1073	2
889	1390	2
889	1396	-2
890	1019	1
890	1089	2
890	1238	2
890	1709	2
891	1564	2
891	1747	-2
891	1889	2
892	977	1
892	1121	-2
892	1541	-2
892	1696	2
893	898	1
893	1183	-2
893	1257	-2
893	1926	-2
894	921	1
894	1575	-2
894	1837	-2
894	1925	-2
895	987	1
895	1217	-2
895	1243	-2
895	1394	2
896	1199	-2
896	1626	2
896	1909	2
897	1650	-2
897	1807	2
897	2017	2
898	1060	-2
898	1257	-2
898	1415	2
899	999	1
899	1091	2
899	1335	2
899	1524	2
900	1413	2
900	1739	-2
900	1822	-2
901	1506	-2
901	1624	-2
901	1736	-2
902	1146	-2
902	1207	-2
902	1293	2
903	1056	2
903	1179	2
903	2037	2
904	976	1
904	1270	2
904	1610	-2
904	1931	-2
905	944	1
905	971	1
905	1010	1
905	1104	-2
905	1689	2
905	1766	-2
906	1057	-2
906	1470	-2
906	1957	2
907	1292	-2
907	1424	2
907	1919	2
908	953	1
908	1404	-2
908	1437	2
908	1582	-2
909	1020	1
909	1177	-2
909	1250	-2
909	1487	2
910	934	1
910	1188	2
910	1688	-2
910	1938	2
911	1554	2
911	1775	2
911	1941	2
912	1229	2
912	1435	2
912	2001	2
913	974	1
913	1135	2
913	1313	2
913	1548	2
914	937	1
914	1005	1
914	1384	2
914	1386	-2
914	1933	2
915	1388	-2
915	1744	2
915	1887	2
916	932	1
916	1123	-2
916	1241	2
916	1741	-2
917	1175	-2
917	1195	-2
917	1462	2
918	1122	2
918	1170	2
918	1953	-2
919	920	1
919	1272	2
919	1490	-2
919	1828	2
920	1828	2
920	1834	2
920	1937	2
921	1009	1
921	1595	2
921	1720	2
921	1925	-2
922	1732	-2
922	1866	2
922	1969	2
923	1375	-2
923	1488	2
923	1979	2
924	1037	2
924	1111	-2
924	1727	-2
925	1169	-2
925	1520	-2
925	1862	-2
926	940	1
926	1031	-2
926	1480	2
926	1602	2
927	1053	2
927	1115	-2
927	1485	2
928	1311	2
928	1518	-2
928	1521	-2
929	990	1
929	1023	1
929	1407	-2
929	1848	2
929	1930	2
930	1191	-2
930	1789	-2
930	2006	2
931	978	1
931	1268	-2
931	1936	-2
931	1942	2
932	1241	2
932	1682	2
932	1940	-2
933	1066	2
933	1208	-2
933	1244	-2
934	1688	-2
934	1954	-2
934	2016	2
935	972	1
935	1402	2
935	1580	2
935	1821	-2
936	1032	2
936	1418	2
936	1547	-2
937	1181	2
937	1386	-2
937	1535	-2
938	1028	-2
938	1219	2
938	1432	-2
939	973	1
939	1242	2
939	1922	2
939	1958	-2
940	1031	-2
940	1332	2
940	1943	2
941	1051	2
941	1361	2
941	1401	2
942	1147	2
942	1197	-2
942	1701	2
943	1279	-2
943	1768	-2
943	1952	-2
944	976	1
944	1220	-2
944	1396	-2
944	1689	2
945	1844	2
945	1858	-2
945	1934	-2
946	950	1
946	1161	-2
946	1740	2
946	1868	-2
947	1356	-2
947	1751	2
947	2031	-2
948	1303	2
948	1579	-2
948	2039	-2
949	988	1
949	1298	-2
949	1756	-2
949	1773	2
950	1161	-2
950	1233	2
950	1975	-2
951	972	1
951	1004	1
951	1006	1
951	1334	2
951	1434	-2
951	2047	2
952	1498	-2
952	1760	-2
952	1989	-2
953	1035	-2
953	1437	2
953	1631	-2
954	1131	2
954	1542	2
954	1605	2
955	1014	1
955	1020	1
955	1043	-2
955	1362	2
955	1685	2
956	1269	-2
956	1360	2
956	1900	2
957	1254	2
957	1608	2
957	1870	-2
958	1048	-2
958	1546	2
958	1593	-2
959	1421	2
959	1865	-2
959	1888	2
960	1167	-2
960	1778	-2
960	2032	2
961	1082	2
961	1142	2
961	1769	2
962	1074	2
962	1803	2
962	1869	2
963	1021	1
963	1224	2
963	1287	-2
963	1776	2
964	1030	2
964	1080	2
964	1619	2
965	1095	2
965	1458	-2
965	1553	2
966	1096	-2
966	1457	2
966	1842	-2
967	1246	2
967	1677	-2
967	1820	-2
968	1264	2
968	1442	2
968	1841	2
969	1201	-2
969	1963	-2
969	2007	2
970	1160	2
970	1591	2
970	1980	-2
971	1112	2
971	1359	-2
971	1766	-2
972	1205	2
972	1434	-2
972	1580	2
973	1064	-2
973	1817	2
973	1958	-2
974	1135	2
974	1550	-2
974	1891	2
975	1012	1
975	1200	-2
975	1598	2
975	2003	-2
976	1396	-2
976	1610	-2
976	1846	2
977	1026	-2
977	1121	-2
977	1262	-2
978	1326	2
978	1515	-2
978	1936	-2
979	1266	-2
979	1539	-2
979	1603	2
980	1000	1
980	1315	2
980	1656	-2
980	1882	2
981	1374	-2
981	1440	2
981	1536	-2
982	1316	-2
982	1319	2
982	1321	-2
983	1072	-2
983	1652	-2
983	1916	2
984	1403	-2
984	1527	-2
984	2005	2
985	1308	2
985	1673	-2
985	1982	-2
986	1029	2
986	1054	2
986	1699	-2
987	1050	-2
987	1394	2
987	1878	2
988	1116	-2
988	1298	-2
988	1665	-2
989	1531	-2
989	1585	2
989	1856	2
990	1225	2
990	1714	-2
990	1848	2
991	1004	1
991	1125	2
991	1697	-2
991	2025	-2
992	1683	-2
992	1785	2
992	2019	2
993	1041	2
993	1366	-2
993	1986	2
994	1370	-2
994	1417	-2
994	1636	2
995	1552	-2
995	1767	2
995	2026	-2
996	1162	-2
996	1275	2
996	1752	-2
997	1144	2
997	2044	-2
997	2048	-2
998	1052	-2
998	1341	-2
998	2036	-2
999	1335	2
999	1400	2
999	1431	2
1000	1798	-2
1000	1882	2
1000	1912	2
1001	1018	1
1001	1044	-2
1001	1186	-2
1001	1339	2
1002	1222	2
1002	1314	2
1002	1408	2
1003	1093	-2
1003	1826	2
1003	1845	2
1004	1006	1
1004	1334	2
1004	1895	-2
1004	2025	-2
1005	1215	-2
1005	1616	2
1005	1933	2
1006	1334	2
1006	1898	-2
1006	1973	2
1007	1703	2
1007	1796	-2
1007	1932	2
1008	1127	2
1008	1152	2
1008	1299	-2
1009	1214	2
1009	1595	2
1009	1863	2
1010	1104	-2
1010	1306	2
1010	1694	2
1011	1090	-2
1011	1392	2
1011	2030	-2
1012	1200	-2
1012	1920	2
1012	2028	2
1013	1055	2
1013	1344	-2
1013	1717	2
1014	1015	1
1014	1020	1
1014	1043	-2
1014	1164	2
1014	1538	2
1015	1538	2
1015	1561	-2
1015	1771	-2
1016	1318	-2
1016	1471	2
1016	1800	2
1017	1171	-2
1017	1430	-2
1017	1454	2
1018	1033	-2
1018	1339	2
1018	1700	-2
1019	1089	2
1019	1633	2
1019	1833	-2
1020	1043	-2
1020	1058	-2
1020	1487	2
1021	1224	2
1021	1495	-2
1021	1764	-2
1022	1500	2
1022	1774	2
1022	1823	2
1023	1196	2
1023	1815	-2
1023	1930	2
1024	1398	2
1024	1666	2
1024	1853	2
