1	1	-1
2	2	1
3	3	-1
4	4	1
5	5	-3
6	6	-1
7	7	-3
8	8	-1
9	9	1
10	10	1
11	11	1
12	12	-1
13	13	-1
14	14	-1
15	15	1
16	16	-3
17	17	-1
18	18	-3
19	19	1
20	20	-3
21	21	-1
22	22	-3
23	23	-3
24	24	-1
25	25	1
26	26	-3
27	27	-1
28	28	-3
29	29	-3
30	30	1
31	31	-1
32	32	1
33	33	3
34	34	-1
35	35	1
36	36	-1
37	37	1
38	38	-1
39	39	-3
40	40	-3
41	41	-1
42	42	-1
43	43	-1
44	44	-1
45	45	-3
46	46	1
47	47	1
48	48	-1
49	49	-1
50	50	-1
51	51	1
52	52	-3
53	53	-1
54	54	-1
55	55	1
56	56	-1
57	57	-1
58	58	3
59	59	-3
60	60	-1
61	61	-1
62	62	-1
63	63	-3
64	64	-1
65	65	1
66	66	-1
67	67	-3
68	68	-1
69	69	3
70	70	1
71	71	1
72	72	1
73	73	1
74	74	-1
75	75	-1
76	76	-1
77	77	1
78	78	-3
79	79	1
80	80	1
81	81	-3
82	82	-1
83	83	-1
84	84	-1
85	85	3
86	86	-3
87	87	1
88	88	3
89	89	3
90	90	-1
91	91	-3
92	92	-1
93	93	1
94	94	-3
95	95	1
96	96	-1
97	97	-1
98	98	-1
99	99	-3
100	100	1
101	101	-3
102	102	1
103	103	-1
104	104	-1
105	105	-1
106	106	-1
107	107	-1
108	108	1
109	109	-1
110	110	1
111	111	-1
112	112	-1
113	113	-1
114	114	3
115	115	-1
116	116	1
117	117	-1
118	118	-1
119	119	3
120	120	-1
121	121	-1
122	122	1
123	123	-1
124	124	-1
125	125	-1
126	126	-1
127	127	-3
128	128	-3
129	129	-1
130	130	3
131	131	-1
132	132	-1
133	133	-1
134	134	3
135	135	-1
136	136	-1
137	137	3
138	138	-3
139	139	-1
140	140	-1
141	141	-1
142	142	3
143	143	-1
144	144	-1
145	145	1
146	146	-1
147	147	1
148	148	1
149	149	1
150	150	3
151	151	-3
152	152	-3
153	153	-1
154	154	-1
155	155	-3
156	156	-1
157	157	1
158	158	-1
159	159	-1
160	160	-1
161	161	-3
162	162	1
163	163	1
164	164	-3
165	165	-1
166	166	-1
167	167	-3
168	168	-1
169	169	-2
170	170	2
171	171	-2
172	172	-2
173	173	-2
174	174	2
175	175	2
176	176	2
177	177	-2
178	178	2
179	179	2
180	180	2
181	181	-2
182	182	2
183	183	2
184	184	2
185	185	-2
186	186	2
187	187	2
188	188	2
189	189	2
190	190	-2
191	191	-2
192	192	2
193	193	-2
194	194	2
195	195	-2
196	196	2
197	197	-2
198	198	2
199	199	-2
200	200	2
201	201	-2
202	202	-2
203	203	2
204	204	-2
205	205	2
206	206	2
207	207	2
208	208	-2
209	209	2
210	210	-2
211	211	-2
212	212	2
213	213	-2
214	214	-2
215	215	2
216	216	2
217	217	2
218	218	-2
219	219	2
220	220	2
221	221	2
222	222	-2
223	223	-2
224	224	-2
225	225	2
226	226	-2
227	227	2
228	228	2
229	229	-2
230	230	-2
231	231	-2
232	232	2
233	233	2
234	234	-2
235	235	2
236	236	2
237	237	-2
238	238	-2
239	239	-2
240	240	-2
241	241	-2
242	242	-2
243	243	-2
244	244	2
245	245	-2
246	246	2
247	247	2
248	248	-2
249	249	-2
250	250	2
251	251	-2
252	252	2
253	253	2
254	254	2
255	255	-2
256	256	-2
257	257	2
258	258	-2
259	259	2
260	260	2
261	261	-2
262	262	2
263	263	-2
264	264	-2
265	265	-2
266	266	2
267	267	-2
268	268	-2
269	269	2
270	270	-2
271	271	-2
272	272	-2
273	273	-2
274	274	-2
275	275	-2
276	276	2
277	277	2
278	278	2
279	279	-2
280	280	-2
281	281	2
282	282	2
283	283	-2
284	284	2
285	285	-2
286	286	2
287	287	2
288	288	-2
289	289	-2
290	290	2
291	291	-2
292	292	2
293	293	2
294	294	2
295	295	-2
296	296	2
297	297	2
298	298	2
299	299	2
300	300	2
301	301	-2
302	302	-2
303	303	2
304	304	2
305	305	-2
306	306	-2
307	307	2
308	308	-2
309	309	-2
310	310	2
311	311	2
312	312	2
313	313	-2
314	314	2
315	315	2
316	316	-2
317	317	2
318	318	-2
319	319	2
320	320	-2
321	321	2
322	322	-2
323	323	2
324	324	2
325	325	-2
326	326	2
327	327	-2
328	328	2
329	329	2
330	330	-2
331	331	2
332	332	2
333	333	2
334	334	2
335	335	2
336	336	2
1	10	1
1	12	1
1	35	1
1	55	1
1	128	1
1	156	1
1	174	-2
1	241	-2
1	280	2
2	15	1
2	25	1
2	39	1
2	46	1
2	131	1
2	162	1
2	204	2
2	235	2
2	331	2
3	44	1
3	73	1
3	106	1
3	132	1
3	155	1
3	160	1
3	202	-2
3	223	2
3	226	2
4	31	1
4	34	1
4	85	1
4	102	1
4	114	1
4	119	1
4	197	-2
4	300	2
4	306	2
5	48	1
5	62	1
5	72	1
5	81	1
5	91	2
5	199	2
5	218	2
5	322	2
6	9	1
6	47	1
6	55	1
6	69	1
6	83	1
6	108	1
6	172	2
6	196	-2
6	298	2
7	56	1
7	63	1
7	82	1
7	104	1
7	106	1
7	136	1
7	181	2
7	190	2
7	233	-2
8	13	1
8	69	1
8	95	1
8	131	1
8	166	1
8	167	1
8	231	2
8	240	2
8	277	2
9	11	1
9	19	1
9	42	1
9	55	1
9	79	1
9	172	2
9	272	-2
9	291	-2
10	55	1
10	66	1
10	85	1
10	93	1
10	113	1
10	170	2
10	241	-2
10	303	-2
11	19	1
11	24	1
11	25	1
11	68	1
11	164	1
11	189	-2
11	272	-2
11	273	-2
12	47	1
12	60	1
12	117	1
12	128	1
12	133	1
12	173	2
12	174	-2
12	249	-2
13	20	1
13	62	1
13	69	1
13	120	1
13	168	1
13	198	-2
13	277	2
13	282	-2
14	71	1
14	75	1
14	82	1
14	108	1
14	152	1
14	157	1
14	208	-2
14	237	2
14	263	2
15	46	1
15	60	1
15	76	1
15	100	1
15	116	1
15	212	2
15	235	2
15	316	2
16	28	1
16	41	1
16	56	1
16	65	1
16	153	2
16	215	-2
16	221	-2
16	301	2
17	18	1
17	34	1
17	47	1
17	59	1
17	159	1
17	163	1
17	209	-2
17	227	2
17	259	-2
18	41	1
18	45	1
18	63	1
18	76	1
18	163	1
18	188	-2
18	209	-2
18	220	-2
19	23	1
19	35	1
19	89	1
19	166	1
19	244	-2
19	247	2
19	272	-2
20	42	1
20	71	1
20	94	1
20	120	1
20	128	1
20	183	-2
20	205	-2
20	282	-2
21	41	1
21	90	1
21	92	1
21	111	1
21	141	1
21	160	1
21	234	2
21	262	2
21	309	2
22	49	1
22	104	1
22	136	1
22	155	1
22	159	1
22	161	1
22	175	-2
22	278	-2
22	335	-2
23	53	1
23	54	1
23	61	1
23	84	1
23	166	1
23	244	-2
23	246	-2
23	289	2
24	29	1
24	60	1
24	68	1
24	99	1
24	126	1
24	186	-2
24	228	-2
24	273	-2
25	114	1
25	131	1
25	150	1
25	164	1
25	189	-2
25	217	2
25	331	2
26	74	1
26	86	1
26	101	1
26	111	1
26	143	1
26	144	1
26	185	2
26	258	2
26	283	2
27	59	1
27	102	1
27	117	1
27	137	1
27	157	1
27	168	1
27	261	-2
27	276	-2
27	304	-2
28	49	1
28	53	1
28	65	1
28	98	1
28	125	1
28	301	2
28	313	2
28	315	-2
29	40	1
29	60	1
29	68	1
29	79	1
29	123	1
29	171	2
29	186	-2
29	307	-2
30	84	1
30	105	1
30	110	1
30	124	1
30	134	1
30	140	1
30	195	-2
30	252	-2
30	317	2
31	32	1
31	62	1
31	87	1
31	102	1
31	105	1
31	302	-2
31	306	2
31	320	2
32	50	1
32	62	1
32	75	1
32	125	1
32	134	1
32	194	2
32	225	-2
32	302	-2
33	37	1
33	44	1
33	79	1
33	100	1
33	103	1
33	114	1
33	191	-2
33	236	2
33	308	-2
34	59	1
34	66	1
34	119	1
34	122	1
34	192	-2
34	259	-2
34	300	2
35	89	1
35	93	1
35	95	1
35	156	1
35	187	2
35	247	2
35	280	2
36	46	1
36	61	1
36	84	1
36	97	1
36	122	1
36	161	1
36	255	2
36	257	-2
36	290	2
37	80	1
37	100	1
37	110	1
37	131	1
37	149	1
37	191	-2
37	254	2
37	284	-2
38	45	1
38	73	1
38	78	1
38	130	1
38	143	1
38	165	1
38	169	-2
38	279	2
38	285	2
39	123	1
39	139	1
39	151	1
39	161	1
39	162	1
39	204	2
39	256	2
39	292	-2
40	68	1
40	94	1
40	109	1
40	118	1
40	126	1
40	171	2
40	222	2
40	238	2
41	76	1
41	153	1
41	160	1
41	188	-2
41	215	-2
41	262	2
42	48	1
42	71	1
42	79	1
42	132	1
42	183	-2
42	291	-2
42	329	-2
43	59	1
43	68	1
43	116	1
43	119	1
43	139	1
43	140	1
43	201	-2
43	207	-2
43	214	2
44	67	1
44	70	1
44	73	1
44	114	1
44	177	2
44	223	2
44	308	-2
45	63	1
45	107	1
45	143	1
45	148	1
45	220	-2
45	285	2
45	305	2
46	90	1
46	122	1
46	146	1
46	235	2
46	269	-2
46	290	2
47	60	1
47	83	1
47	159	1
47	196	-2
47	227	2
47	249	-2
48	72	1
48	88	1
48	132	1
48	162	1
48	213	-2
48	218	2
48	329	-2
49	53	1
49	64	1
49	87	1
49	136	1
49	175	-2
49	265	-2
49	313	2
50	71	1
50	107	1
50	125	1
50	147	1
50	151	1
50	225	-2
50	230	-2
50	319	-2
51	65	1
51	103	1
51	108	1
51	138	1
51	141	1
51	147	1
51	271	-2
51	312	2
51	324	-2
52	78	1
52	113	1
52	127	1
52	132	1
52	158	1
52	167	1
52	184	-2
52	200	-2
52	251	2
53	61	1
53	109	1
53	118	1
53	239	-2
53	289	2
53	313	2
54	81	1
54	84	1
54	102	1
54	159	1
54	166	1
54	246	-2
54	268	2
54	294	2
55	124	1
55	142	1
55	172	2
55	241	-2
55	296	2
56	106	1
56	130	1
56	145	1
56	153	1
56	180	2
56	221	-2
56	233	-2
57	72	1
57	75	1
57	101	1
57	112	1
57	117	1
57	152	1
57	274	2
57	295	-2
57	336	-2
58	72	1
58	73	1
58	77	1
58	89	1
58	111	1
58	129	1
58	232	2
58	270	-2
58	330	-2
59	140	1
59	157	1
59	214	2
59	259	-2
59	276	-2
60	116	1
60	186	-2
60	249	-2
60	316	2
61	97	1
61	119	1
61	122	1
61	224	-2
61	257	-2
61	289	2
62	91	1
62	168	1
62	198	-2
62	302	-2
62	322	2
63	110	1
63	120	1
63	136	1
63	181	2
63	211	2
63	220	-2
64	87	1
64	91	1
64	99	1
64	118	1
64	164	1
64	216	-2
64	265	-2
64	299	-2
65	104	1
65	116	1
65	147	1
65	248	-2
65	271	-2
65	301	2
66	77	1
66	93	1
66	122	1
66	136	1
66	192	-2
66	303	-2
66	325	-2
67	70	1
67	74	1
67	106	1
67	129	1
67	135	1
67	177	2
67	219	-2
67	243	2
68	139	1
68	171	2
68	207	-2
68	273	-2
69	108	1
69	137	1
69	168	1
69	178	2
69	277	2
69	298	2
70	88	1
70	149	1
70	150	1
70	154	1
70	177	2
70	245	-2
70	264	-2
71	107	1
71	157	1
71	183	-2
71	208	-2
71	230	-2
72	111	1
72	117	1
72	218	2
72	270	-2
72	295	-2
73	77	1
73	130	1
73	169	-2
73	223	2
73	330	-2
74	85	1
74	97	1
74	135	1
74	143	1
74	185	2
74	243	2
74	334	2
75	112	1
75	134	1
75	152	1
75	194	2
75	263	2
75	274	2
76	97	1
76	100	1
76	158	1
76	188	-2
76	212	2
76	260	-2
77	127	1
77	135	1
77	136	1
77	206	-2
77	325	-2
77	330	-2
78	92	1
78	113	1
78	127	1
78	165	1
78	200	-2
78	210	2
78	279	2
79	103	1
79	123	1
79	236	2
79	291	-2
79	307	-2
80	88	1
80	92	1
80	121	1
80	131	1
80	162	1
80	284	-2
80	286	2
80	321	2
81	86	1
81	91	1
81	128	1
81	159	1
81	199	2
81	229	2
81	268	2
82	104	1
82	108	1
82	137	1
82	148	1
82	190	2
82	193	-2
82	237	2
83	107	1
83	127	1
83	156	1
83	165	1
83	196	-2
83	281	-2
83	311	2
84	140	1
84	161	1
84	246	-2
84	255	2
84	317	2
85	97	1
85	113	1
85	114	1
85	170	2
85	197	-2
85	334	2
86	96	1
86	101	1
86	128	1
86	156	1
86	229	2
86	258	2
86	287	-2
87	105	1
87	120	1
87	130	1
87	179	2
87	265	-2
87	320	2
88	121	1
88	149	1
88	162	1
88	213	-2
88	264	-2
88	321	2
89	95	1
89	129	1
89	146	1
89	232	2
89	247	2
89	328	2
90	92	1
90	93	1
90	135	1
90	146	1
90	253	2
90	269	-2
90	309	2
91	164	1
91	199	2
91	299	-2
91	322	2
92	113	1
92	162	1
92	210	2
92	286	2
92	309	2
93	95	1
93	135	1
93	187	2
93	253	2
93	303	-2
94	109	1
94	118	1
94	128	1
94	152	1
94	205	-2
94	222	2
94	242	2
95	131	1
95	146	1
95	187	2
95	231	2
95	328	2
96	98	1
96	133	1
96	141	1
96	144	1
96	156	1
96	287	-2
96	288	-2
96	326	-2
97	158	1
97	257	-2
97	260	-2
97	334	2
98	101	1
98	125	1
98	133	1
98	151	1
98	203	-2
98	288	-2
98	315	-2
99	112	1
99	118	1
99	126	1
99	145	1
99	216	-2
99	228	-2
99	266	-2
100	146	1
100	149	1
100	191	-2
100	212	2
100	310	-2
101	151	1
101	152	1
101	203	-2
101	258	2
101	336	-2
102	137	1
102	166	1
102	261	-2
102	294	2
102	306	2
103	133	1
103	138	1
103	155	1
103	236	2
103	324	-2
103	332	-2
104	116	1
104	161	1
104	190	2
104	248	-2
104	335	-2
105	115	1
105	124	1
105	142	1
105	176	2
105	252	-2
105	320	2
106	129	1
106	132	1
106	202	-2
106	219	-2
106	233	-2
107	127	1
107	148	1
107	230	-2
107	281	-2
107	305	2
108	141	1
108	237	2
108	298	2
108	312	2
109	118	1
109	126	1
109	152	1
109	238	2
109	239	-2
109	242	2
110	120	1
110	134	1
110	149	1
110	195	-2
110	211	2
110	254	2
111	141	1
111	144	1
111	234	2
111	270	-2
111	283	2
112	126	1
112	145	1
112	148	1
112	266	-2
112	274	2
112	323	2
113	167	1
113	170	2
113	184	-2
113	210	2
114	150	1
114	197	-2
114	217	2
114	308	-2
115	124	1
115	140	1
115	142	1
115	164	1
115	165	1
115	176	2
115	250	-2
115	275	2
116	119	1
116	201	-2
116	248	-2
116	316	2
117	133	1
117	168	1
117	173	2
117	295	-2
117	304	-2
118	216	-2
118	222	2
118	239	-2
119	122	1
119	201	-2
119	224	-2
119	300	2
120	130	1
120	179	2
120	211	2
120	282	-2
121	138	2
121	154	1
121	160	1
121	293	-2
121	321	2
121	333	-2
122	192	-2
122	224	-2
122	290	2
123	139	1
123	145	1
123	158	1
123	256	2
123	267	-2
123	307	-2
124	142	1
124	164	1
124	250	-2
124	252	-2
124	296	2
125	143	1
125	163	1
125	182	2
125	225	-2
125	315	-2
126	148	1
126	228	-2
126	238	2
126	323	2
127	135	1
127	200	-2
127	206	-2
127	281	-2
128	174	-2
128	205	-2
128	229	2
129	154	1
129	167	1
129	219	-2
129	232	2
129	314	-2
130	145	1
130	169	-2
130	179	2
130	180	2
131	231	2
131	284	-2
131	331	2
132	158	1
132	202	-2
132	251	2
132	329	-2
133	155	1
133	173	2
133	288	-2
133	332	-2
134	139	1
134	150	1
134	194	2
134	195	-2
134	327	-2
135	206	-2
135	243	2
135	253	2
136	175	-2
136	181	2
136	325	-2
137	148	1
137	168	1
137	178	2
137	193	-2
137	261	-2
138	154	1
138	160	1
138	293	-2
138	324	-2
138	333	-2
139	150	1
139	207	-2
139	256	2
139	327	-2
140	165	1
140	214	2
140	275	2
140	317	2
141	144	1
141	234	2
141	312	2
141	326	-2
142	144	1
142	163	1
142	176	2
142	296	2
142	318	-2
143	163	1
143	182	2
143	185	2
143	285	2
144	163	1
144	283	2
144	318	-2
144	326	-2
145	158	1
145	180	2
145	266	-2
145	267	-2
146	149	1
146	269	-2
146	310	-2
146	328	2
147	151	1
147	153	1
147	157	1
147	271	-2
147	297	2
147	319	-2
148	193	-2
148	305	2
148	323	2
149	254	2
149	264	-2
149	310	-2
150	154	1
150	217	2
150	245	-2
150	327	-2
151	161	1
151	203	-2
151	292	-2
151	319	-2
152	242	2
152	263	2
152	336	-2
153	157	1
153	215	-2
153	221	-2
153	297	2
154	167	1
154	245	-2
154	314	-2
154	333	-2
155	159	1
155	160	1
155	226	2
155	278	-2
155	332	-2
156	165	1
156	280	2
156	287	-2
156	311	2
157	208	-2
157	276	-2
157	297	2
158	251	2
158	260	-2
158	267	-2
159	227	2
159	268	2
159	278	-2
160	226	2
160	262	2
160	293	-2
161	255	2
161	292	-2
161	335	-2
162	204	2
162	213	-2
162	286	2
163	182	2
163	209	-2
163	318	-2
164	189	-2
164	250	-2
164	299	-2
165	275	2
165	279	2
165	311	2
166	167	1
166	240	2
166	244	-2
166	294	2
167	184	-2
167	240	2
167	314	-2
168	178	2
168	198	-2
168	304	-2
