1	1	-1
2	2	-3
3	3	1
4	4	1
5	5	1
6	6	-1
7	7	1
8	8	1
9	9	1
10	10	1
11	11	3
12	12	-1
13	13	3
14	14	1
15	15	-3
16	16	1
17	17	-1
18	18	1
19	19	-1
20	20	-1
21	21	-1
22	22	-1
23	23	1
24	24	1
25	25	1
26	26	-1
27	27	-1
28	28	1
29	29	1
30	30	1
31	31	1
32	32	-1
33	33	-1
34	34	1
35	35	-3
36	36	3
37	37	1
38	38	1
39	39	-1
40	40	1
41	41	-1
42	42	-1
43	43	-1
44	44	1
45	45	3
46	46	-1
47	47	-1
48	48	3
49	49	1
50	50	-3
51	51	-1
52	52	-1
53	53	-3
54	54	1
55	55	-1
56	56	-1
57	57	-1
58	58	-3
59	59	1
60	60	-1
61	61	1
62	62	-1
63	63	-1
64	64	3
65	65	-1
66	66	-3
67	67	-3
68	68	-1
69	69	-1
70	70	1
71	71	1
72	72	-1
73	73	-1
74	74	1
75	75	-1
76	76	-1
77	77	1
78	78	1
79	79	-3
80	80	-1
81	81	1
82	82	-1
83	83	-1
84	84	-1
85	85	-1
86	86	1
87	87	1
88	88	1
89	89	-1
90	90	-1
91	91	-1
92	92	-3
93	93	-3
94	94	1
95	95	-1
96	96	-1
97	97	-1
98	98	3
99	99	-1
100	100	-1
101	101	1
102	102	-1
103	103	-1
104	104	-3
105	105	-1
106	106	-3
107	107	-1
108	108	-1
109	109	1
110	110	-1
111	111	1
112	112	-1
113	113	-1
114	114	1
115	115	3
116	116	-3
117	117	-1
118	118	1
119	119	-1
120	120	-1
121	121	-1
122	122	-3
123	123	-1
124	124	-1
125	125	-1
126	126	1
127	127	-1
128	128	-3
129	129	3
130	130	-1
131	131	-1
132	132	-1
133	133	-1
134	134	-1
135	135	1
136	136	3
137	137	-1
138	138	-1
139	139	3
140	140	-1
141	141	1
142	142	1
143	143	-1
144	144	-1
145	145	1
146	146	-1
147	147	-3
148	148	-3
149	149	3
150	150	-1
151	151	-3
152	152	-1
153	153	1
154	154	3
155	155	-1
156	156	-1
157	157	1
158	158	1
159	159	-1
160	160	-1
161	161	1
162	162	-1
163	163	-1
164	164	-3
165	165	-3
166	166	-1
167	167	1
168	168	-3
169	169	1
170	170	-1
171	171	-3
172	172	-3
173	173	-1
174	174	-1
175	175	1
176	176	-3
177	177	-1
178	178	1
179	179	1
180	180	-1
181	181	-3
182	182	1
183	183	-3
184	184	-1
185	185	1
186	186	1
187	187	-3
188	188	1
189	189	-3
190	190	1
191	191	-1
192	192	-1
193	193	2
194	194	-2
195	195	-2
196	196	2
197	197	-2
198	198	-2
199	199	2
200	200	-2
201	201	-2
202	202	2
203	203	2
204	204	-2
205	205	-2
206	206	2
207	207	2
208	208	2
209	209	2
210	210	-2
211	211	-2
212	212	-2
213	213	-2
214	214	2
215	215	2
216	216	2
217	217	2
218	218	2
219	219	2
220	220	-2
221	221	-2
222	222	2
223	223	2
224	224	2
225	225	-2
226	226	-2
227	227	-2
228	228	-2
229	229	-2
230	230	-2
231	231	-2
232	232	2
233	233	-2
234	234	-2
235	235	-2
236	236	-2
237	237	-2
238	238	2
239	239	-2
240	240	2
241	241	2
242	242	2
243	243	-2
244	244	-2
245	245	-2
246	246	-2
247	247	2
248	248	2
249	249	-2
250	250	-2
251	251	-2
252	252	-2
253	253	2
254	254	2
255	255	-2
256	256	-2
257	257	2
258	258	-2
259	259	2
260	260	2
261	261	-2
262	262	2
263	263	-2
264	264	-2
265	265	2
266	266	-2
267	267	2
268	268	2
269	269	-2
270	270	-2
271	271	-2
272	272	-2
273	273	-2
274	274	-2
275	275	2
276	276	-2
277	277	-2
278	278	-2
279	279	2
280	280	-2
281	281	2
282	282	-2
283	283	-2
284	284	2
285	285	-2
286	286	-2
287	287	2
288	288	2
289	289	2
290	290	2
291	291	2
292	292	-2
293	293	-2
294	294	-2
295	295	2
296	296	2
297	297	2
298	298	-2
299	299	-2
300	300	2
301	301	2
302	302	-2
303	303	-2
304	304	2
305	305	2
306	306	2
307	307	-2
308	308	2
309	309	2
310	310	-2
311	311	-2
312	312	-2
313	313	2
314	314	-2
315	315	2
316	316	2
317	317	-2
318	318	2
319	319	2
320	320	-2
321	321	-2
322	322	-2
323	323	-2
324	324	2
325	325	-2
326	326	-2
327	327	2
328	328	-2
329	329	-2
330	330	-2
331	331	-2
332	332	-2
333	333	2
334	334	2
335	335	-2
336	336	2
337	337	-2
338	338	2
339	339	-2
340	340	-2
341	341	2
342	342	2
343	343	-2
344	344	2
345	345	2
346	346	-2
347	347	-2
348	348	-2
349	349	2
350	350	2
351	351	2
352	352	2
353	353	-2
354	354	2
355	355	-2
356	356	-2
357	357	2
358	358	2
359	359	2
360	360	-2
361	361	-2
362	362	2
363	363	2
364	364	-2
365	365	-2
366	366	2
367	367	2
368	368	-2
369	369	-2
370	370	2
371	371	2
372	372	-2
373	373	-2
374	374	2
375	375	-2
376	376	-2
377	377	-2
378	378	2
379	379	2
380	380	2
381	381	2
382	382	-2
383	383	-2
384	384	2
1	20	1
1	27	1
1	43	1
1	143	1
1	151	1
1	161	1
1	249	-2
1	281	-2
1	286	2
2	58	1
2	67	1
2	80	1
2	155	1
2	170	1
2	185	1
2	205	2
2	263	2
2	302	2
3	29	1
3	63	1
3	65	1
3	113	1
3	137	1
3	153	1
3	209	2
3	310	2
3	317	-2
4	63	1
4	64	1
4	97	1
4	154	1
4	156	1
4	181	1
4	237	-2
4	330	2
4	358	2
5	12	1
5	36	1
5	91	1
5	95	1
5	124	1
5	158	1
5	214	2
5	234	2
5	276	-2
6	45	1
6	73	1
6	85	1
6	102	1
6	130	1
6	177	1
6	232	2
6	323	2
6	326	2
7	36	1
7	75	1
7	101	1
7	115	1
7	126	1
7	131	1
7	283	-2
7	299	-2
7	315	-2
8	16	1
8	24	1
8	25	1
8	44	1
8	68	1
8	88	1
8	219	2
8	228	-2
8	258	2
9	39	1
9	47	1
9	108	1
9	111	1
9	132	1
9	156	1
9	218	-2
9	235	-2
9	364	-2
10	13	1
10	30	1
10	89	1
10	105	1
10	140	1
10	159	1
10	251	-2
10	322	-2
10	351	-2
11	25	1
11	26	1
11	54	1
11	99	1
11	109	1
11	112	1
11	229	-2
11	319	2
11	357	2
12	49	1
12	97	1
12	125	1
12	156	1
12	158	1
12	214	2
12	224	-2
12	362	-2
13	24	1
13	85	1
13	88	1
13	89	1
13	182	1
13	251	-2
13	300	2
13	318	2
14	103	1
14	125	1
14	136	1
14	141	1
14	150	1
14	187	1
14	378	2
14	381	-2
14	383	-2
15	31	1
15	74	1
15	92	1
15	128	1
15	140	1
15	145	1
15	227	2
15	236	2
15	256	2
16	25	1
16	44	1
16	93	1
16	123	1
16	146	1
16	219	2
16	259	2
16	290	-2
17	18	1
17	42	1
17	72	1
17	78	1
17	92	1
17	191	1
17	193	-2
17	241	2
17	298	2
18	42	1
18	87	1
18	94	1
18	98	1
18	175	1
18	298	2
18	307	-2
18	354	2
19	69	1
19	89	1
19	106	1
19	158	1
19	165	1
19	167	1
19	206	-2
19	277	-2
19	372	2
20	29	1
20	51	1
20	60	1
20	107	1
20	143	1
20	249	-2
20	291	-2
20	376	2
21	40	1
21	72	1
21	93	1
21	120	1
21	126	1
21	144	1
21	255	2
21	272	-2
21	331	2
22	31	1
22	41	1
22	62	1
22	80	1
22	186	1
22	189	1
22	293	2
22	341	2
22	375	2
23	47	1
23	68	1
23	110	1
23	120	1
23	150	1
23	165	1
23	212	-2
23	215	2
23	363	-2
24	35	1
24	88	2
24	134	1
24	228	-2
24	250	2
24	318	2
25	50	1
25	54	1
25	130	1
25	219	2
25	278	2
25	357	2
26	52	1
26	99	1
26	104	1
26	110	1
26	175	1
26	198	2
26	265	-2
26	319	2
27	87	1
27	116	1
27	118	1
27	161	1
27	180	1
27	195	2
27	231	-2
27	286	2
28	37	1
28	38	1
28	73	1
28	104	1
28	124	1
28	153	1
28	223	2
28	242	2
28	257	-2
29	76	1
29	107	1
29	113	1
29	175	1
29	209	2
29	334	2
29	376	2
30	62	1
30	83	1
30	136	1
30	140	1
30	152	1
30	216	2
30	327	2
30	351	-2
31	80	1
31	92	1
31	98	1
31	127	1
31	236	2
31	295	2
31	341	2
32	56	1
32	115	1
32	122	1
32	159	1
32	167	1
32	180	1
32	260	-2
32	282	-2
32	380	-2
33	49	1
33	76	1
33	82	1
33	114	1
33	182	1
33	184	1
33	230	2
33	340	2
33	343	-2
34	36	1
34	55	1
34	150	1
34	163	1
34	164	1
34	169	1
34	266	-2
34	270	-2
34	384	-2
35	53	1
35	134	1
35	148	1
35	168	1
35	178	1
35	196	-2
35	250	2
35	297	-2
36	91	1
36	131	1
36	169	1
36	270	-2
36	276	-2
36	299	-2
37	43	1
37	124	1
37	159	1
37	166	1
37	171	1
37	242	2
37	350	2
37	359	-2
38	73	1
38	90	1
38	105	1
38	145	1
38	179	1
38	207	2
38	210	2
38	223	2
39	43	1
39	58	1
39	91	1
39	100	1
39	156	1
39	246	2
39	279	-2
39	364	-2
40	80	1
40	120	1
40	170	1
40	176	1
40	190	1
40	233	-2
40	272	-2
40	342	-2
41	53	1
41	62	1
41	64	1
41	94	1
41	179	1
41	264	2
41	267	2
41	293	2
42	56	1
42	60	1
42	129	1
42	141	1
42	298	2
42	304	-2
42	366	2
43	91	1
43	151	1
43	166	1
43	279	-2
43	281	-2
43	350	2
44	57	1
44	68	1
44	81	1
44	123	1
44	217	2
44	258	2
44	259	2
45	71	1
45	102	1
45	155	1
45	161	1
45	173	1
45	220	-2
45	232	2
45	345	2
46	64	1
46	69	1
46	88	1
46	100	1
46	119	1
46	160	1
46	208	2
46	222	-2
46	312	2
47	68	1
47	108	1
47	132	1
47	169	1
47	212	-2
47	218	-2
47	303	2
48	117	1
48	138	1
48	142	1
48	177	1
48	188	1
48	190	1
48	221	-2
48	335	-2
48	365	-2
49	74	1
49	82	1
49	156	1
49	185	1
49	224	-2
49	284	2
49	343	-2
50	116	1
50	123	1
50	130	1
50	176	1
50	187	1
50	203	-2
50	225	2
50	278	2
51	60	1
51	77	1
51	107	1
51	148	1
51	188	1
51	285	2
51	289	2
51	291	-2
52	59	1
52	66	1
52	95	1
52	133	1
52	175	1
52	265	-2
52	316	2
52	371	-2
53	94	1
53	148	1
53	164	1
53	192	1
53	194	2
53	196	-2
53	264	2
54	72	1
54	121	1
54	161	1
54	173	1
54	338	2
54	357	2
54	361	2
55	84	1
55	92	1
55	147	1
55	163	1
55	183	1
55	202	-2
55	266	-2
55	382	2
56	77	1
56	115	1
56	119	1
56	141	1
56	282	-2
56	304	-2
56	325	2
57	62	1
57	79	1
57	81	1
57	152	1
57	177	1
57	217	2
57	305	-2
57	309	-2
58	82	1
58	100	1
58	185	1
58	189	1
58	205	2
58	246	2
58	347	2
59	61	1
59	96	1
59	133	1
59	151	1
59	167	1
59	316	2
59	367	2
59	369	2
60	65	1
60	129	1
60	173	1
60	291	-2
60	352	-2
60	366	2
61	70	1
61	81	1
61	146	1
61	151	1
61	153	1
61	211	-2
61	328	-2
61	369	2
62	79	1
62	83	1
62	216	2
62	293	2
62	305	-2
63	85	1
63	97	1
63	137	1
63	176	1
63	310	2
63	329	2
63	358	2
64	100	1
64	154	1
64	179	1
64	208	2
64	237	-2
64	267	2
65	153	1
65	173	1
65	184	1
65	187	1
65	271	2
65	317	-2
65	352	-2
66	69	1
66	81	1
66	95	1
66	106	1
66	191	1
66	248	-2
66	320	2
66	371	-2
67	80	1
67	82	1
67	143	2
67	151	1
67	288	-2
67	302	2
67	370	-2
68	124	1
68	135	1
68	212	-2
68	258	2
68	268	-2
69	81	1
69	119	1
69	167	1
69	248	-2
69	277	-2
69	312	2
70	81	1
70	97	1
70	139	1
70	144	1
70	183	1
70	211	-2
70	294	-2
70	379	-2
71	101	1
71	127	1
71	160	1
71	161	1
71	163	1
71	345	2
71	349	2
71	373	2
72	78	1
72	126	1
72	173	1
72	241	2
72	255	2
72	361	2
73	85	1
73	146	1
73	163	1
73	223	2
73	274	2
73	323	2
74	77	1
74	118	1
74	140	1
74	185	1
74	227	2
74	243	-2
74	284	2
75	101	1
75	123	1
75	137	1
75	180	1
75	186	1
75	306	2
75	315	-2
75	344	-2
76	114	1
76	122	1
76	168	1
76	175	1
76	332	2
76	334	2
76	340	2
77	118	1
77	119	1
77	188	1
77	243	-2
77	289	2
77	325	2
78	157	1
78	162	1
78	183	1
78	185	1
78	241	2
78	311	2
78	368	-2
79	86	1
79	122	1
79	131	1
79	165	1
79	239	2
79	261	2
79	305	-2
80	176	1
80	302	2
80	341	2
80	342	-2
81	211	-2
81	217	2
81	248	-2
82	143	1
82	189	1
82	288	-2
82	343	-2
82	347	2
83	96	1
83	120	1
83	128	1
83	147	1
83	216	2
83	240	-2
83	353	2
84	100	1
84	101	1
84	108	1
84	147	1
84	178	1
84	245	2
84	336	2
84	382	2
85	176	1
85	182	1
85	300	2
85	323	2
85	329	2
86	129	1
86	149	1
86	165	1
86	179	1
86	184	1
86	254	2
86	261	2
86	313	2
87	89	1
87	98	1
87	102	1
87	180	1
87	231	-2
87	348	2
87	354	2
88	160	1
88	222	-2
88	228	-2
88	318	2
89	102	1
89	165	1
89	251	-2
89	348	2
89	372	2
90	110	1
90	121	1
90	133	1
90	145	1
90	155	1
90	207	2
90	275	-2
90	280	2
91	113	1
91	131	1
91	276	-2
91	279	-2
91	360	2
92	183	1
92	191	1
92	193	-2
92	202	-2
92	236	2
93	103	1
93	144	1
93	146	1
93	172	1
93	290	-2
93	331	2
93	337	2
94	135	1
94	175	1
94	191	1
94	252	-2
94	264	2
94	307	-2
95	124	1
95	130	1
95	192	1
95	234	2
95	301	2
95	371	-2
96	106	1
96	128	1
96	147	1
96	167	1
96	269	2
96	353	2
96	367	2
97	125	1
97	183	1
97	358	2
97	362	-2
97	379	-2
98	107	1
98	127	1
98	135	1
98	295	2
98	308	2
98	354	2
99	117	1
99	174	1
99	181	1
99	188	1
99	238	-2
99	314	2
99	319	2
100	108	1
100	208	2
100	245	2
100	246	2
101	160	1
101	178	1
101	315	-2
101	336	2
101	349	2
102	103	1
102	112	1
102	201	2
102	232	2
102	348	2
103	112	1
103	136	1
103	172	1
103	201	2
103	337	2
103	378	2
104	109	1
104	110	1
104	148	1
104	153	1
104	197	2
104	198	2
104	257	-2
105	112	1
105	121	1
105	159	1
105	179	1
105	204	2
105	210	2
105	322	-2
106	147	1
106	158	1
106	191	1
106	206	-2
106	269	2
106	320	2
107	135	1
107	148	1
107	285	2
107	308	2
107	376	2
108	111	1
108	169	1
108	235	-2
108	245	2
108	303	2
109	111	1
109	112	1
109	148	1
109	186	1
109	197	2
109	229	-2
109	273	-2
110	133	1
110	150	1
110	198	2
110	215	2
110	275	-2
111	117	1
111	144	1
111	186	1
111	199	-2
111	235	-2
111	273	-2
112	121	1
112	201	2
112	204	2
112	229	-2
113	131	1
113	132	1
113	134	1
113	209	2
113	287	-2
113	360	2
114	126	1
114	140	1
114	149	1
114	154	1
114	262	2
114	292	-2
114	340	2
115	126	1
115	145	1
115	154	1
115	282	-2
115	283	-2
115	321	-2
116	118	1
116	123	1
116	172	1
116	189	1
116	195	2
116	203	-2
116	356	2
117	142	1
117	144	1
117	174	1
117	199	-2
117	238	-2
117	365	-2
118	132	1
118	158	1
118	195	2
118	243	-2
118	346	-2
119	139	1
119	174	1
119	213	-2
119	312	2
119	325	2
120	147	1
120	165	1
120	240	-2
120	272	-2
120	363	-2
121	155	1
121	161	1
121	204	2
121	280	2
121	338	2
122	131	1
122	159	1
122	168	1
122	239	2
122	260	-2
122	332	2
123	180	1
123	203	-2
123	259	2
123	344	-2
124	135	1
124	234	2
124	242	2
124	268	-2
125	127	1
125	138	1
125	141	1
125	362	-2
125	374	-2
125	383	-2
126	154	1
126	255	2
126	283	-2
126	292	-2
127	138	1
127	163	1
127	295	2
127	373	2
127	374	-2
128	133	1
128	145	1
128	166	1
128	253	-2
128	256	2
128	353	2
129	141	1
129	178	1
129	179	1
129	247	2
129	254	2
129	366	2
130	177	1
130	192	1
130	278	2
130	301	2
130	326	2
131	239	2
131	299	-2
131	360	2
132	134	1
132	158	1
132	218	-2
132	287	-2
132	346	-2
133	166	1
133	253	-2
133	275	-2
133	316	2
134	139	1
134	169	1
134	200	-2
134	250	2
134	287	-2
135	191	1
135	252	-2
135	268	-2
135	308	2
136	149	1
136	152	1
136	182	1
136	327	2
136	377	-2
136	378	2
137	164	1
137	168	1
137	186	1
137	244	2
137	306	2
137	310	2
138	157	1
138	188	1
138	192	1
138	221	-2
138	296	-2
138	374	-2
139	144	1
139	169	1
139	174	1
139	200	-2
139	213	-2
139	294	-2
140	149	1
140	227	2
140	262	2
140	351	-2
141	178	1
141	247	2
141	304	-2
141	383	-2
142	152	1
142	157	1
142	162	1
142	172	1
142	324	-2
142	339	-2
142	365	-2
143	151	1
143	249	-2
143	288	-2
143	370	-2
144	199	-2
144	294	-2
144	331	2
145	154	1
145	207	2
145	256	2
145	321	-2
146	153	1
146	163	1
146	274	2
146	290	-2
146	328	-2
147	240	-2
147	269	2
147	382	2
148	196	-2
148	197	2
148	285	2
149	182	1
149	184	1
149	262	2
149	313	2
149	377	-2
150	164	1
150	187	1
150	215	2
150	381	-2
150	384	-2
151	281	-2
151	369	2
151	370	-2
152	172	1
152	177	1
152	309	-2
152	324	-2
152	327	2
153	257	-2
153	317	-2
153	328	-2
154	237	-2
154	292	-2
154	321	-2
155	170	1
155	173	1
155	220	-2
155	263	2
155	280	2
156	181	1
156	224	-2
156	330	2
156	364	-2
157	162	1
157	185	1
157	192	1
157	296	-2
157	339	-2
157	368	-2
158	206	-2
158	214	2
158	346	-2
159	171	1
159	260	-2
159	322	-2
159	359	-2
160	170	1
160	171	1
160	222	-2
160	226	2
160	349	2
161	286	2
161	338	2
161	345	2
162	171	1
162	181	1
162	183	1
162	311	2
162	339	-2
162	355	2
163	266	-2
163	274	2
163	373	2
164	168	1
164	192	1
164	194	2
164	244	2
164	384	-2
165	261	2
165	363	-2
165	372	2
166	174	1
166	190	1
166	253	-2
166	333	-2
166	350	2
167	180	1
167	277	-2
167	367	2
167	380	-2
168	178	1
168	244	2
168	297	-2
168	332	2
169	200	-2
169	270	-2
169	303	2
170	171	1
170	190	1
170	226	2
170	233	-2
170	263	2
171	181	1
171	226	2
171	355	2
171	359	-2
172	189	1
172	324	-2
172	337	2
172	356	2
173	220	-2
173	352	-2
173	361	2
174	190	1
174	213	-2
174	238	-2
174	333	-2
175	265	-2
175	307	-2
175	334	2
176	187	1
176	225	2
176	329	2
176	342	-2
177	190	1
177	309	-2
177	326	2
177	335	-2
178	247	2
178	297	-2
178	336	2
179	210	2
179	254	2
179	267	2
180	231	-2
180	344	-2
180	380	-2
181	188	1
181	314	2
181	330	2
181	355	2
182	184	1
182	230	2
182	300	2
182	377	-2
183	202	-2
183	311	2
183	379	-2
184	187	1
184	230	2
184	271	2
184	313	2
185	205	2
185	284	2
185	368	-2
186	189	1
186	273	-2
186	306	2
186	375	2
187	225	2
187	271	2
187	381	-2
188	221	-2
188	289	2
188	314	2
189	347	2
189	356	2
189	375	2
190	233	-2
190	333	-2
190	335	-2
191	193	-2
191	252	-2
191	320	2
192	194	2
192	296	-2
192	301	2
