1	1	-1
2	2	3
3	3	3
4	4	-1
5	5	3
6	6	1
7	7	-3
8	8	1
9	9	1
10	10	1
11	11	1
12	12	-3
13	13	-1
14	14	-1
15	15	1
16	16	-3
17	17	1
18	18	-1
19	19	-3
20	20	-3
21	21	-1
22	22	3
23	23	1
24	24	3
25	25	1
26	26	-1
27	27	1
28	28	1
29	29	-1
30	30	1
31	31	-1
32	32	-1
33	33	1
34	34	3
35	35	1
36	36	-1
37	37	-3
38	38	-1
39	39	1
40	40	-1
41	41	1
42	42	1
43	43	-1
44	44	-1
45	45	-1
46	46	-1
47	47	-1
48	48	1
49	49	-1
50	50	1
51	51	1
52	52	3
53	53	1
54	54	-1
55	55	1
56	56	3
57	57	1
58	58	-1
59	59	-1
60	60	-1
61	61	-1
62	62	-3
63	63	-1
64	64	3
65	65	1
66	66	-1
67	67	1
68	68	3
69	69	-1
70	70	3
71	71	3
72	72	-1
73	73	1
74	74	-1
75	75	1
76	76	-3
77	77	-3
78	78	-3
79	79	-3
80	80	-3
81	81	1
82	82	-1
83	83	-1
84	84	1
85	85	1
86	86	1
87	87	-1
88	88	1
89	89	3
90	90	-1
91	91	1
92	92	1
93	93	1
94	94	3
95	95	-3
96	96	3
97	97	3
98	98	-1
99	99	1
100	100	1
101	101	1
102	102	1
103	103	-1
104	104	1
105	105	1
106	106	-1
107	107	3
108	108	1
109	109	-1
110	110	-1
111	111	-1
112	112	-3
113	113	-1
114	114	1
115	115	-1
116	116	-1
117	117	1
118	118	-1
119	119	-1
120	120	1
121	121	3
122	122	1
123	123	-1
124	124	-3
125	125	1
126	126	1
127	127	-1
128	128	-3
129	129	1
130	130	1
131	131	-3
132	132	-3
133	133	-3
134	134	-1
135	135	1
136	136	1
137	137	3
138	138	3
139	139	1
140	140	-1
141	141	-1
142	142	-3
143	143	1
144	144	3
145	145	-1
146	146	-1
147	147	1
148	148	-1
149	149	-3
150	150	-1
151	151	1
152	152	-1
153	153	-1
154	154	-3
155	155	1
156	156	-1
157	157	3
158	158	-1
159	159	3
160	160	-3
161	161	1
162	162	3
163	163	-1
164	164	3
165	165	1
166	166	1
167	167	1
168	168	-3
169	169	-3
170	170	-3
171	171	1
172	172	1
173	173	3
174	174	3
175	175	1
176	176	-1
177	177	1
178	178	1
179	179	1
180	180	-1
181	181	3
182	182	1
183	183	-1
184	184	1
185	185	-1
186	186	1
187	187	-1
188	188	1
189	189	3
190	190	-1
191	191	-1
192	192	-3
193	193	3
194	194	1
195	195	-1
196	196	1
197	197	1
198	198	-1
199	199	3
200	200	-1
201	201	-3
202	202	1
203	203	3
204	204	3
205	205	-1
206	206	3
207	207	-3
208	208	1
209	209	1
210	210	-1
211	211	1
212	212	3
213	213	-1
214	214	3
215	215	-3
216	216	-1
217	217	-1
218	218	3
219	219	-3
220	220	-1
221	221	3
222	222	-1
223	223	3
224	224	-1
225	225	-1
226	226	-1
227	227	1
228	228	-1
229	229	1
230	230	-1
231	231	-1
232	232	1
233	233	-1
234	234	-1
235	235	1
236	236	1
237	237	-1
238	238	-3
239	239	-3
240	240	-1
241	241	-1
242	242	1
243	243	-1
244	244	1
245	245	1
246	246	1
247	247	-1
248	248	1
249	249	-1
250	250	-3
251	251	3
252	252	1
253	253	1
254	254	-1
255	255	-1
256	256	1
257	257	3
258	258	-3
259	259	-1
260	260	-1
261	261	1
262	262	1
263	263	-1
264	264	3
265	265	1
266	266	3
267	267	1
268	268	1
269	269	-3
270	270	-1
271	271	3
272	272	-3
273	273	1
274	274	1
275	275	-3
276	276	-1
277	277	1
278	278	1
279	279	-3
280	280	-1
281	281	1
282	282	1
283	283	-1
284	284	-3
285	285	-1
286	286	-1
287	287	1
288	288	3
289	289	1
290	290	-1
291	291	-1
292	292	3
293	293	-1
294	294	-3
295	295	-1
296	296	3
297	297	3
298	298	1
299	299	-3
300	300	1
301	301	-1
302	302	-1
303	303	1
304	304	1
305	305	3
306	306	-3
307	307	1
308	308	1
309	309	1
310	310	-1
311	311	1
312	312	-1
313	313	1
314	314	1
315	315	1
316	316	1
317	317	-1
318	318	-3
319	319	-1
320	320	-1
321	321	3
322	322	1
323	323	-1
324	324	-3
325	325	1
326	326	1
327	327	-1
328	328	3
329	329	1
330	330	-1
331	331	1
332	332	-1
333	333	1
334	334	-3
335	335	-1
336	336	1
337	337	-3
338	338	-3
339	339	-1
340	340	-1
341	341	-3
342	342	3
343	343	1
344	344	-1
345	345	1
346	346	1
347	347	1
348	348	1
349	349	3
350	350	-3
351	351	1
352	352	-3
353	353	-1
354	354	3
355	355	-1
356	356	-3
357	357	-1
358	358	-3
359	359	1
360	360	-1
361	361	-3
362	362	1
363	363	1
364	364	-3
365	365	1
366	366	1
367	367	1
368	368	1
369	369	-3
370	370	-1
371	371	1
372	372	-1
373	373	-3
374	374	1
375	375	-1
376	376	1
377	377	-1
378	378	3
379	379	-1
380	380	1
381	381	1
382	382	-1
383	383	3
384	384	-1
385	385	-1
386	386	1
387	387	-1
388	388	3
389	389	-1
390	390	1
391	391	1
392	392	1
393	393	1
394	394	-1
395	395	3
396	396	-1
397	397	-1
398	398	-1
399	399	-3
400	400	-1
401	401	-3
402	402	-1
403	403	-3
404	404	1
405	405	1
406	406	-1
407	407	1
408	408	-1
409	409	-1
410	410	-1
411	411	1
412	412	-1
413	413	1
414	414	-1
415	415	-1
416	416	3
417	417	-1
418	418	-1
419	419	1
420	420	1
421	421	1
422	422	-1
423	423	-3
424	424	-1
425	425	1
426	426	1
427	427	3
428	428	1
429	429	-1
430	430	1
431	431	3
432	432	3
433	433	-1
434	434	-1
435	435	1
436	436	-1
437	437	-3
438	438	-3
439	439	1
440	440	-1
441	441	1
442	442	1
443	443	1
444	444	-1
445	445	3
446	446	-1
447	447	3
448	448	1
449	449	3
450	450	-1
451	451	-3
452	452	1
453	453	1
454	454	-3
455	455	-1
456	456	1
457	457	-3
458	458	-1
459	459	-1
460	460	1
461	461	-1
462	462	-3
463	463	-1
464	464	1
465	465	1
466	466	-1
467	467	-1
468	468	-3
469	469	-3
470	470	1
471	471	1
472	472	1
473	473	1
474	474	-1
475	475	-1
476	476	3
477	477	-1
478	478	-1
479	479	1
480	480	-1
481	481	-1
482	482	3
483	483	1
484	484	-1
485	485	1
486	486	1
487	487	-3
488	488	-1
489	489	3
490	490	1
491	491	1
492	492	-1
493	493	-3
494	494	3
495	495	3
496	496	-1
497	497	3
498	498	1
499	499	-1
500	500	-1
501	501	1
502	502	-1
503	503	1
504	504	1
505	505	-1
506	506	-3
507	507	1
508	508	1
509	509	3
510	510	1
511	511	-3
512	512	1
513	513	1
514	514	-1
515	515	1
516	516	1
517	517	1
518	518	1
519	519	1
520	520	-1
521	521	-1
522	522	1
523	523	1
524	524	3
525	525	-1
526	526	-1
527	527	3
528	528	-1
529	529	-1
530	530	1
531	531	-1
532	532	1
533	533	1
534	534	-1
535	535	1
536	536	1
537	537	1
538	538	-3
539	539	-1
540	540	-1
541	541	3
542	542	1
543	543	-1
544	544	-1
545	545	-3
546	546	-3
547	547	3
548	548	-3
549	549	-1
550	550	-1
551	551	3
552	552	1
553	553	-1
554	554	3
555	555	1
556	556	-3
557	557	1
558	558	-3
559	559	-1
560	560	1
561	561	-1
562	562	1
563	563	-1
564	564	3
565	565	1
566	566	1
567	567	-3
568	568	-1
569	569	1
570	570	-1
571	571	-3
572	572	1
573	573	-1
574	574	1
575	575	1
576	576	-1
577	577	-3
578	578	-1
579	579	-3
580	580	-1
581	581	-3
582	582	1
583	583	1
584	584	1
585	585	-3
586	586	-3
587	587	1
588	588	-1
589	589	1
590	590	-1
591	591	1
592	592	-1
593	593	-1
594	594	-3
595	595	1
596	596	-1
597	597	3
598	598	1
599	599	-1
600	600	-3
601	601	-3
602	602	3
603	603	1
604	604	-1
605	605	-1
606	606	1
607	607	3
608	608	-1
609	609	1
610	610	1
611	611	1
612	612	-3
613	613	1
614	614	-3
615	615	1
616	616	-3
617	617	-1
618	618	-1
619	619	1
620	620	1
621	621	-1
622	622	-1
623	623	-1
624	624	1
625	625	1
626	626	3
627	627	-1
628	628	1
629	629	-1
630	630	1
631	631	3
632	632	1
633	633	1
634	634	-1
635	635	3
636	636	-3
637	637	1
638	638	-3
639	639	1
640	640	-3
641	641	-3
642	642	1
643	643	3
644	644	-1
645	645	1
646	646	-1
647	647	-1
648	648	-1
649	649	1
650	650	1
651	651	3
652	652	-3
653	653	-1
654	654	-1
655	655	-1
656	656	-3
657	657	1
658	658	1
659	659	3
660	660	-3
661	661	-1
662	662	-1
663	663	1
664	664	-1
665	665	1
666	666	-3
667	667	1
668	668	1
669	669	1
670	670	-1
671	671	3
672	672	1
673	673	-3
674	674	1
675	675	-1
676	676	-1
677	677	-1
678	678	1
679	679	1
680	680	-1
681	681	1
682	682	-1
683	683	-3
684	684	1
685	685	3
686	686	1
687	687	-3
688	688	-1
689	689	-1
690	690	1
691	691	1
692	692	-1
693	693	1
694	694	-1
695	695	3
696	696	-1
697	697	-1
698	698	1
699	699	-3
700	700	3
701	701	1
702	702	-1
703	703	-1
704	704	-1
705	705	-1
706	706	3
707	707	-1
708	708	1
709	709	1
710	710	-1
711	711	-1
712	712	3
713	713	-1
714	714	-3
715	715	-1
716	716	3
717	717	3
718	718	1
719	719	1
720	720	1
721	721	-1
722	722	1
723	723	-3
724	724	-3
725	725	-3
726	726	-1
727	727	-1
728	728	1
729	729	1
730	730	-3
731	731	1
732	732	-1
733	733	-1
734	734	-1
735	735	-3
736	736	3
737	737	1
738	738	1
739	739	3
740	740	-1
741	741	-1
742	742	-3
743	743	-1
744	744	1
745	745	-1
746	746	1
747	747	-1
748	748	-1
749	749	1
750	750	1
751	751	-3
752	752	-1
753	753	-1
754	754	1
755	755	3
756	756	1
757	757	-3
758	758	-1
759	759	-3
760	760	1
761	761	-1
762	762	1
763	763	-1
764	764	-1
765	765	1
766	766	-1
767	767	1
768	768	-1
769	769	3
770	770	-3
771	771	-1
772	772	1
773	773	-1
774	774	-1
775	775	-1
776	776	-1
777	777	-1
778	778	1
779	779	1
780	780	1
781	781	1
782	782	-1
783	783	3
784	784	1
785	785	-3
786	786	1
787	787	-3
788	788	-1
789	789	1
790	790	-1
791	791	1
792	792	-1
793	793	1
794	794	-1
795	795	-1
796	796	-3
797	797	-1
798	798	-1
799	799	-1
800	800	-3
801	801	3
802	802	1
803	803	-1
804	804	3
805	805	1
806	806	1
807	807	-1
808	808	-1
809	809	1
810	810	-3
811	811	3
812	812	-1
813	813	1
814	814	1
815	815	-3
816	816	3
817	817	-3
818	818	-1
819	819	-1
820	820	-1
821	821	-3
822	822	-3
823	823	3
824	824	3
825	825	-1
826	826	1
827	827	-1
828	828	3
829	829	-1
830	830	1
831	831	1
832	832	1
833	833	1
834	834	3
835	835	-1
836	836	-1
837	837	3
838	838	-1
839	839	1
840	840	1
841	841	-1
842	842	-1
843	843	-1
844	844	1
845	845	-3
846	846	3
847	847	-3
848	848	1
849	849	-1
850	850	1
851	851	1
852	852	3
853	853	3
854	854	-1
855	855	1
856	856	1
857	857	1
858	858	-3
859	859	1
860	860	1
861	861	-1
862	862	-1
863	863	1
864	864	-3
865	865	-1
866	866	1
867	867	-1
868	868	1
869	869	1
870	870	1
871	871	-1
872	872	1
873	873	-3
874	874	1
875	875	1
876	876	-3
877	877	3
878	878	-1
879	879	1
880	880	1
881	881	-1
882	882	1
883	883	1
884	884	1
885	885	1
886	886	1
887	887	-1
888	888	1
889	889	3
890	890	1
891	891	-1
892	892	3
893	893	-1
894	894	-1
895	895	-1
896	896	-1
897	897	1
898	898	-1
899	899	1
900	900	-1
901	901	3
902	902	-1
903	903	3
904	904	-1
905	905	1
906	906	3
907	907	-1
908	908	1
909	909	-3
910	910	-1
911	911	1
912	912	-1
913	913	-1
914	914	1
915	915	1
916	916	1
917	917	-1
918	918	1
919	919	1
920	920	-1
921	921	-1
922	922	1
923	923	3
924	924	1
925	925	-1
926	926	-1
927	927	-1
928	928	-1
929	929	1
930	930	-1
931	931	-3
932	932	-1
933	933	-1
934	934	3
935	935	1
936	936	-3
937	937	-1
938	938	-1
939	939	-3
940	940	-1
941	941	3
942	942	-1
943	943	1
944	944	-1
945	945	-1
946	946	1
947	947	1
948	948	1
949	949	-1
950	950	-1
951	951	-1
952	952	-1
953	953	1
954	954	-1
955	955	-1
956	956	1
957	957	1
958	958	-3
959	959	-1
960	960	-3
961	961	-1
962	962	-3
963	963	1
964	964	-1
965	965	-1
966	966	1
967	967	-1
968	968	-1
969	969	3
970	970	1
971	971	1
972	972	1
973	973	3
974	974	1
975	975	3
976	976	1
977	977	-1
978	978	1
979	979	-1
980	980	1
981	981	1
982	982	-1
983	983	1
984	984	-3
985	985	-1
986	986	-3
987	987	1
988	988	1
989	989	1
990	990	-1
991	991	1
992	992	1
993	993	3
994	994	-1
995	995	-1
996	996	3
997	997	1
998	998	1
999	999	1
1000	1000	1
1001	1001	-1
1002	1002	-1
1003	1003	3
1004	1004	1
1005	1005	-1
1006	1006	-3
1007	1007	-1
1008	1008	-1
1009	1009	1
1010	1010	1
1011	1011	-3
1012	1012	-1
1013	1013	-1
1014	1014	-1
1015	1015	1
1016	1016	1
1017	1017	1
1018	1018	3
1019	1019	-1
1020	1020	-1
1021	1021	-3
1022	1022	1
1023	1023	-1
1024	1024	1
1025	1025	2
1026	1026	2
1027	1027	-2
1028	1028	-2
1029	1029	2
1030	1030	-2
1031	1031	-2
1032	1032	2
1033	1033	-2
1034	1034	-2
1035	1035	-2
1036	1036	2
1037	1037	2
1038	1038	-2
1039	1039	2
1040	1040	2
1041	1041	2
1042	1042	-2
1043	1043	-2
1044	1044	2
1045	1045	-2
1046	1046	2
1047	1047	2
1048	1048	2
1049	1049	2
1050	1050	-2
1051	1051	-2
1052	1052	2
1053	1053	-2
1054	1054	2
1055	1055	2
1056	1056	2
1057	1057	2
1058	1058	2
1059	1059	-2
1060	1060	-2
1061	1061	-2
1062	1062	-2
1063	1063	-2
1064	1064	2
1065	1065	2
1066	1066	-2
1067	1067	-2
1068	1068	2
1069	1069	2
1070	1070	2
1071	1071	-2
1072	1072	2
1073	1073	2
1074	1074	-2
1075	1075	2
1076	1076	2
1077	1077	-2
1078	1078	-2
1079	1079	2
1080	1080	2
1081	1081	2
1082	1082	2
1083	1083	-2
1084	1084	-2
1085	1085	2
1086	1086	-2
1087	1087	-2
1088	1088	2
1089	1089	2
1090	1090	-2
1091	1091	2
1092	1092	2
1093	1093	-2
1094	1094	2
1095	1095	2
1096	1096	-2
1097	1097	-2
1098	1098	2
1099	1099	-2
1100	1100	-2
1101	1101	2
1102	1102	-2
1103	1103	2
1104	1104	-2
1105	1105	2
1106	1106	2
1107	1107	2
1108	1108	2
1109	1109	2
1110	1110	2
1111	1111	-2
1112	1112	-2
1113	1113	2
1114	1114	-2
1115	1115	-2
1116	1116	-2
1117	1117	-2
1118	1118	-2
1119	1119	-2
1120	1120	-2
1121	1121	-2
1122	1122	2
1123	1123	2
1124	1124	2
1125	1125	-2
1126	1126	2
1127	1127	2
1128	1128	-2
1129	1129	-2
1130	1130	2
1131	1131	-2
1132	1132	-2
1133	1133	-2
1134	1134	-2
1135	1135	-2
1136	1136	-2
1137	1137	2
1138	1138	2
1139	1139	2
1140	1140	2
1141	1141	-2
1142	1142	-2
1143	1143	-2
1144	1144	-2
1145	1145	-2
1146	1146	2
1147	1147	2
1148	1148	-2
1149	1149	2
1150	1150	-2
1151	1151	2
1152	1152	-2
1153	1153	2
1154	1154	-2
1155	1155	2
1156	1156	-2
1157	1157	2
1158	1158	2
1159	1159	-2
1160	1160	-2
1161	1161	2
1162	1162	2
1163	1163	2
1164	1164	-2
1165	1165	2
1166	1166	-2
1167	1167	2
1168	1168	-2
1169	1169	2
1170	1170	-2
1171	1171	-2
1172	1172	2
1173	1173	2
1174	1174	2
1175	1175	-2
1176	1176	-2
1177	1177	-2
1178	1178	2
1179	1179	2
1180	1180	-2
1181	1181	-2
1182	1182	-2
1183	1183	-2
1184	1184	-2
1185	1185	2
1186	1186	2
1187	1187	-2
1188	1188	2
1189	1189	-2
1190	1190	-2
1191	1191	2
1192	1192	-2
1193	1193	2
1194	1194	-2
1195	1195	-2
1196	1196	2
1197	1197	2
1198	1198	-2
1199	1199	-2
1200	1200	2
1201	1201	-2
1202	1202	2
1203	1203	2
1204	1204	2
1205	1205	2
1206	1206	2
1207	1207	2
1208	1208	-2
1209	1209	2
1210	1210	2
1211	1211	2
1212	1212	2
1213	1213	-2
1214	1214	2
1215	1215	-2
1216	1216	-2
1217	1217	-2
1218	1218	2
1219	1219	-2
1220	1220	-2
1221	1221	-2
1222	1222	2
1223	1223	-2
1224	1224	-2
1225	1225	2
1226	1226	2
1227	1227	-2
1228	1228	2
1229	1229	-2
1230	1230	-2
1231	1231	2
1232	1232	2
1233	1233	-2
1234	1234	2
1235	1235	2
1236	1236	-2
1237	1237	2
1238	1238	-2
1239	1239	-2
1240	1240	2
1241	1241	-2
1242	1242	-2
1243	1243	2
1244	1244	-2
1245	1245	-2
1246	1246	2
1247	1247	2
1248	1248	-2
1249	1249	2
1250	1250	2
1251	1251	2
1252	1252	-2
1253	1253	-2
1254	1254	-2
1255	1255	-2
1256	1256	2
1257	1257	2
1258	1258	-2
1259	1259	2
1260	1260	-2
1261	1261	-2
1262	1262	2
1263	1263	2
1264	1264	2
1265	1265	-2
1266	1266	2
1267	1267	2
1268	1268	2
1269	1269	-2
1270	1270	-2
1271	1271	2
1272	1272	2
1273	1273	2
1274	1274	2
1275	1275	-2
1276	1276	-2
1277	1277	2
1278	1278	-2
1279	1279	2
1280	1280	-2
1281	1281	2
1282	1282	-2
1283	1283	2
1284	1284	-2
1285	1285	2
1286	1286	2
1287	1287	2
1288	1288	-2
1289	1289	2
1290	1290	2
1291	1291	-2
1292	1292	2
1293	1293	-2
1294	1294	2
1295	1295	2
1296	1296	2
1297	1297	2
1298	1298	-2
1299	1299	-2
1300	1300	2
1301	1301	2
1302	1302	2
1303	1303	-2
1304	1304	2
1305	1305	-2
1306	1306	2
1307	1307	-2
1308	1308	-2
1309	1309	-2
1310	1310	-2
1311	1311	-2
1312	1312	2
1313	1313	-2
1314	1314	2
1315	1315	-2
1316	1316	-2
1317	1317	2
1318	1318	-2
1319	1319	-2
1320	1320	2
1321	1321	2
1322	1322	-2
1323	1323	-2
1324	1324	-2
1325	1325	2
1326	1326	-2
1327	1327	2
1328	1328	-2
1329	1329	2
1330	1330	-2
1331	1331	-2
1332	1332	2
1333	1333	2
1334	1334	2
1335	1335	-2
1336	1336	2
1337	1337	2
1338	1338	-2
1339	1339	2
1340	1340	2
1341	1341	2
1342	1342	2
1343	1343	-2
1344	1344	-2
1345	1345	-2
1346	1346	-2
1347	1347	2
1348	1348	-2
1349	1349	-2
1350	1350	-2
1351	1351	2
1352	1352	-2
1353	1353	-2
1354	1354	-2
1355	1355	-2
1356	1356	2
1357	1357	-2
1358	1358	2
1359	1359	-2
1360	1360	-2
1361	1361	-2
1362	1362	-2
1363	1363	-2
1364	1364	2
1365	1365	2
1366	1366	-2
1367	1367	-2
1368	1368	2
1369	1369	2
1370	1370	2
1371	1371	2
1372	1372	2
1373	1373	-2
1374	1374	-2
1375	1375	-2
1376	1376	2
1377	1377	-2
1378	1378	2
1379	1379	2
1380	1380	2
1381	1381	2
1382	1382	2
1383	1383	2
1384	1384	2
1385	1385	-2
1386	1386	2
1387	1387	2
1388	1388	2
1389	1389	2
1390	1390	-2
1391	1391	2
1392	1392	2
1393	1393	2
1394	1394	-2
1395	1395	2
1396	1396	2
1397	1397	2
1398	1398	-2
1399	1399	2
1400	1400	2
1401	1401	2
1402	1402	2
1403	1403	-2
1404	1404	-2
1405	1405	-2
1406	1406	-2
1407	1407	-2
1408	1408	2
1409	1409	2
1410	1410	2
1411	1411	-2
1412	1412	-2
1413	1413	-2
1414	1414	-2
1415	1415	-2
1416	1416	2
1417	1417	-2
1418	1418	2
1419	1419	2
1420	1420	2
1421	1421	-2
1422	1422	2
1423	1423	-2
1424	1424	-2
1425	1425	-2
1426	1426	-2
1427	1427	2
1428	1428	2
1429	1429	2
1430	1430	-2
1431	1431	2
1432	1432	2
1433	1433	2
1434	1434	-2
1435	1435	2
1436	1436	-2
1437	1437	2
1438	1438	-2
1439	1439	2
1440	1440	-2
1441	1441	-2
1442	1442	-2
1443	1443	2
1444	1444	-2
1445	1445	-2
1446	1446	2
1447	1447	-2
1448	1448	-2
1449	1449	-2
1450	1450	2
1451	1451	2
1452	1452	-2
1453	1453	-2
1454	1454	2
1455	1455	2
1456	1456	2
1457	1457	2
1458	1458	2
1459	1459	2
1460	1460	-2
1461	1461	-2
1462	1462	-2
1463	1463	-2
1464	1464	-2
1465	1465	2
1466	1466	-2
1467	1467	2
1468	1468	-2
1469	1469	2
1470	1470	-2
1471	1471	-2
1472	1472	2
1473	1473	-2
1474	1474	-2
1475	1475	-2
1476	1476	2
1477	1477	-2
1478	1478	2
1479	1479	2
1480	1480	-2
1481	1481	2
1482	1482	2
1483	1483	2
1484	1484	-2
1485	1485	-2
1486	1486	2
1487	1487	-2
1488	1488	-2
1489	1489	-2
1490	1490	2
1491	1491	2
1492	1492	-2
1493	1493	-2
1494	1494	2
1495	1495	-2
1496	1496	2
1497	1497	-2
1498	1498	-2
1499	1499	2
1500	1500	-2
1501	1501	-2
1502	1502	2
1503	1503	2
1504	1504	-2
1505	1505	2
1506	1506	-2
1507	1507	-2
1508	1508	2
1509	1509	-2
1510	1510	-2
1511	1511	2
1512	1512	-2
1513	1513	2
1514	1514	-2
1515	1515	-2
1516	1516	2
1517	1517	2
1518	1518	2
1519	1519	-2
1520	1520	-2
1521	1521	-2
1522	1522	-2
1523	1523	2
1524	1524	2
1525	1525	2
1526	1526	-2
1527	1527	2
1528	1528	-2
1529	1529	2
1530	1530	-2
1531	1531	-2
1532	1532	2
1533	1533	-2
1534	1534	2
1535	1535	-2
1536	1536	-2
1537	1537	2
1538	1538	2
1539	1539	-2
1540	1540	-2
1541	1541	2
1542	1542	2
1543	1543	-2
1544	1544	2
1545	1545	2
1546	1546	2
1547	1547	2
1548	1548	2
1549	1549	2
1550	1550	-2
1551	1551	2
1552	1552	-2
1553	1553	-2
1554	1554	2
1555	1555	-2
1556	1556	-2
1557	1557	2
1558	1558	-2
1559	1559	-2
1560	1560	-2
1561	1561	-2
1562	1562	-2
1563	1563	2
1564	1564	2
1565	1565	2
1566	1566	2
1567	1567	-2
1568	1568	2
1569	1569	-2
1570	1570	-2
1571	1571	2
1572	1572	2
1573	1573	-2
1574	1574	2
1575	1575	-2
1576	1576	2
1577	1577	-2
1578	1578	2
1579	1579	2
1580	1580	2
1581	1581	-2
1582	1582	-2
1583	1583	-2
1584	1584	2
1585	1585	-2
1586	1586	-2
1587	1587	-2
1588	1588	-2
1589	1589	-2
1590	1590	-2
1591	1591	2
1592	1592	2
1593	1593	-2
1594	1594	2
1595	1595	2
1596	1596	2
1597	1597	2
1598	1598	-2
1599	1599	-2
1600	1600	2
1601	1601	-2
1602	1602	-2
1603	1603	2
1604	1604	-2
1605	1605	-2
1606	1606	2
1607	1607	-2
1608	1608	2
1609	1609	-2
1610	1610	2
1611	1611	2
1612	1612	-2
1613	1613	2
1614	1614	2
1615	1615	2
1616	1616	-2
1617	1617	2
1618	1618	-2
1619	1619	2
1620	1620	-2
1621	1621	-2
1622	1622	-2
1623	1623	-2
1624	1624	-2
1625	1625	-2
1626	1626	2
1627	1627	2
1628	1628	2
1629	1629	2
1630	1630	2
1631	1631	2
1632	1632	2
1633	1633	-2
1634	1634	-2
1635	1635	-2
1636	1636	2
1637	1637	2
1638	1638	-2
1639	1639	2
1640	1640	2
1641	1641	2
1642	1642	2
1643	1643	2
1644	1644	2
1645	1645	2
1646	1646	-2
1647	1647	-2
1648	1648	2
1649	1649	2
1650	1650	-2
1651	1651	2
1652	1652	2
1653	1653	2
1654	1654	2
1655	1655	2
1656	1656	-2
1657	1657	-2
1658	1658	2
1659	1659	2
1660	1660	-2
1661	1661	2
1662	1662	-2
1663	1663	2
1664	1664	2
1665	1665	2
1666	1666	2
1667	1667	-2
1668	1668	2
1669	1669	2
1670	1670	2
1671	1671	-2
1672	1672	-2
1673	1673	2
1674	1674	-2
1675	1675	2
1676	1676	2
1677	1677	-2
1678	1678	-2
1679	1679	2
1680	1680	2
1681	1681	2
1682	1682	2
1683	1683	2
1684	1684	-2
1685	1685	-2
1686	1686	2
1687	1687	2
1688	1688	-2
1689	1689	2
1690	1690	2
1691	1691	-2
1692	1692	-2
1693	1693	-2
1694	1694	-2
1695	1695	2
1696	1696	-2
1697	1697	2
1698	1698	-2
1699	1699	2
1700	1700	2
1701	1701	2
1702	1702	2
1703	1703	2
1704	1704	-2
1705	1705	-2
1706	1706	-2
1707	1707	2
1708	1708	2
1709	1709	2
1710	1710	-2
1711	1711	2
1712	1712	2
1713	1713	-2
1714	1714	-2
1715	1715	-2
1716	1716	-2
1717	1717	2
1718	1718	-2
1719	1719	2
1720	1720	2
1721	1721	2
1722	1722	-2
1723	1723	-2
1724	1724	-2
1725	1725	-2
1726	1726	2
1727	1727	2
1728	1728	2
1729	1729	-2
1730	1730	2
1731	1731	2
1732	1732	2
1733	1733	2
1734	1734	2
1735	1735	2
1736	1736	-2
1737	1737	-2
1738	1738	-2
1739	1739	2
1740	1740	-2
1741	1741	-2
1742	1742	2
1743	1743	2
1744	1744	-2
1745	1745	2
1746	1746	-2
1747	1747	2
1748	1748	2
1749	1749	2
1750	1750	2
1751	1751	2
1752	1752	-2
1753	1753	2
1754	1754	2
1755	1755	2
1756	1756	2
1757	1757	2
1758	1758	2
1759	1759	2
1760	1760	-2
1761	1761	-2
1762	1762	-2
1763	1763	2
1764	1764	-2
1765	1765	2
1766	1766	2
1767	1767	2
1768	1768	-2
1769	1769	2
1770	1770	-2
1771	1771	2
1772	1772	2
1773	1773	-2
1774	1774	-2
1775	1775	-2
1776	1776	-2
1777	1777	-2
1778	1778	2
1779	1779	2
1780	1780	2
1781	1781	2
1782	1782	2
1783	1783	-2
1784	1784	-2
1785	1785	2
1786	1786	-2
1787	1787	-2
1788	1788	-2
1789	1789	-2
1790	1790	2
1791	1791	2
1792	1792	2
1793	1793	2
1794	1794	-2
1795	1795	2
1796	1796	2
1797	1797	2
1798	1798	2
1799	1799	2
1800	1800	-2
1801	1801	2
1802	1802	2
1803	1803	-2
1804	1804	2
1805	1805	-2
1806	1806	-2
1807	1807	-2
1808	1808	2
1809	1809	-2
1810	1810	2
1811	1811	2
1812	1812	2
1813	1813	2
1814	1814	-2
1815	1815	2
1816	1816	-2
1817	1817	2
1818	1818	2
1819	1819	2
1820	1820	2
1821	1821	-2
1822	1822	2
1823	1823	-2
1824	1824	2
1825	1825	2
1826	1826	2
1827	1827	-2
1828	1828	-2
1829	1829	2
1830	1830	2
1831	1831	-2
1832	1832	-2
1833	1833	-2
1834	1834	2
1835	1835	-2
1836	1836	-2
1837	1837	-2
1838	1838	-2
1839	1839	-2
1840	1840	-2
1841	1841	-2
1842	1842	2
1843	1843	2
1844	1844	2
1845	1845	2
1846	1846	-2
1847	1847	2
1848	1848	-2
1849	1849	-2
1850	1850	2
1851	1851	2
1852	1852	-2
1853	1853	-2
1854	1854	-2
1855	1855	-2
1856	1856	-2
1857	1857	2
1858	1858	2
1859	1859	-2
1860	1860	2
1861	1861	2
1862	1862	-2
1863	1863	-2
1864	1864	-2
1865	1865	-2
1866	1866	-2
1867	1867	-2
1868	1868	2
1869	1869	-2
1870	1870	2
1871	1871	2
1872	1872	-2
1873	1873	2
1874	1874	-2
1875	1875	-2
1876	1876	-2
1877	1877	2
1878	1878	-2
1879	1879	2
1880	1880	2
1881	1881	-2
1882	1882	-2
1883	1883	2
1884	1884	2
1885	1885	2
1886	1886	2
1887	1887	-2
1888	1888	-2
1889	1889	-2
1890	1890	-2
1891	1891	2
1892	1892	2
1893	1893	-2
1894	1894	2
1895	1895	-2
1896	1896	-2
1897	1897	-2
1898	1898	-2
1899	1899	-2
1900	1900	2
1901	1901	2
1902	1902	-2
1903	1903	-2
1904	1904	2
1905	1905	-2
1906	1906	2
1907	1907	-2
1908	1908	2
1909	1909	2
1910	1910	-2
1911	1911	2
1912	1912	2
1913	1913	-2
1914	1914	2
1915	1915	2
1916	1916	2
1917	1917	2
1918	1918	2
1919	1919	-2
1920	1920	-2
1921	1921	-2
1922	1922	2
1923	1923	2
1924	1924	-2
1925	1925	2
1926	1926	-2
1927	1927	2
1928	1928	-2
1929	1929	2
1930	1930	-2
1931	1931	2
1932	1932	2
1933	1933	2
1934	1934	2
1935	1935	2
1936	1936	-2
1937	1937	2
1938	1938	2
1939	1939	2
1940	1940	-2
1941	1941	2
1942	1942	-2
1943	1943	-2
1944	1944	-2
1945	1945	-2
1946	1946	2
1947	1947	2
1948	1948	2
1949	1949	2
1950	1950	2
1951	1951	-2
1952	1952	2
1953	1953	-2
1954	1954	-2
1955	1955	-2
1956	1956	2
1957	1957	2
1958	1958	-2
1959	1959	2
1960	1960	-2
1961	1961	2
1962	1962	-2
1963	1963	2
1964	1964	2
1965	1965	2
1966	1966	2
1967	1967	-2
1968	1968	-2
1969	1969	-2
1970	1970	2
1971	1971	2
1972	1972	2
1973	1973	2
1974	1974	-2
1975	1975	-2
1976	1976	2
1977	1977	2
1978	1978	2
1979	1979	-2
1980	1980	-2
1981	1981	2
1982	1982	2
1983	1983	2
1984	1984	-2
1985	1985	-2
1986	1986	-2
1987	1987	2
1988	1988	-2
1989	1989	-2
1990	1990	-2
1991	1991	2
1992	1992	-2
1993	1993	2
1994	1994	-2
1995	1995	2
1996	1996	2
1997	1997	-2
1998	1998	2
1999	1999	2
2000	2000	2
2001	2001	-2
2002	2002	-2
2003	2003	-2
2004	2004	2
2005	2005	-2
2006	2006	2
2007	2007	2
2008	2008	2
2009	2009	-2
2010	2010	2
2011	2011	-2
2012	2012	2
2013	2013	2
2014	2014	2
2015	2015	-2
2016	2016	2
2017	2017	2
2018	2018	2
2019	2019	-2
2020	2020	2
2021	2021	2
2022	2022	-2
2023	2023	2
2024	2024	-2
2025	2025	2
2026	2026	-2
2027	2027	-2
2028	2028	2
2029	2029	2
2030	2030	2
2031	2031	2
2032	2032	2
2033	2033	2
2034	2034	-2
2035	2035	-2
2036	2036	-2
2037	2037	-2
2038	2038	2
2039	2039	2
2040	2040	-2
2041	2041	-2
2042	2042	-2
2043	2043	-2
2044	2044	2
2045	2045	2
2046	2046	-2
2047	2047	2
2048	2048	-2
1	26	1
1	141	1
1	263	1
1	808	1
1	810	1
1	1020	1
1	1134	-2
1	1310	2
1	1626	-2
2	93	1
2	613	1
2	762	1
2	842	1
2	856	1
2	956	1
2	1044	2
2	1234	2
2	1713	-2
3	4	1
3	419	1
3	507	1
3	565	1
3	720	1
3	870	1
3	1237	2
3	1719	2
3	1794	-2
4	154	1
4	425	1
4	720	1
4	905	1
4	942	1
4	1192	2
4	1237	2
4	1800	2
5	167	1
5	663	1
5	776	1
5	852	1
5	976	1
5	991	1
5	1160	-2
5	1571	2
5	1767	2
6	439	1
6	452	1
6	553	1
6	732	1
6	858	1
6	934	1
6	1275	-2
6	1385	-2
6	1744	2
7	69	1
7	330	1
7	364	1
7	409	1
7	515	1
7	784	1
7	1621	2
7	1653	-2
7	2027	2
8	70	1
8	115	1
8	222	1
8	251	1
8	319	1
8	359	1
8	1423	-2
8	1530	-2
8	1849	2
9	33	1
9	360	1
9	407	1
9	530	1
9	576	1
9	999	1
9	1446	2
9	1524	-2
9	1747	2
10	211	1
10	576	1
10	727	1
10	878	1
10	997	1
10	1010	1
10	1260	2
10	1788	-2
10	1844	2
11	24	1
11	231	1
11	312	1
11	440	1
11	449	1
11	1023	1
11	1075	-2
11	1267	2
11	1273	2
12	234	1
12	511	1
12	808	1
12	856	1
12	972	1
12	1011	1
12	1421	2
12	1564	-2
12	1721	-2
13	261	1
13	361	1
13	464	1
13	636	1
13	756	1
13	838	1
13	1070	2
13	1226	-2
13	1545	-2
14	50	1
14	129	1
14	150	1
14	206	1
14	333	1
14	963	1
14	1679	2
14	1868	-2
14	1890	2
15	55	1
15	267	1
15	480	1
15	495	1
15	925	1
15	1014	1
15	1162	2
15	1613	-2
15	1839	-2
16	62	1
16	209	1
16	341	1
16	644	1
16	785	1
16	886	1
16	1144	2
16	1194	2
16	1663	-2
17	227	1
17	241	1
17	297	1
17	367	1
17	374	1
17	945	1
17	1089	2
17	1324	-2
17	1624	2
18	73	1
18	158	1
18	249	1
18	455	1
18	652	1
18	819	1
18	1422	2
18	1661	-2
18	1851	-2
19	178	1
19	338	1
19	356	1
19	546	1
19	721	1
19	952	1
19	1102	2
19	1623	2
19	1826	-2
20	90	1
20	163	1
20	424	1
20	553	1
20	599	1
20	931	1
20	1253	2
20	1599	2
20	1843	-2
21	81	1
21	227	1
21	452	1
21	498	1
21	753	1
21	888	1
21	1060	-2
21	1804	-2
21	1828	2
22	420	1
22	478	1
22	499	1
22	551	1
22	582	1
22	912	1
22	1227	-2
22	1239	-2
22	1337	2
23	27	1
23	64	1
23	101	1
23	200	1
23	646	1
23	802	1
23	1539	-2
23	1704	2
23	1991	2
24	55	1
24	101	1
24	178	1
24	231	1
24	461	1
24	1124	2
24	1267	2
24	1416	2
25	161	1
25	270	1
25	321	1
25	564	1
25	792	1
25	904	1
25	1247	2
25	1562	2
25	1987	2
26	39	1
26	737	1
26	755	1
26	891	1
26	1020	1
26	1388	2
26	1626	-2
26	1896	2
27	114	1
27	577	1
27	613	1
27	802	1
27	939	1
27	1442	-2
27	1495	2
27	1539	-2
28	41	1
28	358	1
28	372	1
28	391	1
28	595	1
28	840	1
28	1269	-2
28	1497	-2
28	1974	2
29	327	1
29	394	1
29	488	1
29	502	1
29	783	1
29	854	1
29	1119	2
29	1525	-2
29	1686	2
30	150	1
30	358	1
30	509	1
30	657	1
30	970	1
30	985	1
30	1081	2
30	1274	2
30	1286	-2
31	191	1
31	380	1
31	667	1
31	698	1
31	840	1
31	913	1
31	1340	2
31	1414	2
31	2048	2
32	710	1
32	727	1
32	731	1
32	807	1
32	822	1
32	992	1
32	1209	-2
32	1381	2
32	1394	2
33	292	1
33	419	1
33	921	1
33	999	1
33	1000	1
33	1258	-2
33	1543	2
33	1747	2
34	89	1
34	197	1
34	311	1
34	708	1
34	868	1
34	882	1
34	1409	2
34	1687	2
34	2000	2
35	182	1
35	192	1
35	476	1
35	651	1
35	701	1
35	749	1
35	1025	2
35	1454	-2
35	1515	-2
36	527	1
36	620	1
36	622	1
36	669	1
36	771	1
36	1011	1
36	1191	2
36	1304	-2
36	1457	-2
37	239	1
37	253	1
37	275	1
37	444	1
37	561	1
37	849	1
37	1153	-2
37	1222	-2
37	1950	-2
38	163	1
38	246	1
38	384	1
38	478	1
38	536	1
38	864	1
38	1066	2
38	1770	-2
38	1861	-2
39	397	1
39	428	1
39	670	1
39	891	1
39	946	1
39	1481	2
39	1588	-2
39	1896	2
40	260	1
40	262	1
40	336	1
40	361	1
40	594	1
40	818	1
40	1150	-2
40	1154	2
40	1187	2
41	186	1
41	251	1
41	422	1
41	595	1
41	699	1
41	1429	-2
41	1497	-2
41	1928	-2
42	94	1
42	125	1
42	494	1
42	606	1
42	686	1
42	772	1
42	1382	2
42	1536	-2
42	1664	-2
43	162	1
43	172	1
43	184	1
43	528	1
43	569	1
43	767	1
43	1225	2
43	1670	-2
43	2040	2
44	58	1
44	85	1
44	147	1
44	514	1
44	655	1
44	717	1
44	1334	-2
44	1528	-2
44	1995	-2
45	54	1
45	124	1
45	410	1
45	546	1
45	741	1
45	809	1
45	1235	2
45	1592	-2
45	1830	-2
46	93	1
46	97	1
46	375	1
46	430	1
46	691	1
46	1023	1
46	1576	-2
46	1848	-2
46	1865	2
47	186	1
47	237	1
47	382	1
47	421	1
47	483	1
47	810	1
47	1184	2
47	1306	2
47	1637	-2
48	103	1
48	239	1
48	325	1
48	541	1
48	572	1
48	834	1
48	1137	-2
48	1452	-2
48	1992	-2
49	144	1
49	295	1
49	299	1
49	325	1
49	586	1
49	902	1
49	1067	-2
49	1951	2
49	1961	-2
50	129	1
50	347	1
50	658	1
50	764	1
50	930	1
50	1387	2
50	1814	-2
50	1890	2
51	255	1
51	339	1
51	390	1
51	435	1
51	981	1
51	1005	1
51	1436	2
51	1622	-2
51	1697	2
52	561	1
52	645	1
52	765	1
52	843	1
52	903	1
52	947	1
52	1252	-2
52	1356	2
52	2010	2
53	174	1
53	434	1
53	513	1
53	581	1
53	624	1
53	697	1
53	1567	2
53	1986	-2
53	2025	2
54	124	1
54	273	1
54	533	1
54	567	1
54	758	1
54	1333	2
54	1591	-2
54	1592	-2
55	101	1
55	127	1
55	267	1
55	825	1
55	1124	2
55	1231	-2
55	1839	-2
56	252	1
56	323	1
56	447	1
56	554	1
56	563	1
56	736	1
56	1065	2
56	1464	-2
56	1565	2
57	271	1
57	567	1
57	675	1
57	853	1
57	944	1
57	1003	1
57	1200	-2
57	1671	-2
57	1922	2
58	127	1
58	514	1
58	997	1
58	1014	1
58	1018	1
58	1028	-2
58	1936	2
58	1995	-2
59	371	1
59	870	1
59	898	1
59	916	1
59	928	1
59	974	1
59	1181	2
59	1206	2
59	1506	2
60	295	1
60	373	1
60	415	1
60	616	1
60	919	1
60	990	1
60	1281	-2
60	1438	2
60	1702	2
61	213	1
61	318	1
61	342	1
61	735	1
61	766	1
61	917	1
61	1636	-2
61	1933	-2
61	1955	-2
62	209	1
62	300	1
62	334	1
62	419	1
62	532	1
62	1144	2
62	1619	-2
62	2030	-2
63	422	1
63	545	1
63	749	1
63	901	1
63	950	1
63	998	1
63	1149	-2
63	1359	-2
63	1985	2
64	221	1
64	422	1
64	495	1
64	540	1
64	646	1
64	1278	-2
64	1944	-2
64	1991	2
65	244	1
65	330	1
65	406	1
65	726	1
65	829	1
65	1015	1
65	1093	2
65	1711	2
65	1810	2
66	351	1
66	379	1
66	465	1
66	560	1
66	745	1
66	833	1
66	1373	2
66	1537	-2
66	1614	2
67	138	1
67	276	1
67	320	1
67	592	1
67	660	1
67	909	1
67	1570	2
67	1640	2
67	1954	-2
68	220	1
68	368	1
68	591	1
68	635	1
68	780	1
68	848	1
68	1288	-2
68	1347	2
68	1768	-2
69	330	1
69	549	1
69	609	1
69	660	1
69	828	1
69	1701	2
69	1994	2
69	2027	2
70	185	1
70	251	1
70	372	1
70	733	1
70	882	1
70	1250	2
70	1261	-2
70	1530	-2
71	212	1
71	466	1
71	620	1
71	644	1
71	883	1
71	914	1
71	1172	2
71	1343	-2
71	1643	2
72	112	1
72	218	1
72	335	1
72	669	1
72	753	1
72	943	1
72	1412	2
72	1413	2
72	1694	-2
73	158	1
73	202	1
73	326	1
73	699	1
73	1015	1
73	1422	2
73	1523	2
73	1894	-2
74	276	1
74	427	1
74	437	1
74	508	1
74	512	1
74	550	1
74	1043	-2
74	1098	-2
74	1750	-2
75	115	1
75	498	1
75	678	1
75	804	1
75	929	1
75	954	1
75	1188	2
75	1233	-2
75	1362	2
76	507	1
76	711	1
76	718	1
76	890	1
76	908	1
76	953	1
76	1042	2
76	1398	2
76	1982	-2
77	106	1
77	133	1
77	219	1
77	225	1
77	614	1
77	632	1
77	1754	-2
77	1789	2
77	1867	2
78	696	1
78	733	1
78	810	1
78	855	1
78	952	1
78	1013	1
78	1611	-2
78	1617	-2
78	1630	-2
79	168	1
79	179	1
79	268	1
79	287	1
79	559	1
79	578	1
79	1110	-2
79	1665	-2
79	1740	2
80	410	1
80	458	1
80	586	1
80	590	1
80	634	1
80	1006	1
80	1404	2
80	1544	-2
80	1813	-2
81	479	1
81	554	1
81	695	1
81	888	1
81	897	1
81	1331	-2
81	1699	2
81	1804	-2
82	284	1
82	523	1
82	658	1
82	746	1
82	984	1
82	1016	1
82	1126	-2
82	1688	2
82	1809	-2
83	242	1
83	299	1
83	301	1
83	570	1
83	679	1
83	799	1
83	1030	2
83	1301	2
83	1307	2
84	194	1
84	496	1
84	737	1
84	942	1
84	962	1
84	999	1
84	1099	-2
84	1101	-2
84	1882	-2
85	345	1
85	436	1
85	581	1
85	717	1
85	889	1
85	1440	2
85	1528	-2
85	1722	-2
86	119	1
86	363	1
86	569	1
86	693	1
86	814	1
86	864	1
86	1300	2
86	2017	-2
86	2028	2
87	176	1
87	400	1
87	523	1
87	565	1
87	839	1
87	981	1
87	1086	-2
87	1490	-2
87	1531	2
88	220	1
88	286	1
88	784	1
88	811	1
88	874	1
88	902	1
88	1051	-2
88	1730	2
88	2001	2
89	197	1
89	203	1
89	304	1
89	533	1
89	631	1
89	1610	2
89	1612	-2
89	2000	2
90	163	1
90	314	1
90	354	1
90	591	1
90	662	1
90	1241	-2
90	1492	2
90	1599	2
91	124	1
91	172	1
91	716	1
91	718	1
91	738	1
91	772	1
91	1371	2
91	1427	-2
91	1914	2
92	285	1
92	524	1
92	638	1
92	662	1
92	731	1
92	993	1
92	1173	-2
92	1881	-2
92	2011	-2
93	97	1
93	152	1
93	258	1
93	856	1
93	1437	-2
93	1713	-2
93	1848	-2
94	110	1
94	494	1
94	589	1
94	676	1
94	692	1
94	1069	2
94	1536	-2
94	1729	-2
95	169	1
95	428	1
95	477	1
95	723	1
95	867	1
95	983	1
95	1047	-2
95	1077	2
95	1097	2
96	107	1
96	452	1
96	551	1
96	804	1
96	846	1
96	895	1
96	1049	2
96	1558	-2
96	1685	-2
97	100	1
97	216	1
97	736	1
97	811	1
97	1848	-2
97	1983	2
97	2047	2
98	302	1
98	542	1
98	568	1
98	757	1
98	842	1
98	953	1
98	1683	2
98	1775	2
98	1874	2
99	247	1
99	337	1
99	473	1
99	677	1
99	983	1
99	988	1
99	1095	-2
99	1170	-2
99	1270	-2
100	156	1
100	165	1
100	216	1
100	344	1
100	526	1
100	1074	2
100	1627	2
100	1983	2
101	200	1
101	655	1
101	745	1
101	1124	2
101	1445	-2
101	1704	2
102	160	1
102	234	1
102	470	1
102	612	1
102	792	1
102	903	1
102	1174	-2
102	1478	2
102	1805	-2
103	387	1
103	468	1
103	707	1
103	726	1
103	834	1
103	1277	-2
103	1430	2
103	1452	-2
104	209	1
104	246	1
104	274	1
104	310	1
104	330	1
104	828	1
104	1078	-2
104	1648	2
104	1852	2
105	178	1
105	309	1
105	339	1
105	611	1
105	744	1
105	764	1
105	1027	2
105	1167	2
105	1483	2
106	177	1
106	632	1
106	708	1
106	721	1
106	814	1
106	1583	-2
106	1584	-2
106	1867	2
107	264	1
107	603	1
107	804	1
107	850	1
107	994	1
107	1177	-2
107	1308	-2
107	1558	-2
108	497	1
108	501	1
108	630	1
108	719	1
108	865	1
108	972	1
108	1364	2
108	2018	2
108	2036	2
109	316	1
109	334	1
109	335	1
109	506	1
109	512	1
109	799	1
109	1549	-2
109	1578	2
109	1681	-2
110	539	1
110	682	1
110	692	1
110	741	1
110	752	1
110	1069	2
110	1073	-2
110	1604	2
111	123	1
111	307	1
111	540	1
111	621	1
111	949	1
111	960	1
111	1316	-2
111	1479	-2
111	1932	-2
112	151	1
112	669	1
112	684	1
112	887	1
112	959	1
112	1132	2
112	1375	2
112	1412	2
113	256	1
113	367	1
113	434	1
113	623	1
113	665	1
113	939	1
113	1251	-2
113	1439	-2
113	1735	2
114	613	1
114	625	1
114	699	1
114	789	1
114	821	1
114	1354	2
114	1442	-2
114	1918	2
115	187	1
115	319	1
115	641	1
115	954	1
115	1362	2
115	1423	-2
115	1581	2
116	184	1
116	372	1
116	491	1
116	524	1
116	871	1
116	938	1
116	1692	2
116	1765	2
116	1790	-2
117	179	1
117	206	1
117	261	1
117	279	1
117	715	1
117	835	1
117	1196	2
117	1372	-2
117	1441	-2
118	363	1
118	394	1
118	735	1
118	790	1
118	841	1
118	995	1
118	1652	-2
118	1820	2
118	1942	2
119	177	1
119	344	1
119	418	1
119	641	1
119	693	1
119	1300	2
119	1463	2
119	1487	2
120	149	1
120	316	1
120	476	1
120	501	1
120	633	1
120	692	1
120	1142	2
120	1603	2
120	1870	2
121	171	1
121	535	1
121	877	1
121	937	1
121	961	1
121	1001	1
121	1593	-2
121	1834	2
121	2022	-2
122	164	1
122	294	1
122	314	1
122	771	1
122	774	1
122	1009	1
122	1410	2
122	1780	-2
122	1905	-2
123	307	1
123	389	1
123	450	1
123	580	1
123	742	1
123	1057	-2
123	1316	-2
123	1566	-2
124	361	1
124	601	1
124	772	1
124	1427	-2
124	1592	-2
124	1846	2
125	351	1
125	356	1
125	642	1
125	772	1
125	988	1
125	1240	2
125	1382	2
125	1392	-2
126	132	1
126	306	1
126	353	1
126	472	1
126	685	1
126	988	1
126	1151	-2
126	1943	-2
126	2046	-2
127	197	1
127	456	1
127	825	1
127	997	1
127	1231	-2
127	1651	2
127	1936	2
128	356	1
128	402	1
128	433	1
128	436	1
128	468	1
128	662	1
128	1045	2
128	1508	-2
128	2033	-2
129	179	1
129	537	1
129	632	1
129	969	1
129	1533	-2
129	1890	2
129	1990	-2
130	175	1
130	242	1
130	265	1
130	587	1
130	701	1
130	923	1
130	1179	2
130	1877	2
130	1897	2
131	197	1
131	326	1
131	364	1
131	775	1
131	927	1
131	951	1
131	1123	-2
131	1718	2
131	1847	-2
132	169	1
132	170	1
132	306	1
132	520	1
132	540	1
132	1151	-2
132	1243	-2
132	1475	2
133	340	1
133	614	1
133	751	1
133	951	1
133	958	1
133	1380	-2
133	1472	-2
133	1789	2
134	469	1
134	558	1
134	585	1
134	784	1
134	872	1
134	958	1
134	1120	-2
134	1573	2
134	1929	-2
135	257	1
135	572	1
135	577	1
135	888	1
135	912	1
135	965	1
135	1514	2
135	1667	-2
135	1899	-2
136	268	1
136	399	1
136	446	1
136	471	1
136	886	1
136	991	1
136	1092	2
136	1152	2
136	1746	-2
137	180	1
137	221	1
137	388	1
137	712	1
137	846	1
137	934	1
137	1773	-2
137	1863	-2
137	1973	2
138	159	1
138	212	1
138	320	1
138	421	1
138	813	1
138	1055	2
138	1640	2
138	1904	2
139	141	1
139	511	1
139	573	1
139	618	1
139	942	1
139	1003	1
139	1207	-2
139	1503	2
139	1791	2
140	166	1
140	528	1
140	600	1
140	785	1
140	873	1
140	878	1
140	1090	-2
140	1379	-2
140	2021	-2
141	618	1
141	673	1
141	810	1
141	1019	1
141	1220	2
141	1310	2
141	1503	2
142	231	1
142	558	1
142	594	1
142	656	1
142	818	1
142	978	1
142	1509	2
142	1998	-2
142	2024	2
143	312	1
143	350	1
143	432	1
143	503	1
143	724	1
143	918	1
143	1085	2
143	1199	-2
143	1760	2
144	325	1
144	407	1
144	813	1
144	871	1
144	975	1
144	1067	-2
144	1662	-2
144	1669	2
145	355	1
145	505	1
145	610	1
145	722	1
145	830	1
145	869	1
145	1113	-2
145	1129	-2
145	1242	2
146	190	1
146	563	1
146	670	1
146	680	1
146	953	1
146	982	1
146	1522	2
146	1947	2
146	2035	2
147	416	1
147	433	1
147	655	1
147	831	1
147	898	1
147	1334	-2
147	1363	-2
147	1817	2
148	245	1
148	334	1
148	383	1
148	630	1
148	773	1
148	1014	1
148	1467	-2
148	1532	-2
148	1999	2
149	450	1
149	455	1
149	692	1
149	867	1
149	979	1
149	1142	2
149	1201	2
149	2042	2
150	270	1
150	555	1
150	963	1
150	970	1
150	1169	-2
150	1274	2
150	1868	-2
151	684	1
151	719	1
151	755	1
151	786	1
151	836	1
151	1212	2
151	1264	2
151	1375	2
152	167	1
152	258	1
152	272	1
152	598	1
152	695	1
152	1437	-2
152	1625	-2
152	1639	-2
153	337	1
153	446	1
153	682	1
153	750	1
153	950	1
153	991	1
153	1336	-2
153	1424	-2
153	1574	-2
154	190	1
154	236	1
154	425	1
154	705	1
154	822	1
154	1192	2
154	1776	2
154	1792	-2
155	329	1
155	371	1
155	754	1
155	788	1
155	852	1
155	887	1
155	1328	2
155	1743	2
155	2023	2
156	247	1
156	288	1
156	500	1
156	526	1
156	775	1
156	1074	2
156	1358	2
156	1456	-2
157	232	1
157	429	1
157	578	1
157	643	1
157	681	1
157	884	1
157	1338	-2
157	1498	-2
157	2019	-2
158	690	1
158	757	1
158	778	1
158	838	1
158	1039	-2
158	1422	2
158	1891	-2
159	212	1
159	277	1
159	343	1
159	349	1
159	643	1
159	1036	2
159	1055	2
159	1734	2
160	294	1
160	466	1
160	612	1
160	926	1
160	1007	1
160	1174	-2
160	1856	2
160	1938	-2
161	270	1
161	324	1
161	396	1
161	683	1
161	881	1
161	1219	-2
161	1733	-2
161	1987	2
162	211	1
162	632	1
162	767	1
162	844	1
162	922	1
162	1072	2
162	1225	2
162	1455	2
163	368	1
163	864	1
163	987	1
163	1066	2
163	1313	-2
163	1599	2
164	202	1
164	447	1
164	774	1
164	794	1
164	839	1
164	1147	2
164	1410	2
164	1548	2
165	344	1
165	594	1
165	603	1
165	767	1
165	867	1
165	1433	2
165	1627	2
165	1996	-2
166	413	1
166	528	1
166	669	1
166	862	1
166	977	1
166	1090	-2
166	1759	2
166	2029	-2
167	184	1
167	272	1
167	776	1
167	974	1
167	1571	2
167	1639	-2
167	1821	-2
168	267	1
168	559	1
168	575	1
168	817	1
168	876	1
168	1665	-2
168	1742	-2
168	2041	2
169	233	1
169	480	1
169	520	1
169	983	1
169	1047	-2
169	1475	2
169	1977	-2
170	540	1
170	725	1
170	761	1
170	808	1
170	960	1
170	1243	-2
170	1435	-2
170	1631	-2
171	759	1
171	781	1
171	835	1
171	877	1
171	1019	1
171	1365	2
171	1873	-2
171	2022	-2
172	296	1
172	528	1
172	738	1
172	946	1
172	1511	2
172	1670	-2
172	1914	2
173	204	1
173	584	1
173	651	1
173	824	2
173	826	1
173	1215	-2
173	1568	2
173	2008	2
174	346	1
174	624	1
174	708	1
174	756	1
174	848	1
174	1712	2
174	1886	2
174	2025	2
175	265	1
175	362	1
175	449	1
175	756	1
175	1017	1
175	1208	-2
175	1634	2
175	1877	2
176	389	1
176	400	1
176	483	1
176	583	1
176	965	1
176	1490	-2
176	1741	2
176	1903	-2
177	404	1
177	418	1
177	721	1
177	996	1
177	1266	2
177	1487	2
177	1583	-2
178	356	1
178	461	1
178	744	1
178	1416	2
178	1483	2
178	1623	2
179	268	1
179	715	1
179	969	1
179	1110	-2
179	1441	-2
179	1990	-2
180	582	1
180	612	1
180	712	1
180	761	1
180	866	1
180	1934	-2
180	1973	2
180	2007	-2
181	307	1
181	328	1
181	790	1
181	911	1
181	1005	1
181	1024	1
181	1521	-2
181	1906	2
181	1963	2
182	264	1
182	369	1
182	608	1
182	651	1
182	937	1
182	1025	2
182	1183	2
182	1802	2
183	309	1
183	436	1
183	596	1
183	687	1
183	896	1
183	968	1
183	1431	2
183	1672	2
183	1689	-2
184	524	1
184	569	1
184	974	1
184	1765	2
184	1821	-2
184	2040	2
185	595	1
185	610	1
185	882	1
185	990	1
185	1002	1
185	1261	-2
185	1477	2
185	1516	-2
186	251	2
186	342	1
186	810	1
186	1205	2
186	1637	-2
186	1928	-2
187	566	1
187	568	1
187	641	1
187	711	1
187	804	1
187	1377	2
187	1581	2
187	1673	2
188	265	1
188	297	1
188	657	1
188	716	1
188	779	1
188	816	1
188	1644	-2
188	1854	-2
188	1892	2
189	425	1
189	431	1
189	542	1
189	711	1
189	782	1
189	989	1
189	1262	2
189	1317	2
189	1351	2
190	563	1
190	615	1
190	705	1
190	933	1
190	1792	-2
190	1859	-2
190	2035	2
191	205	1
191	357	1
191	667	1
191	900	1
191	920	1
191	1414	2
191	1829	2
191	2032	-2
192	215	1
192	559	1
192	604	1
192	701	1
192	919	1
192	1298	2
192	1454	-2
192	1738	2
193	214	1
193	547	1
193	691	1
193	892	1
193	990	1
193	998	1
193	1088	2
193	1096	-2
193	1159	-2
194	496	1
194	623	1
194	672	1
194	813	1
194	897	1
194	1099	-2
194	1678	-2
194	1917	-2
195	322	1
195	403	1
195	463	1
195	729	1
195	790	1
195	1018	1
195	1198	-2
195	1289	-2
195	1513	-2
196	225	1
196	248	1
196	445	1
196	497	1
196	761	1
196	913	1
196	1462	2
196	1716	-2
196	1889	-2
197	456	1
197	775	1
197	1651	2
197	1718	2
197	2000	2
198	215	1
198	317	1
198	651	1
198	697	1
198	768	1
198	932	1
198	1143	2
198	1176	-2
198	1189	2
199	310	1
199	500	1
199	590	1
199	739	1
199	799	1
199	859	1
199	1083	-2
199	1111	-2
199	1569	-2
200	621	1
200	832	1
200	962	1
200	989	1
200	1257	2
200	1704	2
200	1915	-2
201	332	1
201	438	1
201	531	1
201	583	1
201	857	1
201	921	1
201	1466	2
201	1785	-2
201	1901	-2
202	297	1
202	445	1
202	699	1
202	839	1
202	1370	2
202	1548	2
202	1894	-2
203	392	1
203	587	1
203	631	1
203	671	1
203	754	1
203	1542	2
203	1612	-2
203	1860	2
204	296	1
204	331	1
204	584	1
204	963	1
204	999	1
204	1215	-2
204	1224	-2
204	1535	-2
205	519	1
205	562	1
205	817	1
205	900	1
205	943	1
205	1327	-2
205	1470	2
205	1829	2
206	261	1
206	333	1
206	754	1
206	983	1
206	1196	2
206	1679	2
206	1795	2
207	401	1
207	420	1
207	642	1
207	653	1
207	961	1
207	1021	1
207	1330	2
207	1391	-2
207	1893	2
208	388	1
208	451	1
208	491	1
208	698	1
208	935	1
208	1008	1
208	1459	2
208	1782	-2
208	1924	-2
209	230	1
209	828	1
209	1007	1
209	1078	-2
209	1144	2
209	1297	2
210	275	1
210	373	1
210	401	1
210	602	1
210	845	1
210	975	1
210	1368	-2
210	1405	2
210	1553	-2
211	350	1
211	922	1
211	926	1
211	1010	1
211	1072	2
211	1674	2
211	1844	2
212	278	1
212	374	1
212	620	1
212	1055	2
212	1343	-2
212	1978	2
213	417	1
213	471	1
213	502	1
213	735	1
213	787	1
213	1577	2
213	1778	2
213	1933	-2
214	248	1
214	257	1
214	491	1
214	547	1
214	740	1
214	1159	-2
214	1376	2
214	1925	2
215	467	1
215	604	1
215	768	1
215	858	1
215	1143	2
215	1738	2
215	1769	-2
216	228	1
216	774	1
216	849	1
216	995	1
216	1059	2
216	1876	2
216	1983	2
217	418	1
217	670	1
217	687	1
217	780	1
217	783	1
217	989	1
217	1166	2
217	1221	-2
217	1244	2
218	222	1
218	313	1
218	460	1
218	706	1
218	943	1
218	1255	-2
218	1485	-2
218	1694	-2
219	225	1
219	396	1
219	538	1
219	741	1
219	827	1
219	1309	2
219	1736	2
219	1754	-2
220	397	1
220	780	1
220	902	1
220	979	1
220	1288	-2
220	1707	-2
220	2001	2
221	495	1
221	603	1
221	833	1
221	846	1
221	1031	-2
221	1278	-2
221	1773	-2
222	359	1
222	460	1
222	580	1
222	777	1
222	1485	-2
222	1849	2
222	2034	2
223	245	1
223	260	1
223	615	1
223	679	1
223	885	1
223	968	1
223	1397	2
223	1447	-2
223	1766	2
224	248	1
224	313	1
224	479	1
224	837	1
224	936	1
224	969	1
224	1507	2
224	1607	-2
224	1615	-2
225	308	1
225	315	1
225	913	1
225	1462	2
225	1754	-2
225	1902	-2
226	425	1
226	604	1
226	674	1
226	740	1
226	775	1
226	910	1
226	1128	-2
226	1171	2
226	1812	-2
227	297	1
227	383	1
227	552	1
227	753	1
227	1089	2
227	1828	2
227	1981	2
228	412	1
228	484	1
228	523	1
228	774	1
228	957	1
228	1408	-2
228	1714	-2
228	1876	2
229	288	1
229	504	1
229	629	1
229	633	1
229	709	1
229	827	1
229	1117	-2
229	1411	2
229	1758	2
230	472	1
230	787	1
230	797	1
230	931	1
230	1007	1
230	1297	2
230	1361	2
230	1695	-2
231	341	1
231	656	1
231	847	1
231	1267	2
231	1731	-2
231	1998	-2
232	578	1
232	619	1
232	624	1
232	740	1
232	937	1
232	1312	-2
232	1586	-2
232	2019	-2
233	480	1
233	597	1
233	645	1
233	769	1
233	955	1
233	1403	-2
233	1964	-2
233	1977	-2
234	498	1
234	903	1
234	910	1
234	972	1
234	1197	-2
234	1721	-2
234	1805	-2
235	349	1
235	359	1
235	637	1
235	694	1
235	904	1
235	978	1
235	1315	-2
235	1428	2
235	1494	-2
236	464	1
236	630	1
236	766	1
236	822	1
236	826	1
236	1295	2
236	1776	2
236	1959	2
237	311	1
237	336	1
237	458	1
237	483	1
237	809	1
237	1184	2
237	1763	-2
237	1879	2
238	403	1
238	596	1
238	678	1
238	859	1
238	914	1
238	954	1
238	1032	-2
238	1034	2
238	2015	2
239	275	1
239	572	1
239	689	1
239	759	1
239	1137	-2
239	1222	-2
239	1367	2
240	352	1
240	485	1
240	654	1
240	722	1
240	723	1
240	869	1
240	1068	-2
240	1540	2
240	1937	2
241	321	1
241	417	1
241	816	1
241	945	1
241	967	1
241	1076	-2
241	1624	2
241	1958	-2
242	424	1
242	587	1
242	679	1
242	768	1
242	1301	2
242	1732	2
242	1897	2
243	291	1
243	438	1
243	650	1
243	792	1
243	806	1
243	869	1
243	1757	-2
243	1858	2
243	1869	2
244	512	1
244	606	1
244	639	1
244	872	1
244	1015	1
244	1040	2
244	1093	2
244	1325	2
245	383	1
245	614	1
245	615	1
245	946	1
245	1447	-2
245	1841	2
245	1999	2
246	274	1
246	536	1
246	845	1
246	904	1
246	1157	-2
246	1648	2
246	1770	-2
247	254	1
247	500	1
247	640	1
247	983	1
247	1170	-2
247	1203	-2
247	1456	-2
248	257	1
248	445	1
248	479	1
248	1507	2
248	1716	-2
248	1925	2
249	455	1
249	474	1
249	544	1
249	735	1
249	1004	1
249	1493	2
249	1824	2
249	1851	-2
250	269	1
250	272	1
250	624	1
250	818	1
250	872	1
250	883	1
250	1426	2
250	1484	2
250	1575	2
251	342	1
251	1205	2
251	1530	-2
251	1928	-2
252	323	1
252	382	1
252	486	1
252	647	1
252	970	1
252	1065	2
252	1449	2
252	1884	2
253	309	1
253	519	1
253	849	1
253	897	1
253	907	1
253	1399	2
253	1717	2
253	1950	-2
254	518	1
254	569	1
254	640	1
254	748	1
254	749	1
254	1203	-2
254	1480	2
254	1980	-2
255	310	1
255	429	1
255	435	1
255	437	1
255	752	1
255	1557	-2
255	1697	2
255	1793	-2
256	472	1
256	665	1
256	682	1
256	932	1
256	951	1
256	1125	-2
256	1735	2
256	1916	-2
257	304	1
257	572	1
257	720	1
257	1469	2
257	1667	-2
257	1925	2
258	487	1
258	545	1
258	692	1
258	709	1
258	1437	-2
258	1871	-2
258	1975	2
259	346	1
259	424	1
259	469	1
259	664	1
259	791	1
259	853	1
259	1175	2
259	1725	-2
259	1806	2
260	594	1
260	829	1
260	947	1
260	968	1
260	1154	2
260	1766	2
260	1984	2
261	361	1
261	431	1
261	746	1
261	1196	2
261	1226	-2
261	1546	2
262	459	1
262	734	1
262	780	1
262	818	1
262	889	1
262	1150	-2
262	1520	2
262	1646	-2
263	406	1
263	469	1
263	513	1
263	808	1
263	977	1
263	1134	-2
263	1476	-2
263	1941	-2
264	564	1
264	608	1
264	850	1
264	901	1
264	1308	-2
264	1552	-2
264	1802	2
265	458	1
265	657	1
265	684	1
265	1644	-2
265	1727	2
265	1877	2
266	570	1
266	595	1
266	797	1
266	820	1
266	997	1
266	1010	1
266	1360	-2
266	1419	2
266	1803	-2
267	293	1
267	329	1
267	575	1
267	1146	2
267	1839	-2
267	2041	2
268	448	1
268	471	1
268	690	1
268	1079	2
268	1110	-2
268	1746	-2
269	272	1
269	286	1
269	381	1
269	437	1
269	473	1
269	1484	2
269	1675	-2
269	1690	-2
270	555	1
270	646	1
270	891	1
270	1169	-2
270	1987	2
270	2003	2
271	428	1
271	440	1
271	607	1
271	832	1
271	853	1
271	1127	2
271	1501	-2
271	1671	-2
272	538	1
272	745	1
272	1484	2
272	1596	-2
272	1639	-2
273	308	1
273	377	1
273	485	1
273	676	1
273	758	1
273	1333	2
273	1390	2
273	1458	2
274	349	1
274	625	1
274	704	1
274	717	1
274	1136	2
274	1648	2
274	2026	-2
275	401	1
275	502	1
275	936	1
275	1222	-2
275	1400	-2
275	1405	2
276	463	1
276	550	1
276	592	1
276	985	1
276	1726	-2
276	1750	-2
276	1954	-2
277	349	1
277	607	1
277	636	1
277	921	1
277	955	1
277	1496	-2
277	1534	2
277	1734	2
278	374	1
278	514	1
278	521	1
278	889	1
278	950	1
278	1345	-2
278	1352	2
278	1978	2
279	468	1
279	605	1
279	794	1
279	835	1
279	836	1
279	1372	-2
279	1555	2
279	1811	-2
280	348	1
280	481	1
280	622	1
280	840	1
280	861	1
280	970	1
280	1193	2
280	1660	2
280	1993	-2
281	305	1
281	307	1
281	526	1
281	940	1
281	941	1
281	1017	1
281	1216	-2
281	1649	-2
281	1972	2
282	353	1
282	355	1
282	479	1
282	510	1
282	568	1
282	722	1
282	1037	-2
282	1629	2
282	1931	2
283	290	2
283	403	1
283	522	1
283	831	1
283	1021	1
283	1038	-2
283	1140	-2
283	1156	2
284	454	1
284	638	1
284	666	1
284	984	1
284	998	1
284	1084	2
284	1126	-2
284	1213	2
285	395	1
285	597	1
285	600	1
285	601	1
285	638	1
285	1173	-2
285	1642	2
285	1684	2
286	358	1
286	473	1
286	598	1
286	874	1
286	1420	-2
286	1690	-2
286	1730	2
287	441	1
287	555	1
287	574	1
287	578	1
287	626	1
287	1505	2
287	1740	2
287	1751	2
288	504	1
288	744	1
288	775	1
288	805	1
288	1358	2
288	1758	2
288	1946	2
289	369	1
289	414	1
289	794	1
289	916	1
289	948	1
289	1000	1
289	1348	-2
289	1635	2
289	1693	-2
290	522	1
290	588	1
290	831	1
290	1022	1
290	1038	-2
290	1140	-2
290	1284	2
291	713	1
291	792	1
291	803	1
291	908	1
291	969	1
291	1138	-2
291	1708	2
291	1757	-2
292	419	1
292	541	1
292	560	1
292	860	1
292	993	1
292	1258	-2
292	1784	-2
292	2013	2
293	329	1
293	344	1
293	406	1
293	409	1
293	665	1
293	1146	2
293	1582	2
293	1633	2
294	410	1
294	771	1
294	926	1
294	1021	1
294	1780	-2
294	1856	2
294	2016	-2
295	299	1
295	343	1
295	850	1
295	990	1
295	1438	2
295	1720	2
295	1951	2
296	331	1
296	637	1
296	893	1
296	946	1
296	1224	-2
296	1511	2
296	1796	2
297	445	1
297	816	1
297	1089	2
297	1370	2
297	1854	-2
298	343	1
298	460	1
298	627	1
298	659	1
298	697	1
298	731	1
298	1857	2
298	1971	-2
298	2045	2
299	301	1
299	759	1
299	915	1
299	1030	2
299	1616	2
299	1951	2
300	450	1
300	532	1
300	560	1
300	663	1
300	892	1
300	1048	2
300	1296	2
300	1619	-2
301	377	1
301	475	1
301	527	1
301	973	1
301	1030	2
301	1384	2
301	1739	-2
302	543	1
302	660	1
302	953	1
302	966	1
302	986	1
302	1601	2
302	1683	2
302	1764	2
303	507	1
303	532	1
303	619	1
303	620	1
303	686	1
303	787	1
303	1230	2
303	1294	2
303	1395	2
304	379	1
304	533	1
304	577	1
304	720	1
304	1469	2
304	1610	2
304	1748	-2
305	335	1
305	409	1
305	485	1
305	526	1
305	838	1
305	1216	-2
305	1282	-2
305	1705	-2
306	319	1
306	451	1
306	499	1
306	796	1
306	1151	-2
306	1808	-2
306	1842	-2
307	911	1
307	940	1
307	1316	-2
307	1649	-2
307	1963	2
308	315	1
308	443	1
308	537	1
308	676	1
308	1390	2
308	1902	-2
308	1912	2
309	436	1
309	519	1
309	764	1
309	1027	2
309	1431	2
309	1717	2
310	330	1
310	437	1
310	859	1
310	1083	-2
310	1557	-2
310	1852	2
311	458	1
311	554	1
311	868	1
311	996	1
311	1687	2
311	1763	-2
311	1798	2
312	433	1
312	440	1
312	615	1
312	918	1
312	1075	-2
312	1103	-2
312	1199	-2
313	474	1
313	700	1
313	706	1
313	936	1
313	1255	-2
313	1615	-2
313	1753	2
314	319	1
314	354	1
314	743	1
314	1009	1
314	1241	-2
314	1547	-2
314	1905	-2
315	649	1
315	846	1
315	851	1
315	940	1
315	1396	-2
315	1504	-2
315	1902	-2
316	476	1
316	512	1
316	601	1
316	1011	1
316	1551	-2
316	1578	2
316	1603	2
317	534	1
317	666	1
317	697	1
317	874	1
317	1017	1
317	1046	-2
317	1189	2
317	1715	-2
318	348	1
318	426	1
318	496	1
318	674	1
318	766	1
318	1636	-2
318	1658	-2
318	2039	-2
319	451	1
319	743	1
319	1423	-2
319	1547	-2
319	1808	-2
320	399	1
320	423	1
320	876	1
320	879	1
320	1460	2
320	1640	2
320	1822	-2
321	362	1
321	564	1
321	739	1
321	816	1
321	1247	2
321	1958	-2
321	1970	2
322	380	1
322	718	1
322	729	1
322	875	1
322	948	1
322	1289	-2
322	1745	2
322	1966	2
323	535	1
323	618	1
323	751	1
323	842	1
323	1065	2
323	1499	-2
323	2009	2
324	454	1
324	548	1
324	683	1
324	894	1
324	949	1
324	1164	2
324	1353	2
324	1733	-2
325	541	1
325	592	1
325	713	1
325	1067	-2
325	1939	-2
325	1992	-2
326	490	1
326	927	1
326	980	1
326	1015	1
326	1523	2
326	1710	-2
326	1847	-2
327	417	1
327	434	1
327	641	1
327	783	1
327	1008	1
327	1314	-2
327	1686	2
327	2043	2
328	348	1
328	453	1
328	685	1
328	762	1
328	790	1
328	1432	2
328	1488	-2
328	1906	2
329	415	1
329	763	1
329	887	1
329	1146	2
329	1606	-2
329	2023	2
330	726	1
330	1810	2
330	1852	2
330	2027	2
331	709	1
331	876	1
331	895	1
331	1009	1
331	1195	-2
331	1224	-2
331	1602	2
332	470	1
332	583	1
332	819	1
332	913	1
332	1000	1
332	1335	-2
332	1406	2
332	1466	2
333	513	1
333	534	1
333	788	1
333	828	1
333	1229	2
333	1679	2
333	1832	-2
334	419	1
334	506	1
334	773	1
334	1532	-2
334	1549	-2
334	2030	-2
335	409	1
335	753	1
335	799	1
335	1282	-2
335	1413	2
335	1681	-2
336	361	1
336	367	1
336	413	1
336	809	1
336	1187	2
336	1853	-2
336	1879	2
337	762	1
337	950	1
337	988	1
337	994	1
337	1095	-2
337	1574	-2
337	1618	2
338	463	1
338	673	1
338	724	1
338	815	1
338	952	1
338	1102	2
338	1259	-2
338	1761	2
339	611	1
339	723	1
339	885	1
339	1005	1
339	1167	2
339	1402	-2
339	1436	2
340	387	1
340	481	1
340	504	1
340	667	1
340	958	1
340	1332	2
340	1472	-2
340	1641	-2
341	544	1
341	764	1
341	847	1
341	886	1
341	1194	2
341	1731	-2
341	1772	-2
342	388	1
342	631	1
342	917	1
342	1205	2
342	1465	2
342	1955	-2
343	643	1
343	731	1
343	850	1
343	1036	2
343	1720	2
343	1971	-2
344	406	1
344	641	1
344	1463	2
344	1582	2
344	1627	2
345	705	1
345	856	1
345	889	1
345	917	1
345	938	1
345	1722	-2
345	1801	2
345	2004	-2
346	469	1
346	584	1
346	712	1
346	756	1
346	1806	2
346	1818	2
346	1886	2
347	639	1
347	658	1
347	681	1
347	812	1
347	815	1
347	1387	2
347	1831	-2
347	1864	2
348	674	1
348	685	1
348	840	1
348	1193	2
348	1488	-2
348	1658	-2
349	717	1
349	904	1
349	1428	2
349	1734	2
349	2026	-2
350	392	1
350	724	1
350	858	1
350	926	1
350	1674	2
350	1760	2
350	1957	-2
351	356	1
351	657	1
351	691	1
351	833	1
351	1392	-2
351	1510	-2
351	1614	2
352	531	1
352	654	1
352	707	1
352	847	1
352	924	1
352	1068	-2
352	1223	2
352	1737	2
353	355	1
353	385	1
353	590	1
353	685	1
353	1037	-2
353	1218	-2
353	2046	-2
354	413	1
354	763	1
354	854	1
354	1024	1
354	1241	-2
354	1450	2
354	1752	-2
355	536	1
355	610	1
355	928	1
355	1037	-2
355	1129	-2
355	1587	2
356	436	1
356	1045	2
356	1392	-2
356	1623	2
357	443	1
357	510	1
357	809	1
357	920	1
357	926	1
357	1579	2
357	1840	2
357	2032	-2
358	372	1
358	598	1
358	985	1
358	1286	-2
358	1420	-2
358	1974	2
359	480	1
359	978	1
359	1020	1
359	1118	-2
359	1315	-2
359	1849	2
360	530	1
360	793	1
360	907	1
360	922	1
360	971	1
360	1524	-2
360	1883	-2
360	2012	2
361	601	1
361	1187	2
361	1226	-2
361	1846	2
362	432	1
362	519	1
362	739	1
362	756	1
362	1122	2
362	1634	2
362	1970	2
363	675	1
363	864	1
363	945	1
363	995	1
363	1291	-2
363	1820	2
363	2017	-2
364	515	1
364	737	1
364	781	1
364	951	1
364	1123	-2
364	1621	2
364	1650	2
365	492	1
365	530	1
365	760	1
365	844	1
365	860	1
365	1012	1
365	1572	-2
365	1645	2
365	2006	2
366	383	1
366	563	1
366	635	1
366	750	1
366	920	1
366	1022	1
366	1063	-2
366	1091	2
366	1676	-2
367	374	1
367	413	1
367	939	1
367	1324	-2
367	1439	-2
367	1853	-2
368	730	1
368	777	1
368	848	1
368	987	1
368	1190	2
368	1313	-2
368	1768	-2
369	377	1
369	747	1
369	794	1
369	937	1
369	1121	2
369	1183	2
369	1635	2
370	378	1
370	382	1
370	411	1
370	427	1
370	766	1
370	796	1
370	1211	2
370	1383	-2
370	1589	2
371	407	1
371	710	1
371	852	1
371	870	1
371	1206	2
371	1401	-2
371	1743	2
372	733	1
372	938	1
372	1250	2
372	1692	2
372	1974	2
373	616	1
373	779	1
373	798	1
373	845	1
373	1281	-2
373	1368	-2
373	1888	2
374	506	1
374	693	1
374	1324	-2
374	1680	-2
374	1978	2
375	566	1
375	648	1
375	1006	1
375	1012	1
375	1023	1
375	1706	2
375	1865	2
375	1989	-2
376	530	1
376	599	1
376	725	1
376	770	1
376	863	1
376	959	1
376	1180	-2
376	1232	2
376	1875	2
377	475	1
377	485	1
377	747	1
377	1121	2
377	1458	2
377	1739	-2
378	427	1
378	459	1
378	465	1
378	710	1
378	793	1
378	1087	-2
378	1211	2
378	1827	-2
379	465	1
379	577	1
379	863	1
379	987	1
379	1407	-2
379	1537	-2
379	1748	-2
380	687	1
380	698	1
380	875	1
380	896	1
380	1340	2
380	1819	-2
380	1966	2
381	402	1
381	437	1
381	510	1
381	589	1
381	684	1
381	1434	-2
381	1675	-2
381	1956	2
382	421	1
382	486	1
382	766	1
382	1306	2
382	1383	-2
382	1449	2
383	552	1
383	1022	1
383	1063	-2
383	1981	2
383	1999	2
384	442	1
384	478	1
384	573	1
384	728	1
384	750	1
384	1319	2
384	1861	-2
384	1926	-2
385	590	1
385	597	1
385	640	1
385	728	1
385	812	1
385	1218	-2
385	1236	-2
385	1500	2
386	455	1
386	545	1
386	576	1
386	772	1
386	837	1
386	941	1
386	1054	2
386	1471	-2
386	1807	2
387	405	1
387	667	1
387	707	1
387	843	1
387	1139	-2
387	1332	2
387	1430	2
388	631	1
388	934	1
388	1008	1
388	1465	2
388	1863	-2
388	1924	-2
389	450	1
389	465	1
389	582	1
389	965	1
389	1350	-2
389	1566	-2
389	1741	2
390	533	1
390	548	1
390	863	1
390	981	1
390	1002	1
390	1265	2
390	1594	2
390	1622	-2
391	400	1
391	760	1
391	806	1
391	840	1
391	984	1
391	1269	-2
391	1303	-2
391	1949	-2
392	547	1
392	575	1
392	587	1
392	858	1
392	1632	2
392	1860	2
392	1957	-2
393	547	1
393	801	1
393	864	1
393	941	1
393	966	1
393	987	1
393	1293	2
393	1787	-2
393	2038	2
394	488	1
394	509	1
394	575	1
394	790	1
394	1525	-2
394	1652	-2
394	1682	2
395	405	1
395	456	1
395	597	1
395	866	1
395	976	1
395	1133	-2
395	1642	2
395	1677	-2
396	448	1
396	613	1
396	827	1
396	881	1
396	1219	-2
396	1309	2
396	2005	2
397	428	1
397	945	1
397	979	1
397	982	1
397	1425	2
397	1481	2
397	1707	-2
398	475	1
398	525	1
398	648	1
398	689	1
398	844	1
398	880	1
398	1837	-2
398	1921	2
398	2031	-2
399	423	1
399	446	1
399	925	1
399	1009	1
399	1152	2
399	1165	-2
399	1822	-2
400	690	1
400	788	1
400	984	1
400	1490	-2
400	1815	2
400	1949	-2
401	642	1
401	703	1
401	1002	1
401	1330	2
401	1405	2
401	1979	2
402	589	1
402	662	1
402	672	1
402	831	1
402	1311	2
402	1434	-2
402	1508	-2
403	678	1
403	790	1
403	1021	1
403	1156	2
403	1513	-2
403	2015	2
404	415	1
404	729	1
404	789	1
404	821	1
404	996	1
404	1266	2
404	1344	-2
404	1919	2
405	456	1
405	605	1
405	843	1
405	924	1
405	1133	-2
405	1139	-2
405	1451	2
406	469	1
406	829	1
406	1582	2
406	1711	2
406	1941	-2
407	576	1
407	710	1
407	975	1
407	1401	-2
407	1446	2
407	1662	-2
408	528	1
408	815	1
408	830	1
408	845	1
408	975	1
408	1007	1
408	1035	2
408	1041	2
408	1799	-2
409	665	1
409	784	1
409	1282	-2
409	1633	2
409	1653	-2
410	634	1
410	741	1
410	1021	1
410	1235	2
410	1544	-2
410	2016	-2
411	412	1
411	659	1
411	700	1
411	771	1
411	796	1
411	1355	-2
411	1589	2
411	1696	-2
412	477	1
412	659	1
412	887	1
412	957	1
412	1408	-2
412	1696	-2
412	1833	2
413	977	1
413	1024	1
413	1752	-2
413	1853	-2
413	2029	-2
414	500	1
414	520	1
414	702	1
414	795	1
414	916	1
414	1029	-2
414	1348	-2
414	1605	2
415	763	1
415	821	1
415	919	1
415	1606	-2
415	1702	2
415	1919	2
416	481	1
416	713	1
416	831	1
416	934	1
416	1004	1
416	1518	2
416	1817	2
416	1976	2
417	434	1
417	502	1
417	967	1
417	1076	-2
417	1314	-2
417	1778	2
418	687	1
418	688	1
418	919	1
418	1166	2
418	1487	2
418	1825	2
419	507	1
419	1258	-2
419	1794	-2
419	2030	-2
420	912	1
420	920	1
420	947	1
420	1021	1
420	1249	2
420	1337	2
420	1893	2
421	634	1
421	661	1
421	813	1
421	1064	-2
421	1306	2
421	1904	2
422	540	1
422	699	1
422	749	1
422	1149	-2
422	1429	-2
422	1944	-2
423	578	1
423	738	1
423	776	1
423	836	1
423	1145	2
423	1822	-2
423	2044	-2
424	599	1
424	664	1
424	768	1
424	1175	2
424	1732	2
424	1843	-2
425	431	1
425	674	1
425	1128	-2
425	1192	2
425	1317	2
426	439	1
426	488	1
426	496	1
426	542	1
426	659	1
426	1561	-2
426	1816	-2
426	2039	-2
427	508	1
427	717	1
427	954	1
427	1043	-2
427	1211	2
427	1823	-2
428	477	1
428	607	1
428	1077	2
428	1481	2
428	1501	-2
429	643	1
429	721	1
429	752	1
429	918	1
429	1245	2
429	1338	-2
429	1793	-2
430	539	1
430	691	1
430	746	1
430	906	1
430	957	1
430	1272	2
430	1576	-2
430	1962	-2
431	432	1
431	746	1
431	877	1
431	1317	2
431	1546	2
431	1797	2
432	503	1
432	519	1
432	877	1
432	1085	2
432	1122	2
432	1797	2
433	468	1
433	615	1
433	898	1
433	1103	-2
433	1363	-2
433	2033	-2
434	513	1
434	623	1
434	1251	-2
434	1314	-2
434	1986	-2
435	525	1
435	683	1
435	743	1
435	777	1
435	1271	-2
435	1697	2
435	1755	2
436	581	1
436	1045	2
436	1431	2
436	1440	2
437	512	1
437	1098	-2
437	1557	-2
437	1675	-2
438	675	1
438	806	1
438	857	1
438	870	1
438	1785	-2
438	1869	2
438	1913	2
439	488	1
439	553	1
439	677	1
439	994	1
439	1202	-2
439	1275	-2
439	1816	-2
440	728	1
440	832	1
440	930	1
440	1075	-2
440	1127	2
440	1997	2
441	574	1
441	623	1
441	628	1
441	654	1
441	1001	1
441	1100	-2
441	1505	2
441	1930	2
442	557	1
442	573	1
442	661	1
442	668	1
442	791	1
442	1319	2
442	1779	2
442	1988	-2
443	510	1
443	537	1
443	929	1
443	1022	1
443	1559	-2
443	1840	2
443	1912	2
444	447	1
444	546	1
444	561	1
444	868	1
444	1005	1
444	1153	-2
444	1168	2
444	1186	2
445	555	1
445	566	1
445	1370	2
445	1647	-2
445	1716	-2
446	682	1
446	758	1
446	854	1
446	1152	2
446	1378	-2
446	1424	-2
447	563	1
447	794	1
447	868	1
447	1147	2
447	1186	2
447	1565	2
448	613	1
448	690	1
448	852	1
448	973	1
448	1079	2
448	1130	2
448	2005	2
449	521	1
449	825	1
449	1017	1
449	1023	1
449	1208	-2
449	1273	2
449	1872	-2
450	892	1
450	979	1
450	1296	2
450	1566	-2
450	2042	2
451	748	1
451	800	1
451	935	1
451	1563	-2
451	1782	-2
451	1808	-2
452	498	1
452	858	1
452	895	1
452	1060	-2
452	1685	-2
452	1744	2
453	454	1
453	487	1
453	762	1
453	769	1
453	963	1
453	1071	-2
453	1432	2
453	1836	2
454	487	1
454	666	1
454	949	1
454	1084	2
454	1164	2
454	1836	2
455	772	1
455	867	1
455	1054	2
455	1201	2
455	1851	-2
456	488	1
456	627	1
456	1133	-2
456	1651	2
456	1909	-2
457	526	1
457	593	1
457	661	1
457	944	1
457	967	1
457	992	1
457	1393	-2
457	1415	2
457	1448	2
458	684	1
458	1006	1
458	1404	2
458	1727	2
458	1763	-2
459	465	1
459	573	1
459	768	1
459	780	1
459	1087	-2
459	1520	2
459	1609	2
460	659	1
460	774	1
460	948	1
460	1283	-2
460	1485	-2
460	1857	2
461	668	1
461	742	1
461	743	1
461	939	1
461	1416	2
461	1786	2
461	1935	-2
462	508	1
462	556	1
462	616	1
462	654	1
462	734	1
462	871	1
462	1204	-2
462	1214	-2
462	1217	2
463	673	1
463	985	1
463	1018	1
463	1198	-2
463	1259	-2
463	1726	-2
464	517	1
464	630	1
464	756	1
464	851	1
464	1056	-2
464	1070	2
464	1959	2
465	582	1
465	1087	-2
465	1350	-2
465	1537	-2
466	698	1
466	914	1
466	986	1
466	1007	1
466	1172	2
466	1443	-2
466	1938	-2
467	518	1
467	529	1
467	820	1
467	858	1
467	935	1
467	1228	2
467	1346	2
467	1769	-2
468	726	1
468	794	1
468	1277	-2
468	1811	-2
468	2033	-2
469	958	1
469	1806	2
469	1929	-2
469	1941	-2
470	598	1
470	792	1
470	819	1
470	980	1
470	1406	2
470	1478	2
470	2037	-2
471	787	1
471	884	1
471	992	1
471	1108	2
471	1577	2
471	1746	-2
472	797	1
472	951	1
472	988	1
472	1125	-2
472	1361	2
472	1943	-2
473	677	1
473	712	1
473	834	1
473	1270	-2
473	1285	2
473	1690	-2
474	638	1
474	700	1
474	735	1
474	1012	1
474	1329	-2
474	1493	2
474	1753	2
475	525	1
475	538	1
475	1006	1
475	1739	-2
475	1837	-2
475	1948	-2
476	516	1
476	716	1
476	749	1
476	1112	-2
476	1515	-2
476	1603	2
477	516	1
477	783	1
477	887	1
477	1077	2
477	1106	2
477	1833	2
478	490	1
478	499	1
478	742	1
478	1227	-2
478	1861	-2
478	1953	2
479	568	1
479	897	1
479	1331	-2
479	1507	2
479	1629	2
480	1014	1
480	1020	1
480	1118	-2
480	1613	-2
480	1977	-2
481	504	1
481	861	1
481	1004	1
481	1641	-2
481	1976	2
481	1993	-2
482	529	1
482	635	1
482	686	1
482	803	1
482	899	1
482	908	1
482	1116	-2
482	1781	2
482	1940	-2
483	497	1
483	583	1
483	859	1
483	1184	2
483	1903	-2
483	2002	-2
484	523	1
484	565	1
484	617	1
484	797	1
484	898	1
484	1158	-2
484	1366	2
484	1714	-2
485	723	1
485	838	1
485	1458	2
485	1540	2
485	1705	-2
486	527	1
486	604	1
486	701	1
486	801	1
486	1094	2
486	1185	2
486	1449	2
487	692	1
487	715	1
487	734	1
487	1836	2
487	1969	2
487	1975	2
488	627	1
488	1525	-2
488	1816	-2
488	1909	-2
489	543	1
489	593	1
489	626	1
489	793	1
489	849	1
489	891	1
489	1491	2
489	1597	2
489	1862	-2
490	509	1
490	742	1
490	806	1
490	980	1
490	1386	2
490	1710	-2
490	1953	2
491	698	1
491	740	1
491	871	1
491	1376	2
491	1459	2
491	1790	-2
492	688	1
492	724	1
492	880	1
492	915	1
492	1012	1
492	1474	-2
492	1572	-2
492	1585	2
493	639	1
493	680	1
493	798	1
493	930	1
493	961	1
493	1004	1
493	1489	2
493	1666	-2
493	1920	2
494	501	1
494	549	1
494	837	1
494	996	1
494	1536	-2
494	1749	2
494	1900	2
495	629	1
495	824	1
495	925	1
495	1162	2
495	1278	-2
495	2014	2
496	862	1
496	874	1
496	1099	-2
496	1598	2
496	2039	-2
497	630	1
497	761	1
497	859	1
497	1889	-2
497	2002	-2
497	2018	2
498	678	1
498	910	1
498	1060	-2
498	1197	-2
498	1233	-2
499	673	1
499	757	1
499	796	1
499	1227	-2
499	1529	-2
499	1842	-2
500	520	1
500	590	1
500	1029	-2
500	1456	-2
500	1569	-2
501	633	1
501	719	1
501	837	1
501	1870	2
501	1900	2
501	2036	2
502	854	1
502	936	1
502	1119	2
502	1400	-2
502	1778	2
503	751	1
503	866	1
503	955	1
503	971	1
503	1085	2
503	1320	2
503	1323	2
504	508	1
504	816	1
504	1131	-2
504	1641	-2
504	1758	2
505	534	1
505	640	1
505	869	1
505	964	1
505	977	1
505	1113	-2
505	1135	2
505	1838	-2
506	647	1
506	693	1
506	803	1
506	1374	2
506	1549	-2
506	1680	-2
507	686	1
507	908	1
507	1395	2
507	1794	-2
507	1982	-2
508	734	1
508	816	1
508	1043	-2
508	1131	-2
508	1214	-2
509	575	1
509	657	1
509	806	1
509	1081	2
509	1386	2
509	1682	2
510	684	1
510	722	1
510	1840	2
510	1931	2
510	1956	2
511	907	1
511	942	1
511	959	1
511	1011	1
511	1207	-2
511	1418	-2
511	1564	-2
512	606	1
512	1098	-2
512	1325	2
512	1578	2
513	828	1
513	977	1
513	1476	-2
513	1832	-2
513	1986	-2
514	521	1
514	602	1
514	665	1
514	1163	2
514	1352	2
514	1995	-2
515	587	1
515	861	1
515	903	1
515	982	1
515	1053	-2
515	1621	2
515	1638	-2
516	714	1
516	716	1
516	747	1
516	783	1
516	1106	2
516	1112	-2
516	1341	-2
517	672	1
517	736	1
517	851	1
517	892	1
517	894	1
517	1056	-2
517	1256	2
517	1322	-2
518	748	1
518	801	1
518	890	1
518	935	1
518	1228	2
518	1480	2
518	1855	-2
519	562	1
519	1122	2
519	1470	2
519	1717	2
520	535	1
520	583	1
520	1029	-2
520	1475	2
520	1538	2
521	656	1
521	825	1
521	944	1
521	1352	2
521	1724	2
521	1872	-2
522	606	1
522	685	1
522	896	1
522	1015	1
522	1140	-2
522	1318	-2
522	1517	2
523	658	1
523	839	1
523	1531	2
523	1714	-2
523	1809	-2
524	706	1
524	731	1
524	807	1
524	1765	2
524	1783	-2
524	2011	-2
525	537	1
525	658	1
525	683	1
525	1271	-2
525	1550	2
525	1837	-2
526	944	1
526	1074	2
526	1216	-2
526	1415	2
527	604	1
527	669	1
527	973	1
527	1094	2
527	1191	2
527	1384	2
528	845	1
528	1035	2
528	1090	-2
528	1670	-2
529	820	1
529	908	1
529	909	1
529	925	1
529	1033	2
529	1346	2
529	1940	-2
530	860	1
530	863	1
530	1232	2
530	1524	-2
530	1645	2
531	609	1
531	649	1
531	847	1
531	921	1
531	1105	2
531	1223	2
531	1901	-2
532	620	1
532	645	1
532	778	1
532	1294	2
532	1619	-2
532	1887	-2
533	567	1
533	1002	1
533	1591	-2
533	1594	2
533	1610	2
534	640	1
534	788	1
534	874	1
534	1135	2
534	1229	2
534	1715	-2
535	583	1
535	618	1
535	961	1
535	1538	2
535	1593	-2
535	2009	2
536	753	1
536	875	1
536	928	1
536	1321	2
536	1587	2
536	1770	-2
537	632	1
537	658	1
537	1533	-2
537	1550	2
537	1912	2
538	741	1
538	745	1
538	1006	1
538	1596	-2
538	1736	2
538	1948	-2
539	549	1
539	746	1
539	752	1
539	1008	1
539	1073	-2
539	1182	2
539	1962	-2
540	960	1
540	1243	-2
540	1932	-2
540	1944	-2
541	626	1
541	860	1
541	902	1
541	1784	-2
541	1911	2
541	1992	-2
542	659	1
542	711	1
542	842	1
542	1351	2
542	1561	-2
542	1775	2
543	782	1
543	891	1
543	894	1
543	986	1
543	1597	2
543	1764	2
543	1850	-2
544	666	1
544	764	1
544	767	1
544	1004	1
544	1772	-2
544	1777	2
544	1824	2
545	576	1
545	709	1
545	950	1
545	1807	2
545	1871	-2
545	1985	2
546	721	1
546	809	1
546	1005	1
546	1168	2
546	1826	-2
546	1830	-2
547	575	1
547	801	1
547	1159	-2
547	1632	2
547	2038	2
548	863	1
548	894	1
548	899	1
548	1020	1
548	1080	-2
548	1265	2
548	1353	2
549	660	1
549	996	1
549	1008	1
549	1182	2
549	1749	2
549	1994	2
550	747	1
550	786	1
550	912	1
550	979	1
550	1115	2
550	1339	2
550	1750	-2
551	582	1
551	846	1
551	906	1
551	967	1
551	1049	2
551	1239	-2
551	1526	-2
552	625	1
552	696	1
552	841	1
552	915	1
552	1349	-2
552	1519	2
552	1981	2
553	726	1
553	931	1
553	976	1
553	1253	2
553	1275	-2
553	1620	2
554	695	1
554	736	1
554	996	1
554	1464	-2
554	1699	2
554	1798	2
555	566	1
555	626	1
555	1169	-2
555	1647	-2
555	1751	2
556	608	1
556	654	1
556	763	1
556	868	1
556	964	1
556	1217	2
556	1280	2
556	1292	-2
557	596	1
557	663	1
557	707	1
557	791	1
557	860	1
557	1590	-2
557	1945	2
557	1988	-2
558	585	1
558	594	1
558	605	1
558	829	1
558	1556	2
558	1573	2
558	2024	2
559	643	1
559	649	1
559	919	1
559	1298	2
559	1560	-2
559	1665	-2
560	663	1
560	745	1
560	993	1
560	1048	2
560	1373	2
560	2013	2
561	732	1
561	773	1
561	843	1
561	1153	-2
561	1356	2
561	1895	2
562	628	1
562	653	1
562	705	1
562	1013	1
562	1470	2
562	1691	-2
562	1774	-2
563	920	1
563	1565	2
563	1676	-2
563	2035	2
564	668	1
564	857	1
564	901	1
564	1247	2
564	1342	2
564	1552	-2
565	797	1
565	870	1
565	981	1
565	1086	-2
565	1366	2
565	1719	2
566	804	1
566	1006	1
566	1647	-2
566	1673	2
566	1706	2
567	570	1
567	675	1
567	680	1
567	1178	-2
567	1200	-2
567	1591	-2
568	711	1
568	757	1
568	1377	2
568	1629	2
568	1874	2
569	749	1
569	814	1
569	1980	-2
569	2028	2
569	2040	2
570	680	1
570	799	1
570	997	1
570	1178	-2
570	1307	2
570	1360	-2
571	589	1
571	650	1
571	702	1
571	931	1
571	956	1
571	984	1
571	1026	-2
571	1058	-2
571	1762	2
572	702	1
572	971	1
572	1137	-2
572	1608	2
572	1667	-2
573	768	1
573	1003	1
573	1319	2
573	1609	2
573	1791	2
574	611	1
574	781	1
574	791	1
574	911	1
574	1486	-2
574	1505	2
574	1866	-2
575	1632	2
575	1682	2
575	2041	2
576	878	1
576	1260	2
576	1446	2
576	1807	2
577	912	1
577	939	1
577	1495	2
577	1514	2
577	1748	-2
578	836	1
578	1740	2
578	2019	-2
578	2044	-2
579	585	1
579	599	1
579	785	1
579	881	1
579	893	1
579	964	1
579	1246	-2
579	1254	2
579	1654	-2
580	742	1
580	777	1
580	832	1
580	880	1
580	1057	-2
580	1302	2
580	2034	2
581	697	1
581	703	1
581	884	1
581	1148	2
581	1440	2
581	1567	2
582	761	1
582	1239	-2
582	1350	-2
582	2007	-2
583	1466	2
583	1538	2
583	1903	-2
584	652	1
584	677	1
584	712	1
584	1215	-2
584	1756	-2
584	1818	2
585	599	1
585	900	1
585	932	1
585	1573	2
585	1654	-2
585	1910	2
586	590	1
586	648	1
586	835	1
586	902	1
586	1595	-2
586	1813	-2
586	1961	-2
587	982	1
587	1638	-2
587	1860	2
587	1897	2
588	608	1
588	644	1
588	729	1
588	957	1
588	1022	1
588	1284	2
588	1290	-2
588	1728	2
589	676	1
589	702	1
589	1026	-2
589	1434	-2
589	1729	-2
590	1218	-2
590	1569	-2
590	1813	-2
591	635	1
591	662	1
591	694	1
591	890	1
591	1347	2
591	1453	-2
591	1492	2
592	679	1
592	713	1
592	968	1
592	1468	2
592	1939	-2
592	1954	-2
593	618	1
593	793	1
593	805	1
593	967	1
593	1210	-2
593	1448	2
593	1491	2
594	603	1
594	1154	2
594	1996	-2
594	2024	2
595	797	1
595	990	1
595	1419	2
595	1477	2
595	1497	-2
596	707	1
596	859	1
596	968	1
596	1032	-2
596	1590	-2
596	1672	2
597	728	1
597	769	1
597	1236	-2
597	1403	-2
597	1642	2
598	695	1
598	980	1
598	1420	-2
598	1625	-2
598	2037	-2
599	959	1
599	1180	-2
599	1654	-2
599	1843	-2
600	601	1
600	785	1
600	825	1
600	873	1
600	1104	2
600	1379	-2
600	1684	2
601	1011	1
601	1551	-2
601	1684	2
601	1846	2
602	665	1
602	901	1
602	943	1
602	975	1
602	1163	2
602	1263	2
602	1553	-2
603	833	1
603	994	1
603	1031	-2
603	1177	-2
603	1996	-2
604	775	1
604	1094	2
604	1171	2
604	1738	2
605	829	1
605	836	1
605	924	1
605	1451	2
605	1555	2
605	1556	2
606	685	1
606	686	1
606	1318	-2
606	1325	2
606	1664	-2
607	879	1
607	921	1
607	966	1
607	1501	-2
607	1534	2
607	1965	2
608	644	1
608	763	1
608	1290	-2
608	1292	-2
608	1802	2
609	636	1
609	649	1
609	725	1
609	828	1
609	1105	2
609	1461	2
609	1701	2
610	696	1
610	830	1
610	1002	1
610	1052	2
610	1129	-2
610	1516	-2
611	779	1
611	791	1
611	888	1
611	1167	2
611	1482	2
611	1486	-2
612	866	1
612	882	1
612	929	1
612	1174	-2
612	1444	2
612	1934	-2
613	956	1
613	1044	2
613	1442	-2
613	2005	2
614	647	1
614	946	1
614	1010	1
614	1502	-2
614	1789	2
614	1841	2
615	933	1
615	1103	-2
615	1447	-2
615	1859	-2
616	730	1
616	871	1
616	933	1
616	1204	-2
616	1281	-2
616	1880	-2
617	646	1
617	703	1
617	862	1
617	898	1
617	956	1
617	1158	-2
617	1657	-2
617	1845	-2
618	805	1
618	1210	-2
618	1503	2
618	2009	2
619	624	1
619	769	1
619	787	1
619	851	1
619	1230	2
619	1299	-2
619	1586	-2
620	771	1
620	1294	2
620	1304	-2
620	1343	-2
621	833	1
621	933	1
621	949	1
621	989	1
621	1257	2
621	1473	2
621	1479	-2
622	642	1
622	841	1
622	970	1
622	1011	1
622	1457	-2
622	1660	2
622	1878	-2
623	672	1
623	1001	1
623	1251	-2
623	1678	-2
623	1930	2
624	872	1
624	1426	2
624	1586	-2
624	2025	2
625	704	1
625	789	1
625	915	1
625	1136	2
625	1349	-2
625	1918	2
626	849	1
626	902	1
626	1751	2
626	1862	-2
626	1911	2
627	697	1
627	865	1
627	895	1
627	1050	2
627	1909	-2
627	2045	2
628	654	1
628	705	1
628	727	1
628	821	1
628	1100	-2
628	1238	2
628	1774	-2
629	676	1
629	800	1
629	824	1
629	827	1
629	1411	2
629	1898	2
629	2014	2
630	1014	1
630	1467	-2
630	1959	2
630	2018	2
631	823	1
631	914	1
631	1465	2
631	1612	-2
631	1656	-2
632	844	1
632	1455	2
632	1533	-2
632	1867	2
633	709	1
633	820	1
633	980	1
633	1109	-2
633	1117	-2
633	1870	2
634	661	1
634	899	1
634	1016	1
634	1064	-2
634	1305	-2
634	1544	-2
635	686	1
635	750	1
635	1091	2
635	1116	-2
635	1347	2
636	725	1
636	838	1
636	955	1
636	1461	2
636	1496	-2
636	1545	-2
637	694	1
637	893	1
637	949	1
637	1003	1
637	1494	-2
637	1512	-2
637	1796	2
638	998	1
638	1012	1
638	1173	-2
638	1213	2
638	1329	-2
639	681	1
639	798	1
639	872	1
639	1040	2
639	1489	2
639	1831	-2
640	812	1
640	1135	2
640	1203	-2
640	1500	2
641	1008	1
641	1463	2
641	1581	2
641	2043	2
642	841	1
642	988	1
642	1240	2
642	1330	2
642	1878	-2
643	649	1
643	1036	2
643	1338	-2
643	1560	-2
644	785	1
644	883	1
644	1290	-2
644	1643	2
644	1663	-2
645	765	1
645	778	1
645	955	1
645	1887	-2
645	1964	-2
645	2010	2
646	862	1
646	891	1
646	1845	-2
646	1991	2
646	2003	2
647	803	1
647	970	1
647	1010	1
647	1374	2
647	1502	-2
647	1884	2
648	835	1
648	844	1
648	1012	1
648	1595	-2
648	1921	2
648	1989	-2
649	940	1
649	1105	2
649	1396	-2
649	1560	-2
650	811	1
650	814	1
650	869	1
650	984	1
650	1058	-2
650	1700	2
650	1858	2
651	824	1
651	932	1
651	1025	2
651	1176	-2
651	1568	2
652	664	1
652	677	1
652	819	1
652	1024	1
652	1541	-2
652	1661	-2
652	1756	-2
653	848	1
653	881	1
653	961	1
653	1013	1
653	1141	2
653	1391	-2
653	1691	-2
654	1068	-2
654	1100	-2
654	1217	2
655	745	1
655	927	1
655	995	1
655	1334	-2
655	1445	-2
655	2020	-2
656	683	1
656	807	1
656	944	1
656	1276	2
656	1724	2
656	1998	-2
657	691	1
657	1081	2
657	1510	-2
657	1644	-2
658	1387	2
658	1550	2
658	1809	-2
659	1561	-2
659	1696	-2
659	1857	2
660	909	1
660	966	1
660	1570	2
660	1601	2
660	1994	2
661	668	1
661	992	1
661	1064	-2
661	1393	-2
661	1779	2
662	993	1
662	1492	2
662	1508	-2
662	1881	-2
663	852	1
663	860	1
663	1048	2
663	1160	-2
663	1945	2
664	765	1
664	786	1
664	1024	1
664	1175	2
664	1541	-2
664	1703	2
665	1163	2
665	1633	2
665	1735	2
666	767	1
666	1017	1
666	1046	-2
666	1084	2
666	1777	2
667	671	1
667	839	1
667	1107	2
667	1332	2
667	1414	2
668	857	1
668	939	1
668	1342	2
668	1779	2
668	1935	-2
669	862	1
669	1191	2
669	1412	2
669	1759	2
670	946	1
670	982	1
670	989	1
670	1244	2
670	1522	2
670	1588	-2
671	754	1
671	795	1
671	839	1
671	857	1
671	1107	2
671	1542	2
671	1835	-2
672	736	1
672	831	1
672	1256	2
672	1311	2
672	1678	-2
673	757	1
673	1019	1
673	1220	2
673	1259	-2
673	1529	-2
674	700	1
674	974	1
674	1128	-2
674	1655	2
674	1658	-2
675	870	1
675	945	1
675	1200	-2
675	1291	-2
675	1913	2
676	800	1
676	1390	2
676	1729	-2
676	1898	2
677	994	1
677	1202	-2
677	1270	-2
677	1756	-2
678	706	1
678	812	1
678	1114	-2
678	1233	-2
678	2015	2
679	885	1
679	968	1
679	1301	2
679	1397	2
679	1468	2
680	930	1
680	953	1
680	1178	-2
680	1666	-2
680	1947	2
681	733	1
681	884	1
681	1001	1
681	1498	-2
681	1554	-2
681	1831	-2
682	741	1
682	932	1
682	1424	-2
682	1604	2
682	1916	-2
683	807	1
683	1271	-2
683	1276	2
683	1733	-2
684	1375	2
684	1727	2
684	1956	2
685	1318	-2
685	1488	-2
685	2046	-2
686	1116	-2
686	1395	2
686	1664	-2
687	896	2
687	1166	2
687	1689	-2
687	1819	-2
688	724	1
688	847	1
688	917	1
688	919	1
688	1585	2
688	1825	2
688	1885	-2
689	759	1
689	880	1
689	910	1
689	940	1
689	1367	2
689	1659	2
689	2031	-2
690	778	1
690	788	1
690	1079	2
690	1815	2
690	1891	-2
691	892	1
691	1088	2
691	1510	-2
691	1576	-2
692	1069	2
692	1142	2
692	1975	2
693	755	1
693	883	1
693	1300	2
693	1680	-2
693	1952	2
694	730	1
694	890	1
694	909	1
694	1287	-2
694	1453	-2
694	1494	-2
695	973	1
695	1018	1
695	1062	-2
695	1625	-2
695	1699	2
696	810	1
696	830	1
696	841	1
696	1052	2
696	1519	2
696	1630	-2
697	1189	2
697	1567	2
697	2045	2
698	986	1
698	1340	2
698	1443	-2
698	1459	2
699	821	1
699	1354	2
699	1429	-2
699	1894	-2
700	771	1
700	974	1
700	1355	-2
700	1655	2
700	1753	2
701	801	1
701	923	1
701	1179	2
701	1185	2
701	1454	-2
702	795	1
702	971	1
702	1026	-2
702	1605	2
702	1608	2
703	884	1
703	956	1
703	1002	1
703	1148	2
703	1657	-2
703	1979	2
704	720	1
704	855	1
704	952	1
704	965	1
704	1061	-2
704	1136	2
704	1161	-2
705	917	1
705	1774	-2
705	1792	-2
705	2004	-2
706	807	1
706	812	1
706	1114	-2
706	1255	-2
706	1783	-2
707	924	1
707	1430	2
707	1590	-2
707	1737	2
708	814	1
708	848	1
708	882	1
708	1409	2
708	1584	-2
708	1712	2
709	1009	1
709	1117	-2
709	1195	-2
709	1871	-2
710	727	1
710	793	1
710	1209	-2
710	1401	-2
710	1827	-2
711	890	1
711	1042	2
711	1351	2
711	1377	2
712	834	1
712	1285	2
712	1818	2
712	1973	2
713	803	1
713	934	1
713	1138	-2
713	1518	2
713	1939	-2
714	747	1
714	760	1
714	843	1
714	861	1
714	981	1
714	1341	-2
714	1369	-2
714	1771	-2
715	732	1
715	734	1
715	922	1
715	1441	-2
715	1709	-2
715	1969	2
716	718	1
716	779	1
716	1112	-2
716	1371	2
716	1892	2
717	954	1
717	1528	-2
717	1823	-2
717	2026	-2
718	948	1
718	953	1
718	1371	2
718	1398	2
718	1745	2
719	755	1
719	905	1
719	972	1
719	1212	2
719	1389	2
719	2036	2
720	965	1
720	1161	-2
720	1237	2
720	1469	2
721	918	1
721	1245	2
721	1583	-2
721	1826	-2
722	830	1
722	869	1
722	1242	2
722	1931	2
722	1937	2
723	867	1
723	885	1
723	1097	2
723	1402	-2
723	1540	2
724	815	1
724	1585	2
724	1760	2
724	1761	2
725	761	1
725	770	1
725	1435	-2
725	1461	2
725	1875	2
726	976	1
726	1277	-2
726	1620	2
726	1810	2
727	821	1
727	997	1
727	1209	-2
727	1238	2
727	1788	-2
728	750	1
728	930	1
728	1236	-2
728	1926	-2
728	1997	2
729	789	1
729	957	1
729	1289	-2
729	1344	-2
729	1728	2
730	777	1
730	909	1
730	933	1
730	1190	2
730	1287	-2
730	1880	-2
731	992	1
731	1381	2
731	1971	-2
731	2011	-2
732	773	1
732	922	1
732	934	1
732	1385	-2
732	1709	-2
732	1895	2
733	1001	1
733	1013	1
733	1250	2
733	1554	-2
733	1617	-2
734	889	1
734	1214	-2
734	1646	-2
734	1969	2
735	841	1
735	1493	2
735	1933	-2
735	1942	2
736	811	1
736	1256	2
736	1464	-2
736	2047	2
737	755	1
737	781	1
737	942	1
737	1388	2
737	1650	2
737	1882	-2
738	776	1
738	855	1
738	878	1
738	1145	2
738	1600	2
738	1914	2
739	799	1
739	886	1
739	985	1
739	1111	-2
739	1326	-2
739	1970	2
740	910	1
740	937	1
740	1312	-2
740	1376	2
740	1812	-2
741	1235	2
741	1604	2
741	1736	2
742	743	1
742	1057	-2
742	1786	2
742	1953	2
743	777	1
743	1547	-2
743	1755	2
743	1786	2
744	802	1
744	805	1
744	826	1
744	1483	2
744	1698	2
744	1946	2
745	1373	2
745	1445	-2
745	1596	-2
746	1016	1
746	1546	2
746	1688	2
746	1962	-2
747	979	1
747	1121	2
747	1339	2
747	1341	-2
748	800	1
748	823	1
748	1019	1
748	1357	-2
748	1480	2
748	1563	-2
749	1149	-2
749	1515	-2
749	1980	-2
750	991	1
750	1091	2
750	1336	-2
750	1926	-2
751	842	1
751	951	1
751	971	1
751	1323	2
751	1380	-2
751	1499	-2
752	885	1
752	927	1
752	1073	-2
752	1268	2
752	1793	-2
753	875	1
753	1321	2
753	1413	2
753	1828	2
754	788	1
754	983	1
754	1328	2
754	1542	2
754	1795	2
755	883	1
755	1212	2
755	1388	2
755	1952	2
756	1070	2
756	1634	2
756	1886	2
757	838	1
757	1039	-2
757	1529	-2
757	1874	2
758	770	1
758	817	1
758	854	1
758	1333	2
758	1378	-2
758	1960	2
759	915	1
759	1019	1
759	1367	2
759	1616	2
759	1873	-2
760	806	1
760	843	1
760	844	1
760	1303	-2
760	1369	-2
760	2006	2
761	1435	-2
761	1889	-2
761	2007	-2
762	842	1
762	994	1
762	1234	2
762	1432	2
762	1618	2
763	854	1
763	1292	-2
763	1450	2
763	1606	-2
764	930	1
764	1027	2
764	1772	-2
764	1814	-2
765	786	1
765	875	1
765	960	1
765	1703	2
765	1908	-2
765	2010	2
766	826	1
766	1295	2
766	1383	-2
766	1636	-2
767	867	1
767	1225	2
767	1433	2
767	1777	2
768	1143	2
768	1609	2
768	1732	2
769	851	1
769	963	1
769	1071	-2
769	1299	-2
769	1403	-2
770	776	1
770	782	1
770	817	1
770	1875	2
770	1907	2
770	1960	2
771	1304	-2
771	1355	-2
771	1780	-2
772	1054	2
772	1382	2
772	1427	-2
773	834	1
773	923	1
773	1532	-2
773	1895	2
773	1967	-2
774	948	1
774	1283	-2
774	1410	2
774	1876	2
775	1171	2
775	1358	2
775	1718	2
776	782	1
776	1145	2
776	1571	2
776	1907	2
777	1190	2
777	1755	2
777	2034	2
778	805	1
778	853	1
778	1155	2
778	1887	-2
778	1891	-2
779	798	1
779	888	1
779	1482	2
779	1888	2
779	1892	2
780	783	1
780	1221	-2
780	1288	-2
780	1520	2
781	835	1
781	911	1
781	1365	2
781	1650	2
781	1866	-2
782	894	1
782	989	1
782	1262	2
782	1850	-2
782	1907	2
783	1106	2
783	1221	-2
783	1686	2
784	811	1
784	872	1
784	1051	-2
784	1120	-2
784	1653	-2
785	964	1
785	1246	-2
785	1379	-2
785	1663	-2
786	836	1
786	912	1
786	1115	2
786	1264	2
786	1703	2
787	931	1
787	1230	2
787	1577	2
787	1695	-2
788	1229	2
788	1328	2
788	1815	2
789	893	1
789	900	1
789	1344	-2
789	1580	-2
789	1918	2
790	1513	-2
790	1652	-2
790	1906	2
791	853	1
791	1486	-2
791	1725	-2
791	1988	-2
792	904	1
792	1478	2
792	1562	2
792	1757	-2
793	907	1
793	1491	2
793	1827	-2
793	1883	-2
794	1147	2
794	1635	2
794	1811	-2
795	857	1
795	962	1
795	1023	1
795	1527	-2
795	1605	2
795	1835	-2
796	850	1
796	936	1
796	1082	-2
796	1589	2
796	1842	-2
797	1361	2
797	1366	2
797	1419	2
798	877	1
798	935	1
798	1489	2
798	1888	2
798	1923	2
799	1111	-2
799	1307	2
799	1681	-2
800	822	1
800	865	1
800	1279	-2
800	1563	-2
800	1898	2
801	890	1
801	1185	2
801	1855	-2
801	2038	2
802	826	1
802	916	1
802	918	1
802	1539	-2
802	1698	2
802	1927	2
803	899	1
803	1138	-2
803	1374	2
803	1781	2
804	929	1
804	1188	2
804	1558	-2
804	1673	2
805	853	1
805	1155	2
805	1210	-2
805	1946	2
806	1303	-2
806	1386	2
806	1869	2
807	822	1
807	1276	2
807	1394	2
807	1783	-2
808	856	1
808	960	1
808	1134	-2
808	1421	2
808	1631	-2
809	926	1
809	1579	2
809	1830	-2
809	1879	2
810	1310	2
810	1630	-2
810	1637	-2
811	814	1
811	1051	-2
811	1700	2
811	2047	2
812	815	1
812	1114	-2
812	1500	2
812	1864	2
813	871	1
813	897	1
813	1669	2
813	1904	2
813	1917	-2
814	1584	-2
814	1700	2
814	2028	2
815	1007	1
815	1761	2
815	1799	-2
815	1864	2
816	1131	-2
816	1854	-2
816	1958	-2
817	876	1
817	943	1
817	1327	-2
817	1742	-2
817	1960	2
818	883	1
818	978	1
818	1150	-2
818	1509	2
818	1575	2
819	993	1
819	1016	1
819	1406	2
819	1417	-2
819	1661	-2
820	980	1
820	1010	1
820	1109	-2
820	1346	2
820	1803	-2
821	1238	2
821	1354	2
821	1919	2
822	865	1
822	1279	-2
822	1394	2
822	1776	2
823	914	1
823	924	1
823	928	1
823	1019	1
823	1248	-2
823	1357	-2
823	1656	-2
824	826	1
824	1568	2
824	2008	2
824	2014	2
825	873	1
825	1104	2
825	1231	-2
825	1872	-2
826	1295	2
826	1698	2
826	2008	2
827	905	1
827	978	1
827	1309	2
827	1411	2
827	1628	2
828	1078	-2
828	1701	2
828	1832	-2
829	947	1
829	1556	2
829	1711	2
829	1984	2
830	975	1
830	1041	2
830	1052	2
830	1242	2
831	1038	-2
831	1311	2
831	1817	2
832	880	1
832	962	1
832	1127	2
832	1302	2
832	1915	-2
833	933	1
833	1031	-2
833	1473	2
833	1614	2
834	923	1
834	1285	2
834	1452	-2
834	1967	-2
835	1365	2
835	1372	-2
835	1595	-2
836	1264	2
836	1555	2
836	2044	-2
837	941	1
837	969	1
837	1471	-2
837	1607	-2
837	1900	2
838	1039	-2
838	1545	-2
838	1705	-2
839	1107	2
839	1531	2
839	1548	2
840	913	1
840	1193	2
840	1269	-2
840	2048	2
841	1519	2
841	1878	-2
841	1942	2
842	1234	2
842	1499	-2
842	1775	2
843	1139	-2
843	1356	2
843	1369	-2
844	1455	2
844	1921	2
844	2006	2
845	904	1
845	1035	2
845	1157	-2
845	1368	-2
846	851	1
846	1049	2
846	1504	-2
846	1773	-2
847	917	1
847	1223	2
847	1731	-2
847	1885	-2
848	881	1
848	1141	2
848	1712	2
848	1768	-2
849	995	1
849	1059	2
849	1862	-2
849	1950	-2
850	936	1
850	1082	-2
850	1308	-2
850	1720	2
851	1056	-2
851	1299	-2
851	1504	-2
852	973	1
852	1130	2
852	1160	-2
852	1743	2
853	1155	2
853	1671	-2
853	1725	-2
854	1119	2
854	1378	-2
854	1450	2
855	878	1
855	952	2
855	1061	-2
855	1600	2
855	1611	-2
856	938	1
856	1421	2
856	1713	-2
856	1801	2
857	1342	2
857	1785	-2
857	1835	-2
858	1744	2
858	1769	-2
858	1957	-2
859	1032	-2
859	1083	-2
859	2002	-2
860	1645	2
860	1784	-2
860	1945	2
861	903	1
861	981	1
861	1053	-2
861	1771	-2
861	1993	-2
862	874	1
862	1598	2
862	1759	2
862	1845	-2
863	987	1
863	1232	2
863	1265	2
863	1407	-2
864	987	1
864	1066	2
864	1293	2
864	2017	-2
865	895	1
865	972	1
865	1050	2
865	1279	-2
865	1364	2
866	955	1
866	976	1
866	1320	2
866	1677	-2
866	1934	-2
867	1097	2
867	1201	2
867	1433	2
868	964	1
868	1186	2
868	1280	2
868	1687	2
869	1113	-2
869	1858	2
869	1937	2
870	1206	2
870	1719	2
870	1913	2
871	1204	-2
871	1669	2
871	1790	-2
872	1040	2
872	1120	-2
872	1426	2
873	878	1
873	911	1
873	938	1
873	1104	2
873	1968	2
873	2021	-2
874	1598	2
874	1715	-2
874	1730	2
875	960	1
875	1321	2
875	1908	-2
875	1966	2
876	879	1
876	895	1
876	1460	2
876	1602	2
876	1742	-2
877	935	1
877	1797	2
877	1923	2
877	2022	-2
878	1260	2
878	1600	2
878	2021	-2
879	906	1
879	923	1
879	966	1
879	1460	2
879	1668	2
879	1965	2
880	915	1
880	1302	2
880	1474	-2
880	2031	-2
881	893	1
881	1141	2
881	1219	-2
881	1254	2
882	929	1
882	1261	-2
882	1409	2
882	1444	2
883	1575	2
883	1643	2
883	1952	2
884	992	1
884	1108	2
884	1148	2
884	1498	-2
885	927	1
885	1268	2
885	1397	2
885	1402	-2
886	985	1
886	991	1
886	1092	2
886	1194	2
886	1326	-2
887	959	1
887	1132	2
887	1833	2
887	2023	2
888	965	1
888	1482	2
888	1804	-2
888	1899	-2
889	950	1
889	1345	-2
889	1646	-2
889	1722	-2
890	1042	2
890	1453	-2
890	1855	-2
891	1597	2
891	1896	2
891	2003	2
892	894	1
892	1088	2
892	1296	2
892	1322	-2
893	900	1
893	1254	2
893	1580	-2
893	1796	2
894	1322	-2
894	1353	2
894	1850	-2
895	1050	2
895	1602	2
895	1685	-2
896	1015	1
896	1517	2
896	1689	-2
896	1819	-2
897	907	1
897	1331	-2
897	1399	2
897	1917	-2
898	916	1
898	1158	-2
898	1181	2
898	1363	-2
899	1016	1
899	1020	1
899	1080	-2
899	1305	-2
899	1781	2
900	932	1
900	1580	-2
900	1829	2
900	1910	2
901	943	1
901	998	1
901	1263	2
901	1359	-2
901	1552	-2
902	1911	2
902	1961	-2
902	2001	2
903	947	1
903	1053	-2
903	1252	-2
903	1805	-2
904	1157	-2
904	1428	2
904	1562	2
905	942	1
905	972	1
905	978	1
905	1389	2
905	1628	2
905	1800	2
906	923	1
906	957	1
906	967	1
906	1272	2
906	1526	-2
906	1668	2
907	959	1
907	1399	2
907	1418	-2
907	1883	-2
908	969	1
908	1708	2
908	1940	-2
908	1982	-2
909	925	1
909	1033	2
909	1287	-2
909	1570	2
910	940	1
910	1197	-2
910	1659	2
910	1812	-2
911	938	1
911	1866	-2
911	1963	2
911	1968	2
912	1115	2
912	1337	2
912	1514	2
913	1000	1
913	1335	-2
913	1462	2
913	2048	2
914	954	1
914	1034	2
914	1172	2
914	1656	-2
915	1349	-2
915	1474	-2
915	1616	2
916	918	1
916	1181	2
916	1348	-2
916	1927	2
917	1885	-2
917	1955	-2
917	2004	-2
918	1199	-2
918	1245	2
918	1927	2
919	1298	2
919	1702	2
919	1825	2
920	947	1
920	1249	2
920	1676	-2
920	2032	-2
921	1000	1
921	1534	2
921	1543	2
921	1901	-2
922	971	1
922	1072	2
922	1709	-2
922	2012	2
923	1179	2
923	1668	2
923	1967	-2
924	928	1
924	1248	-2
924	1451	2
924	1737	2
925	1009	1
925	1033	2
925	1162	2
925	1165	-2
926	1579	2
926	1674	2
926	1856	2
927	995	1
927	1268	2
927	1847	-2
927	2020	-2
928	974	1
928	1248	-2
928	1506	2
928	1587	2
929	1022	1
929	1188	2
929	1444	2
929	1559	-2
930	1666	-2
930	1814	-2
930	1997	2
931	956	1
931	1253	2
931	1695	-2
931	1762	2
932	1176	-2
932	1910	2
932	1916	-2
933	1473	2
933	1859	-2
933	1880	-2
934	1385	-2
934	1518	2
934	1863	-2
935	1228	2
935	1782	-2
935	1923	2
936	1082	-2
936	1400	-2
936	1615	-2
937	1001	1
937	1183	2
937	1312	-2
937	1834	2
938	1692	2
938	1801	2
938	1968	2
939	1439	-2
939	1495	2
939	1935	-2
940	1396	-2
940	1649	-2
940	1659	2
941	966	1
941	1017	1
941	1471	-2
941	1787	-2
941	1972	2
942	1207	-2
942	1800	2
942	1882	-2
943	1263	2
943	1327	-2
943	1694	-2
944	1003	1
944	1415	2
944	1724	2
944	1922	2
945	982	1
945	1291	-2
945	1425	2
945	1624	2
946	1511	2
946	1588	-2
946	1841	2
947	1249	2
947	1252	-2
947	1984	2
948	1000	1
948	1283	-2
948	1693	-2
948	1745	2
949	1003	1
949	1164	2
949	1479	-2
949	1512	-2
950	1345	-2
950	1574	-2
950	1985	2
951	1123	-2
951	1125	-2
951	1380	-2
952	1061	-2
952	1102	2
952	1611	-2
953	1398	2
953	1683	2
953	1947	2
954	1034	2
954	1362	2
954	1823	-2
955	1320	2
955	1496	-2
955	1964	-2
956	1044	2
956	1657	-2
956	1762	2
957	1272	2
957	1408	-2
957	1728	2
958	986	1
958	1013	1
958	1472	-2
958	1723	2
958	1929	-2
959	1132	2
959	1180	-2
959	1418	-2
960	1631	-2
960	1908	-2
960	1932	-2
961	1004	1
961	1391	-2
961	1593	-2
961	1920	2
962	999	1
962	1023	1
962	1101	-2
962	1527	-2
962	1915	-2
963	999	1
963	1071	-2
963	1535	-2
963	1868	-2
964	977	1
964	1246	-2
964	1280	2
964	1838	-2
965	1161	-2
965	1741	2
965	1899	-2
966	1601	2
966	1787	-2
966	1965	2
967	1076	-2
967	1448	2
967	1526	-2
968	1468	2
968	1672	2
968	1766	2
969	1607	-2
969	1708	2
969	1990	-2
970	1274	2
970	1660	2
970	1884	2
971	1323	2
971	1608	2
971	2012	2
972	1364	2
972	1389	2
972	1721	-2
973	1018	1
973	1062	-2
973	1130	2
973	1384	2
974	1506	2
974	1655	2
974	1821	-2
975	1041	2
975	1553	-2
975	1662	-2
976	991	1
976	1620	2
976	1677	-2
976	1767	2
977	1476	-2
977	1838	-2
977	2029	-2
978	1315	-2
978	1509	2
978	1628	2
979	1339	2
979	1707	-2
979	2042	2
980	1109	-2
980	1710	-2
980	2037	-2
981	1086	-2
981	1622	-2
981	1771	-2
982	1425	2
982	1522	2
982	1638	-2
983	1047	-2
983	1170	-2
983	1795	2
984	1058	-2
984	1126	-2
984	1949	-2
985	1286	-2
985	1326	-2
985	1726	-2
986	1013	1
986	1443	-2
986	1723	2
986	1764	2
987	1293	2
987	1313	-2
987	1407	-2
988	1095	-2
988	1240	2
988	1943	-2
989	1244	2
989	1257	2
989	1262	2
990	998	1
990	1096	-2
990	1438	2
990	1477	2
991	1092	2
991	1336	-2
991	1767	2
992	1108	2
992	1381	2
992	1393	-2
993	1016	1
993	1417	-2
993	1881	-2
993	2013	2
994	1177	-2
994	1202	-2
994	1618	2
995	1059	2
995	1820	2
995	2020	-2
996	1266	2
996	1749	2
996	1798	2
997	1360	-2
997	1788	-2
997	1936	2
998	1096	-2
998	1213	2
998	1359	-2
999	1101	-2
999	1535	-2
999	1747	2
1000	1335	-2
1000	1543	2
1000	1693	-2
1001	1554	-2
1001	1834	2
1001	1930	2
1002	1516	-2
1002	1594	2
1002	1979	2
1003	1512	-2
1003	1791	2
1003	1922	2
1004	1824	2
1004	1920	2
1004	1976	2
1005	1024	1
1005	1168	2
1005	1436	2
1005	1521	-2
1006	1404	2
1006	1706	2
1006	1948	-2
1007	1297	2
1007	1799	-2
1007	1938	-2
1008	1182	2
1008	1924	-2
1008	2043	2
1009	1165	-2
1009	1195	-2
1009	1905	-2
1010	1502	-2
1010	1803	-2
1010	1844	2
1011	1457	-2
1011	1551	-2
1011	1564	-2
1012	1329	-2
1012	1572	-2
1012	1989	-2
1013	1617	-2
1013	1691	-2
1013	1723	2
1014	1018	1
1014	1028	-2
1014	1467	-2
1014	1613	-2
1015	1093	2
1015	1517	2
1015	1523	2
1016	1305	-2
1016	1417	-2
1016	1688	2
1017	1046	-2
1017	1208	-2
1017	1972	2
1018	1028	-2
1018	1062	-2
1018	1198	-2
1019	1220	2
1019	1357	-2
1019	1873	-2
1020	1080	-2
1020	1118	-2
1020	1626	-2
1021	1156	2
1021	1893	2
1021	2016	-2
1022	1063	-2
1022	1284	2
1022	1559	-2
1023	1273	2
1023	1527	-2
1023	1865	2
1024	1521	-2
1024	1541	-2
1024	1752	-2
