1	1	-1
2	2	1
3	3	-1
4	4	-1
5	5	-3
6	6	1
7	7	3
8	8	-1
9	9	1
10	10	1
11	11	1
12	12	1
13	13	3
14	14	-1
15	15	1
16	16	-1
17	17	-1
18	18	-1
19	19	-1
20	20	1
21	21	-1
22	22	1
23	23	1
24	24	-3
25	25	-3
26	26	1
27	27	1
28	28	-1
29	29	1
30	30	1
31	31	1
32	32	1
33	33	3
34	34	3
35	35	3
36	36	3
37	37	1
38	38	3
39	39	1
40	40	-1
41	41	3
42	42	-3
43	43	3
44	44	1
45	45	1
46	46	-1
47	47	-1
48	48	3
49	49	1
50	50	1
51	51	1
52	52	1
53	53	-1
54	54	3
55	55	1
56	56	3
57	57	-1
58	58	-1
59	59	-1
60	60	1
61	61	-1
62	62	-3
63	63	3
64	64	3
65	65	-1
66	66	3
67	67	3
68	68	-3
69	69	1
70	70	3
71	71	-3
72	72	-1
73	73	-1
74	74	1
75	75	-3
76	76	1
77	77	1
78	78	-1
79	79	1
80	80	1
81	81	3
82	82	1
83	83	3
84	84	-1
85	85	3
86	86	-3
87	87	-3
88	88	-1
89	89	1
90	90	1
91	91	1
92	92	-1
93	93	-1
94	94	-3
95	95	3
96	96	-1
97	97	1
98	98	-1
99	99	1
100	100	-1
101	101	1
102	102	-3
103	103	1
104	104	1
105	105	3
106	106	-1
107	107	1
108	108	-1
109	109	3
110	110	3
111	111	3
112	112	3
113	113	-1
114	114	1
115	115	1
116	116	3
117	117	1
118	118	3
119	119	-1
120	120	1
121	121	3
122	122	3
123	123	3
124	124	-1
125	125	3
126	126	1
127	127	1
128	128	1
129	129	-1
130	130	-3
131	131	-1
132	132	-1
133	133	1
134	134	1
135	135	1
136	136	3
137	137	1
138	138	-3
139	139	1
140	140	-1
141	141	3
142	142	1
143	143	-3
144	144	-1
145	145	-2
146	146	-2
147	147	2
148	148	-2
149	149	2
150	150	-2
151	151	-2
152	152	2
153	153	2
154	154	2
155	155	-2
156	156	2
157	157	-2
158	158	2
159	159	2
160	160	2
161	161	2
162	162	2
163	163	2
164	164	2
165	165	-2
166	166	-2
167	167	-2
168	168	-2
169	169	-2
170	170	-2
171	171	2
172	172	2
173	173	-2
174	174	2
175	175	2
176	176	-2
177	177	-2
178	178	2
179	179	2
180	180	2
181	181	-2
182	182	2
183	183	-2
184	184	2
185	185	2
186	186	-2
187	187	-2
188	188	-2
189	189	2
190	190	-2
191	191	2
192	192	2
193	193	2
194	194	2
195	195	-2
196	196	2
197	197	2
198	198	-2
199	199	-2
200	200	-2
201	201	2
202	202	-2
203	203	-2
204	204	2
205	205	-2
206	206	2
207	207	2
208	208	2
209	209	2
210	210	2
211	211	2
212	212	-2
213	213	-2
214	214	2
215	215	2
216	216	-2
217	217	2
218	218	2
219	219	2
220	220	2
221	221	2
222	222	-2
223	223	2
224	224	-2
225	225	2
226	226	2
227	227	2
228	228	2
229	229	2
230	230	-2
231	231	-2
232	232	-2
233	233	2
234	234	-2
235	235	2
236	236	-2
237	237	2
238	238	-2
239	239	2
240	240	2
241	241	-2
242	242	2
243	243	2
244	244	2
245	245	-2
246	246	2
247	247	2
248	248	2
249	249	-2
250	250	-2
251	251	2
252	252	2
253	253	-2
254	254	2
255	255	-2
256	256	-2
257	257	2
258	258	2
259	259	2
260	260	-2
261	261	2
262	262	2
263	263	2
264	264	2
265	265	2
266	266	-2
267	267	-2
268	268	2
269	269	-2
270	270	-2
271	271	2
272	272	2
273	273	2
274	274	2
275	275	-2
276	276	-2
277	277	2
278	278	-2
279	279	-2
280	280	2
281	281	-2
282	282	-2
283	283	2
284	284	-2
285	285	-2
286	286	2
287	287	-2
288	288	-2
1	9	1
1	17	1
1	22	1
1	94	1
1	98	1
1	137	1
1	206	2
1	226	-2
1	239	-2
2	15	1
2	31	1
2	35	1
2	61	1
2	67	1
2	133	1
2	145	-2
2	148	2
2	172	2
3	43	1
3	59	1
3	60	1
3	65	1
3	129	1
3	135	1
3	196	-2
3	203	2
3	232	-2
4	6	1
4	14	1
4	75	1
4	81	1
4	133	1
4	144	1
4	170	2
4	240	-2
4	269	-2
5	37	1
5	80	1
5	92	1
5	108	1
5	131	1
5	143	1
5	193	-2
5	221	-2
5	241	2
6	14	1
6	19	1
6	35	1
6	97	1
6	125	1
6	240	-2
6	279	-2
6	285	-2
7	33	1
7	41	1
7	90	1
7	105	1
7	121	1
7	135	1
7	179	2
7	227	2
7	271	2
8	44	1
8	45	1
8	75	1
8	101	1
8	115	1
8	126	1
8	150	2
8	190	2
8	236	-2
9	22	1
9	23	1
9	29	1
9	70	1
9	86	1
9	152	2
9	188	2
9	206	2
10	12	1
10	16	1
10	17	1
10	30	1
10	105	1
10	118	1
10	165	2
10	186	-2
10	208	2
11	26	1
11	34	1
11	78	1
11	81	1
11	84	1
11	140	1
11	149	-2
11	163	2
11	182	2
12	25	1
12	38	1
12	98	1
12	105	1
12	142	1
12	208	2
12	228	2
12	247	-2
13	26	1
13	80	1
13	91	1
13	111	1
13	117	1
13	126	1
13	164	2
13	168	-2
13	199	-2
14	46	1
14	62	1
14	69	1
14	115	1
14	161	-2
14	180	2
14	240	-2
15	16	1
15	26	1
15	35	1
15	41	1
15	93	1
15	145	-2
15	155	-2
15	253	2
16	17	1
16	93	1
16	120	1
16	124	1
16	165	2
16	201	2
16	253	2
17	41	1
17	98	1
17	116	1
17	165	2
17	239	-2
17	256	-2
18	28	1
18	33	1
18	70	1
18	117	1
18	126	1
18	129	1
18	195	2
18	220	-2
18	260	-2
19	57	1
19	76	1
19	96	1
19	97	1
19	128	1
19	258	-2
19	279	-2
19	284	2
20	55	1
20	90	1
20	102	1
20	112	1
20	132	1
20	134	1
20	194	2
20	210	2
20	265	-2
21	32	1
21	106	1
21	119	1
21	123	1
21	139	1
21	141	1
21	169	2
21	198	2
21	274	2
22	51	1
22	56	1
22	65	1
22	73	1
22	175	-2
22	206	2
22	248	2
23	63	1
23	79	1
23	86	1
23	127	1
23	131	1
23	158	2
23	188	2
23	223	2
24	57	1
24	68	1
24	72	1
24	88	1
24	143	1
24	144	1
24	166	2
24	173	2
24	174	-2
25	49	1
25	62	1
25	98	1
25	99	1
25	104	1
25	233	-2
25	247	-2
25	277	-2
26	41	1
26	84	1
26	111	1
26	149	-2
26	155	-2
26	168	-2
27	66	1
27	97	1
27	120	1
27	122	1
27	125	1
27	132	1
27	209	2
27	249	-2
27	261	-2
28	50	1
28	67	1
28	82	1
28	122	1
28	126	1
28	167	2
28	195	2
28	243	2
29	35	1
29	42	1
29	70	1
29	94	1
29	110	1
29	152	2
29	222	2
29	275	-2
30	44	1
30	46	1
30	99	1
30	118	1
30	124	1
30	186	-2
30	276	-2
30	287	2
31	67	1
31	68	1
31	73	1
31	114	1
31	117	1
31	172	2
31	181	-2
31	257	-2
32	39	1
32	46	1
32	96	1
32	107	1
32	139	1
32	146	-2
32	169	2
32	192	2
33	34	1
33	70	1
33	83	1
33	121	1
33	200	-2
33	227	2
33	260	-2
34	83	1
34	136	1
34	140	1
34	141	1
34	163	2
34	200	-2
34	211	2
35	110	1
35	125	1
35	145	-2
35	275	-2
35	285	-2
36	43	1
36	66	1
36	77	1
36	107	1
36	111	1
36	127	1
36	231	-2
36	246	2
36	254	2
37	50	1
37	89	1
37	92	1
37	121	1
37	123	1
37	221	-2
37	235	2
37	268	2
38	48	1
38	76	1
38	100	1
38	134	1
38	142	1
38	191	2
38	216	-2
38	228	2
39	46	1
39	58	1
39	64	1
39	109	1
39	138	1
39	146	-2
39	177	2
39	212	-2
40	43	1
40	74	1
40	75	1
40	86	1
40	93	1
40	134	1
40	202	2
40	229	-2
40	278	-2
41	116	1
41	135	1
41	155	-2
41	179	2
41	256	-2
42	53	1
42	78	1
42	94	1
42	102	1
42	124	1
42	222	2
42	230	2
42	273	-2
43	66	1
43	74	1
43	129	1
43	231	-2
43	232	-2
43	278	-2
44	52	1
44	99	1
44	115	1
44	118	1
44	150	2
44	244	2
44	276	-2
45	64	1
45	75	1
45	83	1
45	92	1
45	101	1
45	157	-2
45	178	2
45	190	2
46	62	1
46	124	1
46	146	-2
46	161	-2
46	287	2
47	59	1
47	65	1
47	69	1
47	72	1
47	88	1
47	102	1
47	151	2
47	262	-2
47	266	-2
48	77	1
48	103	1
48	104	1
48	109	1
48	134	1
48	191	2
48	272	2
48	280	2
49	85	1
49	104	1
49	105	1
49	108	1
49	110	1
49	147	2
49	270	-2
49	277	-2
50	82	1
50	89	1
50	91	1
50	103	1
50	167	2
50	224	-2
50	235	2
51	56	1
51	77	1
51	106	1
51	130	1
51	144	1
51	205	2
51	248	2
51	255	-2
52	66	1
52	87	1
52	88	1
52	118	1
52	131	1
52	153	2
52	244	2
52	259	-2
53	61	1
53	92	1
53	100	1
53	102	1
53	114	1
53	185	2
53	230	2
53	264	-2
54	60	1
54	95	1
54	104	1
54	110	1
54	114	1
54	137	1
54	171	2
54	215	2
54	218	2
55	62	1
55	95	1
55	108	1
55	112	1
55	115	1
55	210	2
55	245	-2
55	251	-2
56	85	1
56	99	1
56	125	1
56	141	1
56	162	2
56	176	-2
56	248	2
57	67	1
57	128	1
57	132	1
57	144	1
57	173	2
57	250	-2
57	258	-2
58	60	1
58	127	1
58	137	1
58	138	1
58	140	1
58	177	2
58	234	-2
58	283	-2
59	60	1
59	65	1
59	113	1
59	119	1
59	156	-2
59	196	-2
59	266	-2
60	95	1
60	137	1
60	196	-2
60	218	2
60	234	-2
61	78	1
61	100	1
61	114	1
61	133	1
61	148	2
61	185	2
61	217	-2
62	99	1
62	108	1
62	161	-2
62	233	-2
62	251	-2
63	89	1
63	98	1
63	118	1
63	127	1
63	133	1
63	158	2
63	197	2
63	267	-2
64	72	1
64	82	1
64	92	1
64	109	1
64	178	2
64	212	-2
64	263	2
65	73	1
65	135	1
65	175	-2
65	203	2
65	266	-2
66	88	1
66	125	1
66	153	2
66	231	-2
66	249	-2
67	122	1
67	132	1
67	172	2
67	243	2
67	250	-2
68	94	1
68	96	1
68	114	1
68	143	1
68	174	-2
68	238	2
68	257	-2
69	72	1
69	95	1
69	115	1
69	139	1
69	151	2
69	180	2
69	288	-2
70	81	1
70	128	1
70	152	2
70	260	-2
70	281	-2
71	87	1
71	89	1
71	90	1
71	130	1
71	140	1
71	143	1
71	159	-2
71	252	-2
71	286	-2
72	82	1
72	88	1
72	151	2
72	166	2
72	263	2
73	79	1
73	84	1
73	117	1
73	175	-2
73	181	-2
73	225	-2
74	76	1
74	85	1
74	106	1
74	107	1
74	237	-2
74	278	-2
74	282	-2
75	86	1
75	144	1
75	170	2
75	190	2
75	229	-2
76	85	1
76	96	1
76	100	1
76	216	-2
76	282	-2
76	284	2
77	103	1
77	107	1
77	130	1
77	205	2
77	254	2
77	280	2
78	81	1
78	100	1
78	124	1
78	182	2
78	217	-2
78	273	-2
79	83	1
79	84	1
79	128	1
79	131	1
79	154	2
79	223	2
79	225	-2
80	91	1
80	112	1
80	139	1
80	143	1
80	164	2
80	193	-2
80	242	2
81	128	1
81	133	1
81	182	2
81	269	-2
81	281	-2
82	93	1
82	112	1
82	167	2
82	187	-2
82	263	2
83	101	1
83	128	1
83	154	2
83	157	-2
83	200	-2
84	109	1
84	123	1
84	149	-2
84	204	2
84	225	-2
85	110	1
85	125	1
85	147	2
85	176	-2
85	282	-2
86	87	1
86	101	1
86	188	2
86	189	-2
86	229	-2
87	101	1
87	131	1
87	143	1
87	189	-2
87	252	-2
87	259	-2
88	102	1
88	153	2
88	166	2
88	262	-2
89	98	1
89	140	1
89	235	2
89	267	-2
89	286	-2
90	105	1
90	130	1
90	134	1
90	159	-2
90	194	2
90	271	2
91	103	1
91	138	1
91	142	1
91	164	2
91	183	2
91	224	-2
92	100	1
92	178	2
92	221	-2
92	264	-2
93	112	1
93	134	1
93	187	-2
93	202	2
93	253	2
94	96	1
94	137	1
94	222	2
94	226	-2
94	238	2
95	115	1
95	139	1
95	218	2
95	245	-2
95	288	-2
96	107	1
96	192	2
96	238	2
96	284	2
97	111	1
97	122	1
97	132	1
97	160	2
97	261	-2
97	279	-2
98	239	-2
98	247	-2
98	267	-2
99	141	1
99	162	2
99	233	-2
99	276	-2
100	216	-2
100	217	-2
100	264	-2
101	126	1
101	157	-2
101	189	-2
101	236	-2
102	132	1
102	230	2
102	262	-2
102	265	-2
103	120	1
103	129	1
103	214	-2
103	224	-2
103	280	2
104	109	1
104	137	1
104	215	2
104	272	2
104	277	-2
105	108	1
105	208	2
105	270	-2
105	271	2
106	107	1
106	119	1
106	144	1
106	198	2
106	237	-2
106	255	-2
107	192	2
107	237	-2
107	254	2
108	131	1
108	241	2
108	251	-2
108	270	-2
109	123	1
109	204	2
109	212	-2
109	272	2
110	114	1
110	147	2
110	171	2
110	275	-2
111	122	1
111	127	1
111	160	2
111	168	-2
111	246	2
112	139	1
112	187	-2
112	210	2
112	242	2
113	116	1
113	119	1
113	130	1
113	138	1
113	142	1
113	156	-2
113	207	-2
113	213	-2
114	171	2
114	185	2
114	257	-2
115	150	2
115	180	2
115	245	-2
116	135	1
116	136	1
116	142	1
116	184	2
116	213	-2
116	256	-2
117	126	1
117	129	1
117	181	-2
117	199	-2
117	220	-2
118	133	1
118	186	-2
118	197	2
118	244	2
119	121	1
119	136	1
119	156	-2
119	198	2
119	219	2
120	122	1
120	124	1
120	129	1
120	201	2
120	209	2
120	214	-2
121	123	1
121	136	1
121	219	2
121	227	2
121	268	2
122	160	2
122	209	2
122	243	2
123	141	1
123	204	2
123	268	2
123	274	2
124	201	2
124	273	-2
124	287	2
125	176	-2
125	249	-2
125	285	-2
126	195	2
126	199	-2
126	236	-2
127	140	1
127	158	2
127	246	2
127	283	-2
128	154	2
128	258	-2
128	281	-2
129	214	-2
129	220	-2
129	232	-2
130	138	1
130	159	-2
130	205	2
130	207	-2
131	223	2
131	241	2
131	259	-2
132	250	-2
132	261	-2
132	265	-2
133	148	2
133	197	2
133	269	-2
134	191	2
134	194	2
134	202	2
135	136	1
135	179	2
135	184	2
135	203	2
136	141	1
136	184	2
136	211	2
136	219	2
137	215	2
137	226	-2
137	234	-2
138	142	1
138	177	2
138	183	2
138	207	-2
139	169	2
139	242	2
139	288	-2
140	163	2
140	283	-2
140	286	-2
141	162	2
141	211	2
141	274	2
142	183	2
142	213	-2
142	228	2
143	174	-2
143	193	-2
143	252	-2
144	170	2
144	173	2
144	255	-2
