1	1	1
2	2	-1
3	3	1
4	4	3
5	5	-1
6	6	-1
7	7	-3
8	8	-1
9	9	-1
10	10	3
11	11	1
12	12	3
13	13	-1
14	14	-1
15	15	3
16	16	3
17	17	1
18	18	1
19	19	-1
20	20	1
21	21	1
22	22	-1
23	23	1
24	24	-1
25	25	-3
26	26	3
27	27	-1
28	28	1
29	29	1
30	30	1
31	31	1
32	32	1
33	33	1
34	34	1
35	35	1
36	36	-1
37	37	1
38	38	1
39	39	1
40	40	-1
41	41	-1
42	42	-1
43	43	3
44	44	3
45	45	-1
46	46	-1
47	47	-1
48	48	-1
49	49	1
50	50	3
51	51	-3
52	52	1
53	53	-3
54	54	-1
55	55	1
56	56	3
57	57	-1
58	58	-1
59	59	1
60	60	-1
61	61	-1
62	62	1
63	63	1
64	64	3
65	65	-1
66	66	3
67	67	1
68	68	-1
69	69	3
70	70	1
71	71	1
72	72	1
73	73	-1
74	74	-1
75	75	1
76	76	1
77	77	-3
78	78	3
79	79	-1
80	80	1
81	81	1
82	82	-1
83	83	-1
84	84	1
85	85	-1
86	86	3
87	87	1
88	88	-1
89	89	1
90	90	1
91	91	3
92	92	1
93	93	-3
94	94	3
95	95	-1
96	96	-1
97	97	1
98	98	1
99	99	-1
100	100	-3
101	101	-1
102	102	-1
103	103	3
104	104	1
105	105	-1
106	106	-3
107	107	1
108	108	-1
109	109	-1
110	110	-1
111	111	1
112	112	3
113	113	-1
114	114	1
115	115	1
116	116	-1
117	117	-1
118	118	3
119	119	1
120	120	1
121	121	1
122	122	-1
123	123	-1
124	124	-3
125	125	1
126	126	-3
127	127	1
128	128	3
129	129	1
130	130	-1
131	131	1
132	132	1
133	133	-3
134	134	-1
135	135	1
136	136	-1
137	137	1
138	138	1
139	139	1
140	140	3
141	141	-1
142	142	1
143	143	-1
144	144	-1
145	145	1
146	146	3
147	147	1
148	148	1
149	149	1
150	150	1
151	151	-1
152	152	1
153	153	-1
154	154	1
155	155	1
156	156	1
157	157	1
158	158	1
159	159	1
160	160	1
161	161	-3
162	162	-1
163	163	-3
164	164	1
165	165	1
166	166	3
167	167	-1
168	168	3
169	169	1
170	170	1
171	171	1
172	172	1
173	173	1
174	174	-1
175	175	-1
176	176	-3
177	177	1
178	178	1
179	179	1
180	180	-3
181	181	1
182	182	1
183	183	-1
184	184	-3
185	185	1
186	186	-1
187	187	-1
188	188	-1
189	189	1
190	190	-3
191	191	-3
192	192	-1
193	193	-3
194	194	-1
195	195	-1
196	196	-3
197	197	-3
198	198	-1
199	199	3
200	200	1
201	201	1
202	202	1
203	203	1
204	204	3
205	205	-3
206	206	-1
207	207	1
208	208	1
209	209	3
210	210	-1
211	211	-3
212	212	-3
213	213	3
214	214	-1
215	215	1
216	216	1
217	217	1
218	218	-1
219	219	-1
220	220	1
221	221	1
222	222	-1
223	223	-1
224	224	1
225	225	-1
226	226	-3
227	227	1
228	228	1
229	229	-1
230	230	1
231	231	1
232	232	3
233	233	1
234	234	-3
235	235	-1
236	236	1
237	237	1
238	238	3
239	239	3
240	240	-1
241	241	-3
242	242	-3
243	243	-1
244	244	-1
245	245	1
246	246	-3
247	247	3
248	248	1
249	249	-1
250	250	-1
251	251	-1
252	252	1
253	253	1
254	254	1
255	255	-1
256	256	3
257	257	1
258	258	1
259	259	-3
260	260	1
261	261	-3
262	262	1
263	263	-1
264	264	-1
265	265	-1
266	266	1
267	267	-1
268	268	1
269	269	-3
270	270	1
271	271	-1
272	272	1
273	273	-1
274	274	-1
275	275	1
276	276	3
277	277	-1
278	278	-3
279	279	1
280	280	-1
281	281	-3
282	282	1
283	283	-1
284	284	-1
285	285	1
286	286	1
287	287	1
288	288	3
289	289	-1
290	290	-1
291	291	3
292	292	-3
293	293	1
294	294	-1
295	295	-1
296	296	-1
297	297	-1
298	298	3
299	299	1
300	300	1
301	301	-1
302	302	-1
303	303	-1
304	304	1
305	305	3
306	306	-1
307	307	-1
308	308	1
309	309	1
310	310	1
311	311	-1
312	312	3
313	313	3
314	314	-1
315	315	-1
316	316	-1
317	317	-3
318	318	1
319	319	-1
320	320	1
321	321	3
322	322	-3
323	323	-1
324	324	1
325	325	-1
326	326	1
327	327	-1
328	328	-1
329	329	-1
330	330	-3
331	331	-1
332	332	1
333	333	3
334	334	1
335	335	3
336	336	1
337	337	3
338	338	-1
339	339	-1
340	340	-1
341	341	1
342	342	1
343	343	1
344	344	1
345	345	-1
346	346	1
347	347	1
348	348	1
349	349	-3
350	350	1
351	351	1
352	352	-3
353	353	-1
354	354	-3
355	355	1
356	356	1
357	357	-1
358	358	-1
359	359	-1
360	360	-1
361	361	-1
362	362	-1
363	363	-1
364	364	1
365	365	3
366	366	-3
367	367	-1
368	368	1
369	369	1
370	370	-1
371	371	-3
372	372	-3
373	373	1
374	374	1
375	375	1
376	376	-1
377	377	-3
378	378	1
379	379	-1
380	380	1
381	381	-1
382	382	1
383	383	-3
384	384	-1
385	385	-3
386	386	-1
387	387	3
388	388	1
389	389	-3
390	390	-3
391	391	3
392	392	1
393	393	1
394	394	-1
395	395	-1
396	396	1
397	397	3
398	398	1
399	399	3
400	400	1
401	401	1
402	402	3
403	403	-1
404	404	1
405	405	1
406	406	-3
407	407	1
408	408	-1
409	409	3
410	410	1
411	411	-1
412	412	-3
413	413	3
414	414	-1
415	415	-3
416	416	3
417	417	1
418	418	-1
419	419	1
420	420	1
421	421	1
422	422	1
423	423	1
424	424	1
425	425	1
426	426	1
427	427	1
428	428	3
429	429	1
430	430	1
431	431	-1
432	432	-1
433	433	-1
434	434	1
435	435	-1
436	436	-3
437	437	3
438	438	-1
439	439	-1
440	440	3
441	441	1
442	442	-3
443	443	-1
444	444	1
445	445	-1
446	446	1
447	447	1
448	448	-1
449	449	-3
450	450	1
451	451	-1
452	452	1
453	453	-1
454	454	1
455	455	-1
456	456	-1
457	457	-1
458	458	1
459	459	-1
460	460	3
461	461	1
462	462	3
463	463	1
464	464	1
465	465	-1
466	466	-1
467	467	-1
468	468	1
469	469	-1
470	470	-1
471	471	1
472	472	1
473	473	3
474	474	-1
475	475	3
476	476	-1
477	477	1
478	478	1
479	479	1
480	480	-1
481	481	-1
482	482	-1
483	483	-3
484	484	-1
485	485	1
486	486	-1
487	487	-3
488	488	1
489	489	1
490	490	-1
491	491	1
492	492	3
493	493	-1
494	494	-1
495	495	-1
496	496	1
497	497	-1
498	498	-1
499	499	-1
500	500	-1
501	501	1
502	502	-1
503	503	-3
504	504	-1
505	505	-1
506	506	1
507	507	-1
508	508	1
509	509	3
510	510	3
511	511	1
512	512	1
513	513	-1
514	514	3
515	515	3
516	516	-1
517	517	1
518	518	1
519	519	1
520	520	3
521	521	-1
522	522	-1
523	523	-1
524	524	1
525	525	1
526	526	3
527	527	1
528	528	3
529	529	3
530	530	-1
531	531	1
532	532	-1
533	533	1
534	534	-1
535	535	1
536	536	3
537	537	3
538	538	-1
539	539	1
540	540	1
541	541	1
542	542	3
543	543	3
544	544	3
545	545	-1
546	546	1
547	547	-3
548	548	1
549	549	1
550	550	-3
551	551	1
552	552	1
553	553	-3
554	554	1
555	555	1
556	556	-1
557	557	-1
558	558	1
559	559	-1
560	560	1
561	561	1
562	562	-3
563	563	3
564	564	-1
565	565	3
566	566	1
567	567	1
568	568	1
569	569	-3
570	570	1
571	571	-1
572	572	3
573	573	1
574	574	-3
575	575	-1
576	576	-1
577	577	1
578	578	-3
579	579	-1
580	580	-1
581	581	-1
582	582	-1
583	583	-1
584	584	-1
585	585	1
586	586	3
587	587	-1
588	588	-3
589	589	-1
590	590	-1
591	591	3
592	592	1
593	593	1
594	594	-3
595	595	3
596	596	1
597	597	-1
598	598	1
599	599	-1
600	600	1
601	601	1
602	602	-1
603	603	1
604	604	1
605	605	1
606	606	1
607	607	-1
608	608	-1
609	609	1
610	610	3
611	611	-3
612	612	-1
613	613	3
614	614	1
615	615	-1
616	616	-1
617	617	-1
618	618	3
619	619	1
620	620	-3
621	621	-1
622	622	-3
623	623	1
624	624	1
625	625	1
626	626	1
627	627	3
628	628	1
629	629	-1
630	630	-3
631	631	-1
632	632	-1
633	633	1
634	634	1
635	635	1
636	636	-3
637	637	-1
638	638	-3
639	639	-1
640	640	3
641	641	1
642	642	-3
643	643	-3
644	644	1
645	645	3
646	646	3
647	647	-1
648	648	-1
649	649	-1
650	650	1
651	651	1
652	652	-1
653	653	1
654	654	-3
655	655	1
656	656	1
657	657	-1
658	658	1
659	659	3
660	660	1
661	661	1
662	662	-1
663	663	-1
664	664	-1
665	665	-3
666	666	-1
667	667	-1
668	668	1
669	669	-1
670	670	1
671	671	-1
672	672	1
673	673	3
674	674	1
675	675	-1
676	676	1
677	677	-1
678	678	1
679	679	3
680	680	3
681	681	1
682	682	-3
683	683	-1
684	684	3
685	685	-3
686	686	-3
687	687	1
688	688	1
689	689	-3
690	690	1
691	691	-1
692	692	-1
693	693	-1
694	694	1
695	695	-1
696	696	-1
697	697	-1
698	698	-1
699	699	-3
700	700	1
701	701	3
702	702	1
703	703	-1
704	704	-1
705	705	-1
706	706	1
707	707	-3
708	708	1
709	709	1
710	710	3
711	711	1
712	712	1
713	713	-1
714	714	-1
715	715	3
716	716	-1
717	717	1
718	718	1
719	719	-1
720	720	-1
721	721	1
722	722	-1
723	723	-3
724	724	3
725	725	1
726	726	1
727	727	1
728	728	1
729	729	1
730	730	3
731	731	1
732	732	-1
733	733	3
734	734	1
735	735	-3
736	736	1
737	737	1
738	738	-1
739	739	-3
740	740	-3
741	741	-1
742	742	-1
743	743	-1
744	744	1
745	745	-3
746	746	-1
747	747	-3
748	748	1
749	749	1
750	750	-3
751	751	-1
752	752	1
753	753	1
754	754	-1
755	755	1
756	756	1
757	757	-1
758	758	-1
759	759	1
760	760	-3
761	761	1
762	762	1
763	763	1
764	764	1
765	765	-1
766	766	1
767	767	-1
768	768	-1
769	769	-1
770	770	-1
771	771	-1
772	772	-1
773	773	1
774	774	-1
775	775	1
776	776	3
777	777	-1
778	778	3
779	779	1
780	780	-3
781	781	1
782	782	1
783	783	1
784	784	-1
785	785	3
786	786	1
787	787	3
788	788	-3
789	789	-1
790	790	-1
791	791	1
792	792	-3
793	793	-3
794	794	-1
795	795	-3
796	796	1
797	797	-1
798	798	3
799	799	3
800	800	-3
801	801	1
802	802	-1
803	803	3
804	804	1
805	805	-1
806	806	-3
807	807	-1
808	808	-1
809	809	-3
810	810	-1
811	811	1
812	812	1
813	813	1
814	814	1
815	815	1
816	816	1
817	817	1
818	818	-1
819	819	1
820	820	3
821	821	1
822	822	1
823	823	3
824	824	1
825	825	1
826	826	3
827	827	-1
828	828	1
829	829	3
830	830	1
831	831	1
832	832	-1
833	833	1
834	834	-1
835	835	-1
836	836	3
837	837	-1
838	838	-1
839	839	3
840	840	1
841	841	1
842	842	3
843	843	1
844	844	1
845	845	3
846	846	1
847	847	-3
848	848	1
849	849	-1
850	850	-1
851	851	3
852	852	1
853	853	-3
854	854	3
855	855	1
856	856	-3
857	857	1
858	858	-1
859	859	1
860	860	1
861	861	-1
862	862	1
863	863	-3
864	864	-1
865	865	1
866	866	3
867	867	-1
868	868	3
869	869	1
870	870	-1
871	871	-1
872	872	-1
873	873	3
874	874	-1
875	875	-1
876	876	1
877	877	-3
878	878	1
879	879	-1
880	880	1
881	881	-3
882	882	1
883	883	1
884	884	-1
885	885	3
886	886	-1
887	887	1
888	888	-1
889	889	1
890	890	-1
891	891	1
892	892	1
893	893	1
894	894	1
895	895	1
896	896	-1
897	897	3
898	898	1
899	899	-1
900	900	1
901	901	-3
902	902	1
903	903	-1
904	904	-1
905	905	1
906	906	-1
907	907	-3
908	908	-3
909	909	-1
910	910	1
911	911	-1
912	912	1
913	913	1
914	914	-1
915	915	-1
916	916	-1
917	917	1
918	918	-1
919	919	1
920	920	1
921	921	1
922	922	1
923	923	1
924	924	1
925	925	1
926	926	3
927	927	-3
928	928	1
929	929	-1
930	930	3
931	931	-3
932	932	3
933	933	-1
934	934	-1
935	935	1
936	936	1
937	937	-1
938	938	1
939	939	-1
940	940	1
941	941	1
942	942	1
943	943	-1
944	944	1
945	945	-1
946	946	-1
947	947	-1
948	948	1
949	949	3
950	950	1
951	951	-3
952	952	-1
953	953	3
954	954	1
955	955	-3
956	956	3
957	957	3
958	958	-1
959	959	-1
960	960	-1
961	961	3
962	962	-1
963	963	-1
964	964	-1
965	965	-1
966	966	-1
967	967	-1
968	968	1
969	969	1
970	970	1
971	971	1
972	972	-1
973	973	3
974	974	3
975	975	-1
976	976	-1
977	977	1
978	978	1
979	979	-1
980	980	-1
981	981	-3
982	982	3
983	983	1
984	984	3
985	985	1
986	986	-1
987	987	-3
988	988	3
989	989	-1
990	990	1
991	991	-1
992	992	-1
993	993	1
994	994	1
995	995	3
996	996	1
997	997	3
998	998	3
999	999	-3
1000	1000	1
1001	1001	-1
1002	1002	1
1003	1003	1
1004	1004	-1
1005	1005	-1
1006	1006	1
1007	1007	-1
1008	1008	1
1009	1009	1
1010	1010	1
1011	1011	-1
1012	1012	1
1013	1013	1
1014	1014	3
1015	1015	1
1016	1016	1
1017	1017	1
1018	1018	1
1019	1019	-1
1020	1020	3
1021	1021	1
1022	1022	1
1023	1023	-1
1024	1024	1
1025	1025	-2
1026	1026	2
1027	1027	-2
1028	1028	-2
1029	1029	2
1030	1030	-2
1031	1031	2
1032	1032	-2
1033	1033	-2
1034	1034	2
1035	1035	-2
1036	1036	-2
1037	1037	-2
1038	1038	-2
1039	1039	2
1040	1040	-2
1041	1041	2
1042	1042	-2
1043	1043	-2
1044	1044	-2
1045	1045	2
1046	1046	2
1047	1047	2
1048	1048	2
1049	1049	2
1050	1050	2
1051	1051	-2
1052	1052	2
1053	1053	-2
1054	1054	2
1055	1055	-2
1056	1056	2
1057	1057	2
1058	1058	2
1059	1059	-2
1060	1060	-2
1061	1061	2
1062	1062	-2
1063	1063	-2
1064	1064	-2
1065	1065	2
1066	1066	-2
1067	1067	2
1068	1068	-2
1069	1069	2
1070	1070	2
1071	1071	2
1072	1072	2
1073	1073	2
1074	1074	-2
1075	1075	-2
1076	1076	2
1077	1077	-2
1078	1078	2
1079	1079	-2
1080	1080	-2
1081	1081	2
1082	1082	2
1083	1083	-2
1084	1084	2
1085	1085	-2
1086	1086	-2
1087	1087	2
1088	1088	-2
1089	1089	-2
1090	1090	-2
1091	1091	-2
1092	1092	-2
1093	1093	-2
1094	1094	2
1095	1095	-2
1096	1096	2
1097	1097	2
1098	1098	-2
1099	1099	-2
1100	1100	-2
1101	1101	2
1102	1102	2
1103	1103	-2
1104	1104	-2
1105	1105	-2
1106	1106	-2
1107	1107	2
1108	1108	2
1109	1109	2
1110	1110	2
1111	1111	2
1112	1112	-2
1113	1113	2
1114	1114	-2
1115	1115	-2
1116	1116	-2
1117	1117	2
1118	1118	2
1119	1119	2
1120	1120	-2
1121	1121	2
1122	1122	-2
1123	1123	2
1124	1124	2
1125	1125	2
1126	1126	2
1127	1127	2
1128	1128	2
1129	1129	-2
1130	1130	-2
1131	1131	2
1132	1132	2
1133	1133	2
1134	1134	-2
1135	1135	2
1136	1136	-2
1137	1137	-2
1138	1138	-2
1139	1139	-2
1140	1140	2
1141	1141	-2
1142	1142	-2
1143	1143	-2
1144	1144	-2
1145	1145	2
1146	1146	-2
1147	1147	-2
1148	1148	-2
1149	1149	2
1150	1150	2
1151	1151	2
1152	1152	2
1153	1153	2
1154	1154	2
1155	1155	-2
1156	1156	-2
1157	1157	2
1158	1158	-2
1159	1159	2
1160	1160	2
1161	1161	2
1162	1162	2
1163	1163	-2
1164	1164	-2
1165	1165	-2
1166	1166	2
1167	1167	-2
1168	1168	2
1169	1169	-2
1170	1170	2
1171	1171	-2
1172	1172	-2
1173	1173	2
1174	1174	2
1175	1175	-2
1176	1176	2
1177	1177	2
1178	1178	-2
1179	1179	2
1180	1180	-2
1181	1181	-2
1182	1182	2
1183	1183	2
1184	1184	-2
1185	1185	-2
1186	1186	-2
1187	1187	2
1188	1188	2
1189	1189	2
1190	1190	-2
1191	1191	-2
1192	1192	2
1193	1193	-2
1194	1194	-2
1195	1195	-2
1196	1196	2
1197	1197	2
1198	1198	2
1199	1199	-2
1200	1200	-2
1201	1201	2
1202	1202	-2
1203	1203	-2
1204	1204	2
1205	1205	2
1206	1206	2
1207	1207	-2
1208	1208	2
1209	1209	2
1210	1210	2
1211	1211	2
1212	1212	2
1213	1213	2
1214	1214	-2
1215	1215	2
1216	1216	2
1217	1217	2
1218	1218	-2
1219	1219	-2
1220	1220	-2
1221	1221	-2
1222	1222	-2
1223	1223	2
1224	1224	2
1225	1225	2
1226	1226	2
1227	1227	2
1228	1228	-2
1229	1229	-2
1230	1230	-2
1231	1231	2
1232	1232	2
1233	1233	2
1234	1234	-2
1235	1235	-2
1236	1236	2
1237	1237	-2
1238	1238	2
1239	1239	2
1240	1240	-2
1241	1241	2
1242	1242	-2
1243	1243	-2
1244	1244	-2
1245	1245	2
1246	1246	2
1247	1247	-2
1248	1248	2
1249	1249	-2
1250	1250	-2
1251	1251	2
1252	1252	-2
1253	1253	2
1254	1254	-2
1255	1255	-2
1256	1256	-2
1257	1257	-2
1258	1258	-2
1259	1259	-2
1260	1260	-2
1261	1261	2
1262	1262	-2
1263	1263	-2
1264	1264	-2
1265	1265	-2
1266	1266	-2
1267	1267	-2
1268	1268	2
1269	1269	2
1270	1270	2
1271	1271	2
1272	1272	-2
1273	1273	-2
1274	1274	2
1275	1275	2
1276	1276	2
1277	1277	2
1278	1278	2
1279	1279	2
1280	1280	2
1281	1281	2
1282	1282	-2
1283	1283	2
1284	1284	-2
1285	1285	-2
1286	1286	-2
1287	1287	-2
1288	1288	2
1289	1289	-2
1290	1290	-2
1291	1291	2
1292	1292	-2
1293	1293	-2
1294	1294	-2
1295	1295	-2
1296	1296	-2
1297	1297	2
1298	1298	-2
1299	1299	2
1300	1300	-2
1301	1301	2
1302	1302	-2
1303	1303	2
1304	1304	-2
1305	1305	2
1306	1306	2
1307	1307	2
1308	1308	-2
1309	1309	2
1310	1310	2
1311	1311	2
1312	1312	-2
1313	1313	-2
1314	1314	2
1315	1315	-2
1316	1316	2
1317	1317	-2
1318	1318	2
1319	1319	-2
1320	1320	-2
1321	1321	-2
1322	1322	-2
1323	1323	-2
1324	1324	2
1325	1325	-2
1326	1326	-2
1327	1327	2
1328	1328	-2
1329	1329	2
1330	1330	2
1331	1331	2
1332	1332	2
1333	1333	2
1334	1334	-2
1335	1335	-2
1336	1336	2
1337	1337	2
1338	1338	-2
1339	1339	2
1340	1340	-2
1341	1341	-2
1342	1342	2
1343	1343	-2
1344	1344	2
1345	1345	2
1346	1346	-2
1347	1347	-2
1348	1348	-2
1349	1349	-2
1350	1350	2
1351	1351	-2
1352	1352	2
1353	1353	-2
1354	1354	2
1355	1355	-2
1356	1356	-2
1357	1357	-2
1358	1358	2
1359	1359	-2
1360	1360	-2
1361	1361	-2
1362	1362	2
1363	1363	2
1364	1364	-2
1365	1365	-2
1366	1366	-2
1367	1367	2
1368	1368	-2
1369	1369	-2
1370	1370	2
1371	1371	-2
1372	1372	-2
1373	1373	-2
1374	1374	-2
1375	1375	2
1376	1376	2
1377	1377	2
1378	1378	2
1379	1379	2
1380	1380	2
1381	1381	2
1382	1382	-2
1383	1383	-2
1384	1384	2
1385	1385	2
1386	1386	-2
1387	1387	2
1388	1388	-2
1389	1389	-2
1390	1390	2
1391	1391	-2
1392	1392	-2
1393	1393	-2
1394	1394	2
1395	1395	2
1396	1396	-2
1397	1397	-2
1398	1398	-2
1399	1399	-2
1400	1400	2
1401	1401	2
1402	1402	2
1403	1403	-2
1404	1404	2
1405	1405	2
1406	1406	-2
1407	1407	-2
1408	1408	-2
1409	1409	-2
1410	1410	2
1411	1411	2
1412	1412	2
1413	1413	2
1414	1414	-2
1415	1415	-2
1416	1416	2
1417	1417	2
1418	1418	2
1419	1419	2
1420	1420	2
1421	1421	-2
1422	1422	-2
1423	1423	2
1424	1424	-2
1425	1425	2
1426	1426	2
1427	1427	2
1428	1428	2
1429	1429	-2
1430	1430	2
1431	1431	2
1432	1432	2
1433	1433	-2
1434	1434	2
1435	1435	2
1436	1436	2
1437	1437	2
1438	1438	-2
1439	1439	2
1440	1440	-2
1441	1441	2
1442	1442	-2
1443	1443	2
1444	1444	-2
1445	1445	-2
1446	1446	2
1447	1447	-2
1448	1448	-2
1449	1449	-2
1450	1450	-2
1451	1451	2
1452	1452	2
1453	1453	-2
1454	1454	-2
1455	1455	2
1456	1456	-2
1457	1457	-2
1458	1458	-2
1459	1459	2
1460	1460	-2
1461	1461	-2
1462	1462	2
1463	1463	2
1464	1464	2
1465	1465	-2
1466	1466	-2
1467	1467	2
1468	1468	2
1469	1469	2
1470	1470	-2
1471	1471	-2
1472	1472	-2
1473	1473	-2
1474	1474	2
1475	1475	2
1476	1476	2
1477	1477	-2
1478	1478	2
1479	1479	-2
1480	1480	2
1481	1481	-2
1482	1482	2
1483	1483	-2
1484	1484	2
1485	1485	2
1486	1486	-2
1487	1487	2
1488	1488	2
1489	1489	2
1490	1490	-2
1491	1491	2
1492	1492	-2
1493	1493	-2
1494	1494	2
1495	1495	-2
1496	1496	-2
1497	1497	-2
1498	1498	-2
1499	1499	-2
1500	1500	2
1501	1501	2
1502	1502	2
1503	1503	-2
1504	1504	2
1505	1505	-2
1506	1506	-2
1507	1507	2
1508	1508	-2
1509	1509	2
1510	1510	-2
1511	1511	2
1512	1512	-2
1513	1513	2
1514	1514	2
1515	1515	2
1516	1516	2
1517	1517	-2
1518	1518	-2
1519	1519	2
1520	1520	2
1521	1521	-2
1522	1522	-2
1523	1523	2
1524	1524	-2
1525	1525	2
1526	1526	2
1527	1527	-2
1528	1528	2
1529	1529	-2
1530	1530	2
1531	1531	2
1532	1532	2
1533	1533	-2
1534	1534	-2
1535	1535	-2
1536	1536	2
1537	1537	2
1538	1538	2
1539	1539	-2
1540	1540	-2
1541	1541	-2
1542	1542	-2
1543	1543	-2
1544	1544	2
1545	1545	2
1546	1546	2
1547	1547	-2
1548	1548	-2
1549	1549	2
1550	1550	2
1551	1551	-2
1552	1552	2
1553	1553	-2
1554	1554	2
1555	1555	-2
1556	1556	-2
1557	1557	2
1558	1558	-2
1559	1559	2
1560	1560	2
1561	1561	2
1562	1562	-2
1563	1563	-2
1564	1564	-2
1565	1565	-2
1566	1566	-2
1567	1567	-2
1568	1568	-2
1569	1569	2
1570	1570	2
1571	1571	-2
1572	1572	2
1573	1573	-2
1574	1574	2
1575	1575	2
1576	1576	-2
1577	1577	-2
1578	1578	2
1579	1579	2
1580	1580	2
1581	1581	2
1582	1582	-2
1583	1583	2
1584	1584	-2
1585	1585	2
1586	1586	-2
1587	1587	-2
1588	1588	-2
1589	1589	2
1590	1590	-2
1591	1591	-2
1592	1592	2
1593	1593	2
1594	1594	-2
1595	1595	2
1596	1596	2
1597	1597	-2
1598	1598	2
1599	1599	2
1600	1600	-2
1601	1601	2
1602	1602	-2
1603	1603	-2
1604	1604	2
1605	1605	2
1606	1606	2
1607	1607	2
1608	1608	-2
1609	1609	-2
1610	1610	-2
1611	1611	-2
1612	1612	-2
1613	1613	2
1614	1614	2
1615	1615	2
1616	1616	2
1617	1617	2
1618	1618	2
1619	1619	2
1620	1620	-2
1621	1621	-2
1622	1622	2
1623	1623	-2
1624	1624	-2
1625	1625	2
1626	1626	2
1627	1627	-2
1628	1628	2
1629	1629	-2
1630	1630	-2
1631	1631	-2
1632	1632	-2
1633	1633	-2
1634	1634	2
1635	1635	-2
1636	1636	-2
1637	1637	-2
1638	1638	2
1639	1639	2
1640	1640	2
1641	1641	2
1642	1642	-2
1643	1643	-2
1644	1644	2
1645	1645	2
1646	1646	-2
1647	1647	2
1648	1648	-2
1649	1649	-2
1650	1650	-2
1651	1651	-2
1652	1652	2
1653	1653	2
1654	1654	-2
1655	1655	-2
1656	1656	2
1657	1657	-2
1658	1658	-2
1659	1659	2
1660	1660	2
1661	1661	-2
1662	1662	-2
1663	1663	-2
1664	1664	2
1665	1665	2
1666	1666	2
1667	1667	2
1668	1668	2
1669	1669	-2
1670	1670	2
1671	1671	2
1672	1672	2
1673	1673	2
1674	1674	-2
1675	1675	2
1676	1676	2
1677	1677	-2
1678	1678	-2
1679	1679	2
1680	1680	-2
1681	1681	-2
1682	1682	2
1683	1683	2
1684	1684	2
1685	1685	2
1686	1686	-2
1687	1687	-2
1688	1688	-2
1689	1689	-2
1690	1690	2
1691	1691	-2
1692	1692	-2
1693	1693	-2
1694	1694	2
1695	1695	-2
1696	1696	-2
1697	1697	-2
1698	1698	-2
1699	1699	2
1700	1700	-2
1701	1701	2
1702	1702	2
1703	1703	-2
1704	1704	2
1705	1705	2
1706	1706	2
1707	1707	-2
1708	1708	-2
1709	1709	-2
1710	1710	2
1711	1711	-2
1712	1712	-2
1713	1713	-2
1714	1714	-2
1715	1715	-2
1716	1716	2
1717	1717	-2
1718	1718	2
1719	1719	-2
1720	1720	2
1721	1721	-2
1722	1722	-2
1723	1723	2
1724	1724	-2
1725	1725	-2
1726	1726	-2
1727	1727	-2
1728	1728	2
1729	1729	2
1730	1730	2
1731	1731	2
1732	1732	2
1733	1733	2
1734	1734	2
1735	1735	2
1736	1736	-2
1737	1737	-2
1738	1738	2
1739	1739	2
1740	1740	-2
1741	1741	-2
1742	1742	-2
1743	1743	2
1744	1744	2
1745	1745	-2
1746	1746	-2
1747	1747	-2
1748	1748	-2
1749	1749	-2
1750	1750	2
1751	1751	2
1752	1752	2
1753	1753	2
1754	1754	2
1755	1755	2
1756	1756	2
1757	1757	2
1758	1758	-2
1759	1759	2
1760	1760	-2
1761	1761	-2
1762	1762	-2
1763	1763	-2
1764	1764	2
1765	1765	2
1766	1766	-2
1767	1767	2
1768	1768	-2
1769	1769	-2
1770	1770	2
1771	1771	2
1772	1772	-2
1773	1773	-2
1774	1774	-2
1775	1775	-2
1776	1776	-2
1777	1777	2
1778	1778	-2
1779	1779	2
1780	1780	2
1781	1781	2
1782	1782	2
1783	1783	-2
1784	1784	2
1785	1785	-2
1786	1786	-2
1787	1787	-2
1788	1788	2
1789	1789	-2
1790	1790	-2
1791	1791	2
1792	1792	-2
1793	1793	2
1794	1794	2
1795	1795	2
1796	1796	2
1797	1797	2
1798	1798	2
1799	1799	-2
1800	1800	2
1801	1801	-2
1802	1802	-2
1803	1803	-2
1804	1804	-2
1805	1805	-2
1806	1806	2
1807	1807	-2
1808	1808	2
1809	1809	2
1810	1810	-2
1811	1811	-2
1812	1812	2
1813	1813	2
1814	1814	-2
1815	1815	-2
1816	1816	-2
1817	1817	-2
1818	1818	2
1819	1819	-2
1820	1820	2
1821	1821	2
1822	1822	2
1823	1823	2
1824	1824	2
1825	1825	2
1826	1826	-2
1827	1827	2
1828	1828	-2
1829	1829	2
1830	1830	-2
1831	1831	-2
1832	1832	-2
1833	1833	2
1834	1834	2
1835	1835	2
1836	1836	2
1837	1837	-2
1838	1838	2
1839	1839	2
1840	1840	2
1841	1841	2
1842	1842	2
1843	1843	-2
1844	1844	2
1845	1845	2
1846	1846	2
1847	1847	-2
1848	1848	-2
1849	1849	-2
1850	1850	-2
1851	1851	-2
1852	1852	2
1853	1853	2
1854	1854	-2
1855	1855	-2
1856	1856	2
1857	1857	-2
1858	1858	2
1859	1859	-2
1860	1860	2
1861	1861	-2
1862	1862	-2
1863	1863	2
1864	1864	-2
1865	1865	-2
1866	1866	-2
1867	1867	-2
1868	1868	2
1869	1869	-2
1870	1870	2
1871	1871	-2
1872	1872	2
1873	1873	2
1874	1874	-2
1875	1875	-2
1876	1876	2
1877	1877	-2
1878	1878	2
1879	1879	2
1880	1880	2
1881	1881	2
1882	1882	-2
1883	1883	-2
1884	1884	2
1885	1885	2
1886	1886	2
1887	1887	-2
1888	1888	-2
1889	1889	2
1890	1890	-2
1891	1891	2
1892	1892	-2
1893	1893	-2
1894	1894	-2
1895	1895	2
1896	1896	-2
1897	1897	-2
1898	1898	-2
1899	1899	-2
1900	1900	2
1901	1901	2
1902	1902	2
1903	1903	2
1904	1904	2
1905	1905	2
1906	1906	-2
1907	1907	-2
1908	1908	2
1909	1909	-2
1910	1910	-2
1911	1911	-2
1912	1912	2
1913	1913	2
1914	1914	-2
1915	1915	2
1916	1916	2
1917	1917	-2
1918	1918	2
1919	1919	2
1920	1920	-2
1921	1921	-2
1922	1922	2
1923	1923	-2
1924	1924	-2
1925	1925	2
1926	1926	2
1927	1927	-2
1928	1928	2
1929	1929	2
1930	1930	-2
1931	1931	-2
1932	1932	-2
1933	1933	-2
1934	1934	2
1935	1935	-2
1936	1936	-2
1937	1937	2
1938	1938	-2
1939	1939	-2
1940	1940	-2
1941	1941	-2
1942	1942	-2
1943	1943	-2
1944	1944	2
1945	1945	-2
1946	1946	2
1947	1947	-2
1948	1948	2
1949	1949	2
1950	1950	-2
1951	1951	-2
1952	1952	2
1953	1953	-2
1954	1954	-2
1955	1955	-2
1956	1956	-2
1957	1957	-2
1958	1958	2
1959	1959	-2
1960	1960	2
1961	1961	2
1962	1962	-2
1963	1963	2
1964	1964	-2
1965	1965	-2
1966	1966	-2
1967	1967	2
1968	1968	-2
1969	1969	-2
1970	1970	-2
1971	1971	2
1972	1972	-2
1973	1973	2
1974	1974	2
1975	1975	2
1976	1976	-2
1977	1977	-2
1978	1978	-2
1979	1979	-2
1980	1980	2
1981	1981	2
1982	1982	-2
1983	1983	2
1984	1984	-2
1985	1985	-2
1986	1986	-2
1987	1987	2
1988	1988	-2
1989	1989	-2
1990	1990	2
1991	1991	2
1992	1992	2
1993	1993	-2
1994	1994	2
1995	1995	-2
1996	1996	-2
1997	1997	-2
1998	1998	2
1999	1999	-2
2000	2000	2
2001	2001	2
2002	2002	2
2003	2003	2
2004	2004	2
2005	2005	-2
2006	2006	-2
2007	2007	2
2008	2008	-2
2009	2009	-2
2010	2010	2
2011	2011	2
2012	2012	2
2013	2013	2
2014	2014	-2
2015	2015	-2
2016	2016	2
2017	2017	2
2018	2018	2
2019	2019	-2
2020	2020	2
2021	2021	2
2022	2022	2
2023	2023	2
2024	2024	2
2025	2025	2
2026	2026	-2
2027	2027	-2
2028	2028	2
2029	2029	-2
2030	2030	-2
2031	2031	-2
2032	2032	-2
2033	2033	2
2034	2034	2
2035	2035	-2
2036	2036	-2
2037	2037	-2
2038	2038	-2
2039	2039	-2
2040	2040	-2
2041	2041	2
2042	2042	-2
2043	2043	-2
2044	2044	-2
2045	2045	-2
2046	2046	2
2047	2047	2
2048	2048	-2
1	69	1
1	127	1
1	431	1
1	735	1
1	814	1
1	838	1
1	1525	-2
1	1526	2
1	1660	2
2	424	1
2	737	1
2	763	1
2	838	1
2	844	1
2	919	1
2	1333	-2
2	1617	-2
2	1971	2
3	96	1
3	382	1
3	414	1
3	516	1
3	668	1
3	718	1
3	1169	2
3	1301	2
3	1544	2
4	10	1
4	40	1
4	85	1
4	431	1
4	691	1
4	869	1
4	1596	2
4	1677	-2
4	1851	-2
5	50	1
5	68	1
5	259	1
5	398	1
5	939	1
5	979	1
5	1710	-2
5	1849	-2
5	2014	2
6	129	1
6	153	1
6	154	1
6	635	1
6	772	1
6	1021	1
6	1116	2
6	1636	2
6	1844	2
7	72	1
7	290	1
7	323	1
7	604	1
7	750	1
7	1001	1
7	1614	-2
7	1761	2
7	1910	2
8	110	1
8	269	1
8	443	1
8	445	1
8	600	1
8	713	1
8	1322	2
8	1968	-2
8	2044	2
9	21	1
9	263	1
9	284	1
9	490	1
9	777	1
9	831	1
9	1091	-2
9	1313	2
9	1733	-2
10	75	1
10	85	1
10	213	1
10	434	1
10	868	1
10	1072	2
10	1851	-2
10	1917	-2
11	14	1
11	223	1
11	257	1
11	337	1
11	453	1
11	981	1
11	1520	2
11	1687	-2
11	1704	-2
12	18	1
12	334	1
12	369	1
12	532	1
12	679	1
12	802	1
12	1210	2
12	1558	-2
12	1994	2
13	102	1
13	158	1
13	579	1
13	587	1
13	790	1
13	966	1
13	1551	2
13	1718	2
13	1879	-2
14	265	1
14	337	1
14	442	1
14	469	1
14	566	1
14	1108	-2
14	1654	2
14	1687	-2
15	87	1
15	92	1
15	606	1
15	721	1
15	729	1
15	836	1
15	1195	-2
15	1499	-2
15	1578	2
16	81	1
16	444	1
16	511	1
16	822	1
16	852	1
16	937	1
16	1483	-2
16	1829	2
16	2041	2
17	218	1
17	417	1
17	608	1
17	821	1
17	856	1
17	1011	1
17	1123	2
17	1656	2
17	1951	2
18	334	1
18	506	1
18	610	1
18	639	1
18	844	1
18	1210	2
18	1445	2
18	1651	-2
19	44	1
19	389	1
19	500	1
19	508	1
19	731	1
19	776	1
19	1329	2
19	1503	2
19	1796	-2
20	249	1
20	473	1
20	646	1
20	678	1
20	726	1
20	921	1
20	1111	-2
20	1760	-2
20	2035	-2
21	43	1
21	99	1
21	255	1
21	274	1
21	777	1
21	1463	2
21	1733	-2
21	1934	2
22	201	1
22	336	1
22	345	1
22	399	1
22	859	1
22	981	1
22	1113	-2
22	1295	-2
22	1983	-2
23	55	1
23	144	1
23	556	1
23	672	1
23	778	1
23	890	1
23	1688	-2
23	1952	-2
23	1997	-2
24	52	1
24	164	1
24	260	1
24	413	1
24	553	1
24	915	1
24	1078	-2
24	1882	-2
24	1891	-2
25	51	1
25	89	1
25	126	1
25	255	1
25	454	1
25	928	1
25	1213	-2
25	1516	-2
25	1626	-2
26	80	1
26	535	1
26	640	1
26	796	1
26	879	1
26	985	1
26	1441	2
26	1922	2
26	1949	2
27	203	1
27	280	1
27	817	1
27	832	1
27	909	1
27	955	1
27	1167	-2
27	1350	-2
27	1774	2
28	351	1
28	572	1
28	634	1
28	685	1
28	801	1
28	1011	1
28	1251	-2
28	1699	2
28	1837	-2
29	177	1
29	503	1
29	783	1
29	832	1
29	889	1
29	1002	1
29	1607	2
29	1646	2
29	1974	2
30	66	1
30	73	1
30	291	1
30	536	1
30	589	1
30	966	1
30	1196	-2
30	1330	2
30	2006	-2
31	294	1
31	320	1
31	462	1
31	518	1
31	651	1
31	959	1
31	1093	2
31	1599	2
31	1747	-2
32	150	1
32	183	1
32	500	1
32	554	1
32	601	1
32	722	1
32	1302	-2
32	1326	-2
32	1430	-2
33	161	1
33	231	1
33	470	1
33	479	1
33	870	1
33	977	1
33	1193	-2
33	1243	2
33	2015	-2
34	232	1
34	507	1
34	704	1
34	744	1
34	1015	1
34	1020	1
34	1453	-2
34	1481	-2
34	1515	-2
35	231	1
35	429	1
35	492	1
35	687	1
35	953	1
35	999	1
35	1115	-2
35	1828	-2
35	1841	-2
36	76	1
36	146	1
36	478	1
36	599	1
36	988	1
36	1007	1
36	1239	2
36	1777	-2
36	1866	2
37	109	1
37	201	1
37	290	1
37	372	1
37	392	1
37	679	1
37	1209	2
37	1358	-2
37	1858	2
38	63	1
38	287	1
38	315	1
38	369	1
38	547	1
38	849	1
38	1318	-2
38	1349	-2
38	1382	-2
39	307	1
39	462	1
39	603	1
39	666	1
39	809	1
39	848	1
39	1541	-2
39	1754	-2
39	1873	2
40	594	1
40	633	1
40	723	1
40	852	1
40	869	1
40	1194	2
40	1338	2
40	1677	-2
41	654	1
41	760	1
41	766	1
41	785	1
41	858	1
41	980	1
41	1320	2
41	1464	2
41	1956	2
42	202	1
42	235	1
42	615	1
42	769	1
42	926	1
42	934	1
42	1281	-2
42	1312	2
42	1939	-2
43	267	1
43	274	1
43	319	1
43	968	1
43	989	1
43	1294	-2
43	1766	-2
43	1934	2
44	132	1
44	543	1
44	610	1
44	700	1
44	776	1
44	1329	2
44	1345	2
44	1634	2
45	58	1
45	210	1
45	241	1
45	505	1
45	641	1
45	967	1
45	1738	-2
45	1805	-2
45	1988	2
46	88	1
46	122	1
46	366	1
46	418	1
46	499	1
46	838	1
46	1377	-2
46	1788	2
46	2023	-2
47	558	1
47	562	1
47	690	1
47	778	1
47	816	1
47	933	1
47	1553	2
47	1899	-2
47	1905	-2
48	175	1
48	207	1
48	331	1
48	353	1
48	695	1
48	927	1
48	1041	-2
48	1172	2
48	1277	2
49	91	1
49	372	1
49	415	1
49	440	1
49	490	1
49	524	1
49	1040	-2
49	1597	-2
49	1995	2
50	238	1
50	500	1
50	820	1
50	920	1
50	979	1
50	1026	2
50	1776	-2
50	1849	-2
51	89	1
51	248	1
51	482	1
51	846	1
51	879	1
51	1180	2
51	1473	2
51	1516	-2
52	239	1
52	347	1
52	553	1
52	671	1
52	773	1
52	1078	-2
52	1643	-2
52	1946	2
53	125	1
53	230	1
53	503	1
53	877	1
53	911	1
53	1009	1
53	1129	2
53	1793	-2
53	1807	2
54	135	1
54	300	1
54	333	1
54	362	1
54	686	1
54	751	1
54	1166	2
54	1351	2
54	1388	2
55	144	1
55	236	1
55	513	1
55	929	1
55	1004	1
55	1131	2
55	1674	2
55	1997	-2
56	79	1
56	103	1
56	534	1
56	764	1
56	825	1
56	930	1
56	1081	2
56	1164	-2
56	2012	2
57	112	1
57	243	1
57	274	1
57	383	1
57	555	1
57	773	1
57	1070	-2
57	1089	-2
57	1331	-2
58	505	1
58	611	1
58	781	1
58	955	1
58	971	1
58	1411	2
58	1618	-2
58	1988	2
59	153	1
59	166	1
59	707	1
59	712	1
59	792	1
59	870	1
59	1770	2
59	1883	-2
59	2029	2
60	234	1
60	263	1
60	265	1
60	324	1
60	774	1
60	864	1
60	1063	2
60	1471	-2
60	1900	-2
61	67	1
61	408	1
61	605	1
61	737	1
61	832	1
61	1008	1
61	1587	-2
61	1953	2
61	2011	-2
62	165	1
62	202	1
62	650	1
62	775	1
62	811	1
62	912	1
62	1182	-2
62	1260	-2
62	1274	2
63	340	1
63	369	1
63	430	1
63	930	1
63	988	1
63	1066	-2
63	1382	-2
63	1480	-2
64	166	1
64	172	1
64	270	1
64	786	1
64	890	1
64	932	1
64	1669	-2
64	1767	2
64	1826	-2
65	322	1
65	402	1
65	461	1
65	466	1
65	668	1
65	672	1
65	1831	2
65	1870	-2
65	2019	-2
66	73	1
66	446	1
66	520	1
66	791	1
66	924	1
66	1226	2
66	1576	-2
66	2006	-2
67	198	1
67	365	1
67	762	1
67	832	1
67	893	1
67	1412	2
67	1953	2
67	1954	-2
68	297	1
68	440	1
68	498	1
68	939	1
68	953	1
68	1249	-2
68	1385	-2
68	1710	-2
69	453	1
69	749	1
69	813	1
69	838	1
69	930	1
69	1521	-2
69	1526	2
69	1937	2
70	167	1
70	586	1
70	708	1
70	801	1
70	940	1
70	1024	1
70	1462	2
70	1539	2
70	1568	-2
71	163	1
71	378	1
71	509	1
71	926	1
71	958	1
71	1005	1
71	1192	2
71	1512	2
71	1965	-2
72	254	1
72	305	1
72	313	1
72	335	1
72	604	1
72	1614	-2
72	1810	-2
72	1912	2
73	692	1
73	709	1
73	809	1
73	813	1
73	1549	-2
73	1584	2
73	2006	-2
74	533	1
74	588	1
74	609	1
74	744	1
74	806	1
74	914	1
74	1399	-2
74	1431	-2
74	1716	-2
75	292	1
75	312	1
75	472	1
75	574	1
75	868	1
75	1072	2
75	1563	-2
75	1639	-2
76	489	1
76	771	1
76	915	1
76	1007	1
76	1009	1
76	1047	2
76	1548	-2
76	1777	-2
77	194	1
77	355	1
77	614	1
77	661	1
77	746	1
77	969	1
77	1340	2
77	1417	-2
77	1799	2
78	145	1
78	520	1
78	586	1
78	591	1
78	624	1
78	1021	1
78	1387	2
78	1545	2
78	1987	2
79	132	1
79	240	1
79	764	1
79	783	1
79	942	1
79	1164	-2
79	1183	-2
79	1259	2
80	140	1
80	628	1
80	934	1
80	979	1
80	985	1
80	1247	2
80	1441	2
80	1924	-2
81	120	1
81	189	1
81	780	1
81	925	1
81	937	1
81	1542	2
81	1672	2
81	1829	2
82	93	1
82	157	1
82	286	1
82	375	1
82	606	1
82	728	1
82	1139	-2
82	1536	-2
82	2028	-2
83	159	1
83	236	1
83	251	1
83	614	1
83	923	1
83	1017	1
83	1088	-2
83	1187	-2
83	1374	2
84	159	1
84	185	1
84	371	1
84	782	1
84	818	1
84	826	1
84	1436	-2
84	1598	2
84	2025	2
85	289	1
85	317	1
85	590	1
85	601	1
85	1421	2
85	1785	2
85	1851	-2
86	301	1
86	542	1
86	658	1
86	701	1
86	764	1
86	1022	1
86	1266	-2
86	1361	-2
86	1950	-2
87	323	1
87	721	1
87	799	1
87	941	1
87	976	1
87	1032	-2
87	1195	-2
87	1920	2
88	116	1
88	499	1
88	611	1
88	874	1
88	916	1
88	1360	2
88	1788	2
88	2033	-2
89	342	1
89	596	1
89	814	1
89	957	1
89	1516	-2
89	1535	-2
89	1703	-2
90	359	1
90	549	1
90	562	1
90	715	1
90	865	1
90	1014	1
90	1119	2
90	1604	2
90	1717	2
91	135	1
91	302	1
91	440	1
91	727	1
91	880	1
91	1517	-2
91	1597	-2
91	2018	2
92	153	1
92	269	1
92	512	1
92	606	1
92	854	1
92	1181	-2
92	1569	-2
92	1578	2
93	133	1
93	620	1
93	728	1
93	853	1
93	946	1
93	1536	-2
93	1929	-2
93	1962	2
94	131	1
94	422	1
94	680	1
94	725	1
94	804	1
94	984	1
94	1137	-2
94	1160	2
94	1964	-2
95	125	1
95	151	1
95	184	1
95	348	1
95	463	1
95	557	1
95	1126	-2
95	1554	-2
95	1817	-2
96	256	1
96	516	1
96	551	1
96	555	1
96	567	1
96	1169	2
96	1334	-2
96	1348	2
97	393	1
97	409	1
97	616	1
97	636	1
97	665	1
97	968	1
97	1593	2
97	1644	2
97	1947	2
98	252	1
98	507	1
98	757	1
98	876	1
98	922	1
98	956	1
98	1298	-2
98	1561	2
98	1779	-2
99	255	1
99	354	1
99	394	1
99	467	1
99	952	1
99	1463	2
99	1854	2
99	2002	-2
100	234	1
100	412	1
100	446	1
100	550	1
100	630	1
100	901	1
100	1056	-2
100	1647	-2
100	1840	-2
101	432	1
101	469	1
101	681	1
101	703	1
101	741	1
101	950	1
101	1304	-2
101	1493	2
101	1802	2
102	150	1
102	155	1
102	214	1
102	415	1
102	966	1
102	1718	2
102	1783	2
102	1981	-2
103	397	1
103	473	1
103	534	1
103	719	1
103	851	1
103	1197	2
103	1447	-2
103	2012	2
104	149	1
104	242	1
104	344	1
104	537	1
104	570	1
104	834	1
104	1140	2
104	1267	-2
104	1782	-2
105	157	1
105	328	1
105	389	1
105	489	1
105	698	1
105	1018	1
105	1398	2
105	1434	2
105	1863	-2
106	119	1
106	280	1
106	560	1
106	599	1
106	637	1
106	739	1
106	1284	2
106	1550	-2
106	1864	2
107	296	1
107	551	1
107	663	1
107	841	1
107	963	1
107	1014	1
107	1409	-2
107	1594	2
107	1729	2
108	110	1
108	396	1
108	474	1
108	682	1
108	715	1
108	992	1
108	1380	-2
108	1653	2
108	1789	2
109	302	1
109	372	1
109	683	1
109	818	1
109	1007	1
109	1292	-2
109	1358	-2
109	2003	-2
110	307	1
110	374	1
110	474	1
110	713	1
110	1380	-2
110	1580	2
110	2044	2
111	303	1
111	430	1
111	482	1
111	682	1
111	701	1
111	949	1
111	1028	-2
111	1255	2
111	1572	2
112	240	1
112	308	1
112	555	1
112	812	1
112	842	1
112	1089	-2
112	1523	2
112	1990	2
113	284	1
113	367	1
113	417	1
113	494	1
113	609	1
113	909	1
113	1237	2
113	1442	-2
113	1880	-2
114	236	1
114	645	1
114	706	1
114	789	1
114	833	1
114	883	1
114	1629	-2
114	1868	-2
114	1986	-2
115	262	1
115	330	1
115	455	1
115	475	1
115	650	1
115	855	1
115	1404	2
115	1758	-2
115	1881	-2
116	214	1
116	611	1
116	664	1
116	733	1
116	758	1
116	1058	-2
116	1360	2
116	1363	2
117	314	1
117	502	1
117	572	1
117	592	1
117	792	1
117	918	1
117	1128	2
117	1518	2
117	1751	-2
118	187	1
118	227	1
118	357	1
118	438	1
118	579	1
118	1003	1
118	1029	2
118	1085	-2
118	1519	2
119	195	1
119	492	1
119	613	1
119	739	1
119	755	1
119	1284	2
119	1713	-2
119	1960	2
120	189	1
120	196	1
120	331	1
120	411	1
120	833	1
120	1495	2
120	1513	2
120	1672	2
121	315	1
121	401	1
121	592	1
121	717	1
121	724	1
121	1006	1
121	1308	2
121	1531	2
121	1859	-2
122	131	1
122	397	1
122	418	1
122	838	1
122	857	1
122	1433	2
122	1724	-2
122	2023	-2
123	170	1
123	198	1
123	376	1
123	415	1
123	617	1
123	868	1
123	1136	2
123	1289	2
123	1327	2
124	271	1
124	503	1
124	507	1
124	652	1
124	793	1
124	1005	1
124	1359	2
124	1438	2
124	1823	-2
125	230	1
125	348	1
125	476	1
125	925	1
125	1768	-2
125	1807	2
125	1817	-2
126	285	1
126	439	1
126	454	1
126	584	1
126	856	1
126	1043	2
126	1158	2
126	1626	-2
127	196	1
127	303	1
127	468	1
127	628	1
127	814	1
127	1152	2
127	1524	2
127	1660	2
128	168	1
128	425	1
128	519	1
128	675	1
128	770	1
128	823	1
128	1097	2
128	1354	2
128	1800	2
129	321	1
129	406	1
129	436	1
129	459	1
129	635	1
129	1446	2
129	1603	2
129	1844	2
130	371	1
130	746	1
130	749	1
130	779	1
130	840	1
130	857	1
130	1478	-2
130	1906	2
130	2024	2
131	288	1
131	418	1
131	495	1
131	725	1
131	1160	2
131	1433	2
131	1498	-2
132	240	1
132	305	1
132	522	1
132	543	1
132	1259	2
132	1634	2
132	1892	-2
133	163	1
133	328	1
133	835	1
133	853	1
133	892	1
133	1299	-2
133	1427	-2
133	1962	2
134	181	1
134	322	1
134	370	1
134	385	1
134	403	1
134	803	1
134	1048	-2
134	1500	-2
134	1606	2
135	751	1
135	819	1
135	880	1
135	949	1
135	1388	2
135	1396	-2
135	1517	-2
136	224	1
136	496	1
136	630	1
136	684	1
136	722	1
136	748	1
136	1121	-2
136	1529	-2
136	1933	2
137	212	1
137	502	1
137	585	1
137	655	1
137	674	1
137	788	1
137	1665	2
137	2000	2
137	2031	2
138	207	1
138	272	1
138	390	1
138	391	1
138	730	1
138	896	1
138	1146	-2
138	1347	2
138	1667	2
139	397	1
139	481	1
139	497	1
139	604	1
139	841	1
139	992	1
139	1034	2
139	1414	-2
139	1806	-2
140	264	1
140	518	1
140	690	1
140	934	1
140	998	1
140	1323	-2
140	1689	-2
140	1924	-2
141	270	1
141	559	1
141	592	1
141	626	1
141	696	1
141	982	1
141	1207	2
141	1557	2
141	1955	2
142	164	1
142	318	1
142	327	1
142	543	1
142	598	1
142	1016	1
142	1497	-2
142	1740	2
142	1772	-2
143	324	1
143	356	1
143	358	1
143	388	1
143	843	1
143	916	1
143	1168	-2
143	1219	2
143	1723	2
144	210	1
144	358	1
144	886	1
144	929	1
144	1467	-2
144	1700	2
144	1997	-2
145	319	1
145	541	1
145	586	1
145	760	1
145	862	1
145	1494	-2
145	1545	2
145	1552	2
146	155	1
146	165	1
146	204	1
146	544	1
146	988	1
146	1239	2
146	1574	2
146	1589	2
147	254	1
147	416	1
147	533	1
147	581	1
147	719	1
147	995	1
147	1228	-2
147	1582	-2
147	1999	2
148	213	1
148	480	1
148	543	1
148	887	1
148	897	1
148	927	1
148	1105	-2
148	1577	-2
148	1645	-2
149	242	1
149	437	1
149	506	1
149	741	1
149	913	1
149	1765	2
149	1782	-2
149	1875	-2
150	214	1
150	551	1
150	601	1
150	905	1
150	1302	-2
150	1501	2
150	1981	-2
151	364	1
151	557	1
151	731	1
151	797	1
151	941	1
151	1554	-2
151	1601	2
151	1874	2
152	220	1
152	229	1
152	530	1
152	535	1
152	655	1
152	941	1
152	1107	2
152	1485	2
152	1930	2
153	269	1
153	870	1
153	1021	1
153	1116	2
153	1569	-2
153	1883	-2
154	192	1
154	273	1
154	718	1
154	772	1
154	804	1
154	1120	-2
154	1636	2
154	1904	2
155	204	1
155	415	1
155	581	1
155	895	1
155	1094	2
155	1574	2
155	1783	2
156	207	1
156	218	1
156	295	1
156	375	1
156	687	1
156	689	1
156	1591	-2
156	1659	-2
156	1853	2
157	286	1
157	489	1
157	523	1
157	618	1
157	1434	2
157	1889	2
157	2028	-2
158	379	1
158	577	1
158	587	1
158	899	1
158	910	1
158	1408	-2
158	1551	2
158	1664	2
159	185	1
159	231	1
159	236	1
159	736	1
159	1187	-2
159	1598	2
159	1809	2
160	225	1
160	329	1
160	612	1
160	758	1
160	858	1
160	997	1
160	1476	2
160	1692	2
160	2045	-2
161	533	1
161	806	1
161	870	1
161	877	1
161	904	1
161	1243	2
161	1919	-2
161	2008	2
162	196	1
162	310	1
162	766	1
162	936	1
162	972	1
162	983	1
162	1175	2
162	1269	-2
162	1605	2
163	378	1
163	519	1
163	562	1
163	892	1
163	1184	2
163	1299	-2
163	1512	2
164	327	1
164	413	1
164	688	1
164	710	1
164	1370	2
164	1740	2
164	1882	-2
165	209	1
165	544	1
165	552	1
165	912	1
165	1182	-2
165	1296	-2
165	1589	2
166	548	1
166	693	1
166	712	1
166	932	1
166	1661	-2
166	1770	2
166	1826	-2
167	493	1
167	495	1
167	632	1
167	658	1
167	1024	1
167	1462	2
167	1663	2
167	1822	-2
168	644	1
168	675	1
168	854	1
168	922	1
168	974	1
168	1097	2
168	1325	-2
168	1406	-2
169	422	1
169	452	1
169	459	1
169	570	1
169	625	1
169	757	1
169	1177	2
169	1376	2
169	1925	-2
170	332	1
170	515	1
170	868	1
170	887	1
170	985	1
170	1327	2
170	1694	2
170	1959	2
171	395	1
171	460	1
171	522	1
171	537	1
171	810	1
171	973	1
171	1114	-2
171	1144	2
171	1456	-2
172	270	1
172	381	1
172	796	1
172	876	1
172	1019	1
172	1413	2
172	1767	2
172	1827	-2
173	219	1
173	274	1
173	298	1
173	344	1
173	383	1
173	599	1
173	1190	-2
173	1649	-2
173	1975	-2
174	215	1
174	246	1
174	313	1
174	791	1
174	903	1
174	933	1
174	1223	-2
174	1562	-2
174	1750	-2
175	299	1
175	339	1
175	575	1
175	695	1
175	940	1
175	1041	-2
175	1109	-2
175	1775	-2
176	212	1
176	422	1
176	636	1
176	729	1
176	740	1
176	780	1
176	1064	2
176	1288	-2
176	1749	2
177	429	1
177	698	1
177	749	1
177	783	1
177	902	1
177	1293	2
177	1616	2
177	1974	2
178	265	1
178	568	1
178	685	1
178	702	1
178	970	1
178	1001	1
178	1106	-2
178	1642	-2
178	1820	-2
179	538	1
179	539	1
179	542	1
179	554	1
179	921	1
179	936	1
179	1130	-2
179	1451	-2
179	1756	2
180	568	1
180	766	1
180	802	1
180	955	1
180	979	1
180	1007	1
180	1046	-2
180	1790	2
180	1998	-2
181	256	1
181	451	1
181	482	1
181	573	1
181	803	1
181	1581	2
181	1606	2
181	1862	2
182	298	1
182	299	1
182	512	1
182	677	1
182	713	1
182	970	1
182	1049	2
182	1189	2
182	1556	2
183	191	1
183	197	1
183	722	1
183	759	1
183	870	1
183	1291	-2
183	1326	-2
183	1901	-2
184	197	1
184	463	1
184	524	1
184	666	1
184	867	1
184	1126	-2
184	1201	-2
184	1787	2
185	188	1
185	680	1
185	735	1
185	1000	1
185	1339	2
185	1534	2
185	1598	2
186	294	1
186	612	1
186	805	1
186	942	1
186	958	1
186	996	1
186	1564	2
186	1565	-2
186	1592	-2
187	253	1
187	283	1
187	438	1
187	827	1
187	990	1
187	1029	2
187	1332	-2
187	1403	2
188	612	1
188	647	1
188	677	1
188	680	1
188	878	1
188	1254	2
188	1339	2
188	1763	2
189	363	1
189	598	1
189	690	1
189	1022	1
189	1672	2
189	1769	-2
189	1824	-2
190	243	1
190	269	1
190	487	1
190	535	1
190	569	1
190	1015	1
190	1276	-2
190	1509	-2
190	1670	-2
191	197	1
191	472	1
191	580	1
191	816	1
191	848	1
191	1455	-2
191	1686	2
191	1901	-2
192	273	1
192	674	1
192	872	1
192	975	1
192	1010	1
192	1178	2
192	1732	-2
192	1904	2
193	229	1
193	255	1
193	370	1
193	388	1
193	739	1
193	796	1
193	1395	-2
193	1575	-2
193	1814	2
194	471	1
194	524	1
194	746	1
194	874	1
194	884	1
194	1799	2
194	1815	2
194	1963	2
195	226	1
195	351	1
195	492	1
195	767	1
195	937	1
195	1067	-2
195	1082	-2
195	1713	-2
196	303	1
196	310	1
196	331	1
196	1175	2
196	1495	2
196	1524	2
197	608	1
197	699	1
197	867	1
197	1201	-2
197	1901	-2
197	1985	2
198	415	1
198	893	1
198	908	1
198	986	1
198	1289	2
198	1897	2
198	1954	-2
199	460	1
199	469	1
199	492	1
199	607	1
199	710	2
199	1238	2
199	1373	-2
199	1748	-2
200	458	1
200	528	1
200	732	1
200	742	1
200	763	1
200	912	1
200	1100	-2
200	1208	-2
200	1324	2
201	345	1
201	355	1
201	392	1
201	867	1
201	1209	2
201	1932	-2
201	1983	-2
202	541	1
202	644	1
202	775	1
202	926	1
202	1260	-2
202	1586	2
202	1939	-2
203	504	1
203	565	1
203	618	1
203	807	1
203	817	1
203	1167	-2
203	1721	-2
203	1989	2
204	597	1
204	721	1
204	776	1
204	799	1
204	1134	-2
204	1574	2
204	1973	2
205	282	1
205	304	1
205	423	1
205	483	1
205	593	1
205	962	1
205	1053	2
205	1744	-2
205	2030	2
206	320	2
206	336	1
206	632	1
206	638	1
206	935	1
206	1035	2
206	1730	-2
206	1819	-2
207	331	1
207	391	1
207	689	1
207	1146	-2
207	1277	2
207	1659	-2
208	242	1
208	268	1
208	740	1
208	753	1
208	887	1
208	935	1
208	1402	2
208	1590	2
208	1595	2
209	437	1
209	440	1
209	461	1
209	518	1
209	552	1
209	1253	2
209	1296	-2
209	1725	-2
210	358	1
210	553	1
210	641	1
210	781	1
210	1279	-2
210	1467	-2
210	1805	-2
211	296	1
211	449	1
211	455	1
211	497	1
211	506	1
211	879	1
211	1252	2
211	1458	2
211	1506	2
212	530	1
212	740	1
212	788	1
212	999	1
212	1712	2
212	1749	2
212	2031	2
213	434	1
213	545	1
213	872	1
213	887	1
213	1105	-2
213	1850	-2
213	1917	-2
214	366	1
214	733	1
214	830	1
214	1314	-2
214	1363	2
214	1981	-2
215	313	1
215	546	1
215	752	1
215	769	1
215	1003	1
215	1273	2
215	1562	-2
215	2004	2
216	472	1
216	475	1
216	652	1
216	739	1
216	860	1
216	924	1
216	1173	2
216	1426	2
216	1972	2
217	433	1
217	613	1
217	622	1
217	850	1
217	857	1
217	882	1
217	1533	-2
217	1652	-2
217	1808	2
218	569	1
218	687	1
218	770	1
218	856	1
218	1151	-2
218	1591	-2
218	1951	2
219	338	1
219	377	1
219	599	1
219	863	1
219	901	1
219	1096	-2
219	1127	-2
219	1649	-2
220	311	1
220	655	1
220	716	1
220	742	1
220	984	1
220	1107	2
220	1600	2
220	1857	-2
221	412	1
221	463	1
221	525	1
221	669	1
221	673	1
221	731	1
221	1025	-2
221	1400	2
221	1450	2
222	704	1
222	750	1
222	847	1
222	959	1
222	999	1
222	1012	1
222	1242	-2
222	1631	2
222	1918	-2
223	257	1
223	557	1
223	564	1
223	703	1
223	977	1
223	1520	2
223	1683	-2
223	1794	-2
224	496	1
224	541	1
224	785	1
224	828	1
224	983	1
224	1346	-2
224	1457	-2
224	1933	2
225	383	1
225	538	1
225	720	1
225	758	1
225	943	1
225	1364	2
225	1773	2
225	2045	-2
226	307	1
226	375	1
226	389	1
226	734	1
226	937	1
226	1067	-2
226	1452	-2
226	1871	2
227	381	1
227	486	1
227	510	1
227	711	1
227	1003	1
227	1220	2
227	1519	2
227	2016	2
228	260	1
228	262	1
228	696	1
228	842	1
228	916	1
228	987	1
228	1410	-2
228	1821	2
228	1945	-2
229	279	1
229	301	1
229	535	1
229	796	1
229	1027	2
229	1485	2
229	1814	2
230	253	1
230	661	1
230	888	1
230	902	1
230	1200	-2
230	1807	2
230	2046	2
231	479	1
231	736	1
231	999	1
231	1809	2
231	1841	-2
231	2015	-2
232	426	1
232	653	1
232	744	1
232	829	1
232	830	1
232	1290	-2
232	1481	-2
232	1638	2
233	247	1
233	277	1
233	278	1
233	297	1
233	611	1
233	923	1
233	1759	2
233	1948	-2
233	1992	2
234	446	1
234	555	1
234	632	1
234	864	1
234	1449	2
234	1840	-2
234	1900	-2
235	424	1
235	468	1
235	615	1
235	871	1
235	949	1
235	1281	-2
235	1666	2
235	2036	2
236	645	1
236	929	1
236	1131	2
236	1187	-2
236	1986	-2
237	347	1
237	687	1
237	803	1
237	833	1
237	873	1
237	998	1
237	1632	-2
237	1908	2
237	1979	2
238	252	1
238	401	1
238	450	1
238	817	1
238	920	1
238	1026	2
238	1484	2
238	1958	2
239	416	1
239	600	1
239	662	1
239	671	1
239	843	1
239	1125	2
239	1170	2
239	1946	2
240	306	1
240	842	1
240	960	1
240	1259	2
240	1573	2
240	1990	2
241	552	1
241	694	1
241	920	1
241	964	1
241	967	1
241	1099	2
241	1711	2
241	1738	-2
242	576	1
242	740	1
242	901	1
242	1590	2
242	1611	2
242	1782	-2
243	269	1
243	465	1
243	773	1
243	836	1
243	1145	2
243	1276	-2
243	1331	-2
244	334	1
244	653	1
244	684	1
244	798	1
244	814	1
244	849	1
244	1771	2
244	1791	-2
244	1877	2
245	257	1
245	310	1
245	317	1
245	419	1
245	484	1
245	727	1
245	1355	2
245	1547	-2
245	1697	-2
246	330	1
246	377	1
246	410	1
246	574	1
246	791	1
246	1065	-2
246	1223	-2
246	1843	2
247	513	1
247	635	1
247	851	1
247	923	1
247	972	1
247	1090	-2
247	1286	-2
247	1992	2
248	482	1
248	668	1
248	678	1
248	805	1
248	891	1
248	1180	2
248	1443	2
248	1490	-2
249	523	1
249	709	1
249	921	1
249	971	1
249	1017	1
249	1111	-2
249	1233	2
249	1257	2
250	420	1
250	534	1
250	675	1
250	692	1
250	991	1
250	1014	1
250	1206	-2
250	1341	-2
250	1911	2
251	384	1
251	614	1
251	751	1
251	906	1
251	907	1
251	1088	-2
251	1235	2
251	1978	2
252	401	1
252	595	1
252	615	1
252	757	1
252	1484	2
252	1560	2
252	1779	-2
253	286	1
253	314	1
253	661	1
253	990	1
253	1171	-2
253	1403	2
253	2046	2
254	299	1
254	305	1
254	442	1
254	533	1
254	1527	2
254	1582	-2
254	1810	-2
255	388	1
255	928	1
255	1213	-2
255	1463	2
255	1575	-2
256	402	1
256	478	1
256	482	1
256	555	1
256	1334	-2
256	1532	2
256	1581	2
257	275	1
257	317	1
257	775	1
257	1355	2
257	1520	2
257	1682	2
258	462	1
258	498	1
258	664	1
258	705	1
258	777	1
258	893	1
258	1084	2
258	1780	-2
258	2007	2
259	343	1
259	395	1
259	398	1
259	698	1
259	867	1
259	1781	-2
259	2014	2
259	2017	-2
260	262	1
260	836	1
260	915	1
260	974	1
260	1477	-2
260	1821	2
260	1891	-2
261	281	1
261	362	1
261	439	1
261	453	1
261	597	1
261	1005	1
261	1466	2
261	1722	2
261	1898	2
262	314	1
262	455	1
262	666	1
262	1234	2
262	1404	2
262	1821	2
263	488	1
263	663	1
263	774	1
263	831	1
263	1063	2
263	1091	-2
263	1465	2
264	425	1
264	518	1
264	548	1
264	630	1
264	987	1
264	1275	-2
264	1567	2
264	1689	-2
265	324	1
265	566	1
265	685	1
265	1108	-2
265	1471	-2
265	1820	-2
266	294	1
266	410	1
266	724	1
266	794	1
266	881	1
266	911	1
266	1303	-2
266	1316	2
266	1546	2
267	296	1
267	361	1
267	476	1
267	497	1
267	968	1
267	1344	-2
267	1448	2
267	1766	-2
268	544	1
268	582	1
268	602	1
268	932	1
268	935	1
268	1595	2
268	1707	2
268	1915	2
269	445	1
269	1276	-2
269	1322	2
269	1569	-2
270	421	1
270	592	1
270	761	1
270	1155	-2
270	1767	2
270	1955	2
271	494	1
271	768	1
271	775	1
271	793	1
271	1002	1
271	1222	-2
271	1359	2
271	1709	2
272	356	1
272	464	1
272	705	1
272	730	1
272	962	1
272	1367	2
272	1667	2
272	2038	2
273	316	1
273	622	1
273	664	1
273	808	1
273	1637	2
273	1904	2
273	1909	2
274	383	2
274	1070	-2
274	1934	2
274	1975	-2
275	403	1
275	496	1
275	629	1
275	745	1
275	775	1
275	1397	2
275	1682	2
275	1914	-2
276	373	1
276	583	1
276	609	1
276	746	1
276	869	1
276	967	1
276	1283	2
276	1420	2
276	1795	2
277	297	1
277	426	1
277	621	1
277	726	1
277	740	1
277	1623	2
277	1759	2
277	2022	-2
278	396	1
278	611	1
278	754	1
278	786	1
278	809	1
278	1135	-2
278	1440	2
278	1948	-2
279	301	1
279	429	1
279	563	1
279	627	1
279	846	1
279	1027	2
279	1678	-2
279	2034	2
280	510	1
280	599	1
280	629	1
280	832	1
280	1350	-2
280	1615	2
280	1864	2
281	306	1
281	453	1
281	556	1
281	655	1
281	883	1
281	1038	2
281	1865	2
281	1898	2
282	323	1
282	337	1
282	483	1
282	591	1
282	940	1
282	1075	-2
282	1735	2
282	2030	2
283	451	1
283	578	1
283	689	1
283	819	1
283	827	1
283	1332	-2
283	1566	-2
283	2037	2
284	367	1
284	407	1
284	490	1
284	539	1
284	1237	2
284	1313	2
284	2043	-2
285	505	1
285	577	1
285	584	1
285	913	1
285	944	1
285	1043	2
285	1165	-2
285	1418	2
286	314	1
286	501	1
286	604	1
286	1171	-2
286	1588	-2
286	2028	-2
287	302	1
287	315	1
287	452	1
287	823	1
287	945	1
287	1079	-2
287	1349	-2
287	1543	2
288	394	1
288	495	1
288	808	1
288	902	1
288	920	1
288	1045	2
288	1432	2
288	1498	-2
289	387	1
289	404	1
289	431	1
289	601	1
289	670	1
289	1698	2
289	1785	2
289	1976	-2
290	363	1
290	679	1
290	800	1
290	1001	1
290	1816	2
290	1858	2
290	1910	2
291	321	1
291	439	1
291	480	1
291	536	1
291	761	1
291	1202	-2
291	1330	2
291	1437	2
292	456	1
292	457	1
292	521	1
292	574	1
292	822	1
292	1218	2
292	1633	2
292	1639	-2
293	493	1
293	496	1
293	567	1
293	584	1
293	688	1
293	722	1
293	1319	2
293	1720	2
293	1936	-2
294	612	1
294	881	1
294	959	1
294	1303	-2
294	1592	-2
294	1747	-2
295	375	1
295	406	1
295	447	1
295	697	1
295	911	1
295	1317	2
295	1853	2
295	1869	2
296	361	1
296	497	1
296	1014	1
296	1344	-2
296	1409	-2
296	1506	2
297	498	1
297	727	1
297	824	1
297	1385	-2
297	1702	-2
297	1759	2
298	308	1
298	344	1
298	512	1
298	1020	1
298	1049	2
298	1147	-2
298	1190	-2
299	442	1
299	713	1
299	940	1
299	1189	2
299	1527	2
299	1775	-2
300	333	1
300	344	1
300	531	1
300	642	1
300	990	1
300	1166	2
300	1662	2
300	1696	-2
301	764	1
301	947	1
301	989	1
301	1027	2
301	1266	-2
301	1435	-2
302	727	1
302	818	1
302	945	1
302	1543	2
302	2003	-2
302	2018	2
303	338	1
303	430	1
303	951	1
303	1524	2
303	1572	2
303	1585	-2
304	370	1
304	423	1
304	514	1
304	559	1
304	884	1
304	1053	2
304	1487	2
304	1679	2
305	416	1
305	522	1
305	546	1
305	1077	-2
305	1810	-2
305	1892	-2
306	576	1
306	655	1
306	756	1
306	960	1
306	1038	2
306	1573	2
306	1838	2
307	374	1
307	389	1
307	809	1
307	1580	2
307	1754	-2
307	1871	2
308	812	1
308	968	1
308	980	1
308	1020	1
308	1147	-2
308	1523	2
308	1803	2
309	374	1
309	382	1
309	437	1
309	755	1
309	938	1
309	1011	1
309	1211	2
309	1737	-2
309	1861	2
310	484	1
310	542	1
310	660	1
310	1175	2
310	1697	-2
310	1993	-2
311	334	1
311	550	1
311	656	1
311	689	1
311	716	1
311	1240	2
311	1600	2
311	1928	2
312	335	1
312	472	1
312	589	1
312	623	1
312	782	1
312	1086	-2
312	1280	2
312	1563	-2
313	335	1
313	504	1
313	729	1
313	1562	-2
313	1658	-2
313	1912	2
314	666	1
314	792	1
314	1171	-2
314	1234	2
314	1518	2
315	352	1
315	401	1
315	756	1
315	1205	-2
315	1308	2
315	1349	-2
316	486	1
316	585	1
316	662	1
316	664	1
316	717	1
316	1570	2
316	1620	2
316	1909	2
317	445	1
317	534	1
317	590	1
317	1355	2
317	1421	2
317	1482	-2
318	417	1
318	466	1
318	598	1
318	789	1
318	882	1
318	1148	2
318	1232	2
318	1772	-2
319	451	1
319	760	1
319	865	1
319	989	1
319	1294	-2
319	1494	-2
319	1508	2
320	462	1
320	632	1
320	935	1
320	1599	2
320	1730	-2
320	1819	-2
321	327	1
321	426	1
321	439	1
321	459	1
321	1202	-2
321	1229	-2
321	1446	2
322	363	1
322	370	1
322	466	1
322	699	1
322	1500	-2
322	1719	2
322	1870	-2
323	750	1
323	940	1
323	976	1
323	1735	2
323	1761	2
323	1920	2
324	388	1
324	395	1
324	683	1
324	1117	-2
324	1471	-2
324	1723	2
325	350	1
325	540	1
325	669	1
325	699	1
325	875	1
325	899	1
325	1138	2
325	1811	2
325	2026	-2
326	346	1
326	421	1
326	479	1
326	807	1
326	860	1
326	896	1
326	1214	-2
326	1386	-2
326	1852	-2
327	426	1
327	589	1
327	617	1
327	1157	-2
327	1229	-2
327	1740	2
328	698	1
328	829	1
328	835	1
328	837	1
328	1285	-2
328	1427	-2
328	1863	-2
329	477	1
329	564	1
329	621	1
329	844	1
329	858	1
329	1505	-2
329	1692	2
329	1977	2
330	377	1
330	650	1
330	815	1
330	996	1
330	1065	-2
330	1881	-2
330	1903	-2
331	588	1
331	931	1
331	1245	-2
331	1277	2
331	1495	2
332	413	1
332	515	1
332	681	1
332	827	1
332	982	1
332	1342	2
332	1579	-2
332	1694	2
333	785	1
333	852	1
333	905	1
333	1000	1
333	1166	2
333	1378	2
333	1444	-2
334	656	1
334	849	1
334	1210	2
334	1877	2
334	1928	2
335	565	1
335	623	1
335	1008	1
335	1086	-2
335	1282	-2
335	1912	2
336	355	1
336	399	1
336	481	1
336	638	1
336	1035	2
336	1295	-2
336	1742	-2
337	591	1
337	623	1
337	634	1
337	1075	-2
337	1153	2
337	1687	-2
338	851	1
338	892	1
338	901	1
338	951	1
338	1054	2
338	1096	-2
338	1585	-2
339	464	1
339	481	1
339	575	1
339	605	1
339	643	1
339	1109	-2
339	1715	2
339	1980	2
340	430	1
340	447	1
340	467	1
340	598	1
340	978	1
340	1198	-2
340	1305	2
340	1480	-2
341	345	1
341	553	1
341	595	1
341	728	1
341	843	1
341	926	1
341	1230	-2
341	1461	-2
341	2032	2
342	794	1
342	814	1
342	825	1
342	826	1
342	1021	1
342	1315	2
342	1368	-2
342	1535	-2
343	486	1
343	586	1
343	698	1
343	810	1
343	961	1
343	1103	-2
343	1227	2
343	1781	-2
344	537	1
344	642	1
344	1140	2
344	1190	-2
344	1662	2
345	553	1
345	820	1
345	961	1
345	1885	2
345	1983	-2
345	2032	2
346	461	1
346	642	1
346	707	1
346	860	1
346	991	1
346	1124	-2
346	1386	-2
346	1624	-2
347	582	1
347	687	1
347	714	1
347	773	1
347	1643	-2
347	1832	-2
347	1979	2
348	527	1
348	529	1
348	732	1
348	987	1
348	1502	2
348	1630	2
348	1817	-2
349	379	1
349	390	1
349	545	1
349	582	1
349	671	1
349	774	1
349	1225	-2
349	1300	2
349	1511	-2
350	468	1
350	669	1
350	712	1
350	948	1
350	952	1
350	1369	2
350	1931	-2
350	2026	-2
351	634	1
351	767	1
351	988	1
351	995	1
351	1082	-2
351	1258	-2
351	1699	2
352	738	1
352	753	1
352	756	1
352	888	1
352	937	1
352	1205	-2
352	1271	-2
352	1907	2
353	455	1
353	549	1
353	646	1
353	927	1
353	954	1
353	1154	2
353	1172	2
353	1424	2
354	385	1
354	467	1
354	547	1
354	855	1
354	963	1
354	1095	2
354	1673	-2
354	1854	2
355	481	1
355	867	1
355	969	1
355	1340	2
355	1742	-2
355	1932	-2
356	358	1
356	827	1
356	829	1
356	962	1
356	1219	2
356	1367	2
356	1967	2
357	369	1
357	571	1
357	574	1
357	579	1
357	907	1
357	1085	-2
357	1241	-2
357	1384	-2
358	942	1
358	947	1
358	1219	2
358	1422	-2
358	1467	-2
359	562	1
359	637	1
359	684	1
359	743	1
359	899	1
359	1188	-2
359	1540	-2
359	1717	2
360	495	1
360	723	1
360	728	1
360	792	1
360	974	1
360	992	1
360	1390	-2
360	1867	2
360	2027	-2
361	400	1
361	748	1
361	891	1
361	943	1
361	1344	-2
361	1842	-2
361	1927	-2
362	365	1
362	597	1
362	686	1
362	820	1
362	1351	2
362	1489	2
362	1722	2
363	690	1
363	699	1
363	800	1
363	1719	2
363	1769	-2
363	1816	2
364	521	1
364	529	1
364	797	1
364	860	1
364	865	1
364	1185	-2
364	1528	2
364	1874	2
365	478	1
365	762	1
365	820	1
365	849	1
365	1161	2
365	1412	2
365	1489	2
366	403	1
366	418	1
366	830	1
366	908	1
366	1314	-2
366	1377	-2
366	1755	-2
367	452	1
367	521	1
367	526	1
367	903	1
367	1033	2
367	1237	2
367	1731	2
368	560	1
368	587	1
368	824	1
368	948	1
368	960	1
368	965	1
368	1306	2
368	1459	-2
368	1504	2
369	532	1
369	574	1
369	1241	-2
369	1382	-2
369	1558	-2
370	514	1
370	739	1
370	1395	-2
370	1487	2
370	1500	-2
371	749	1
371	782	1
371	881	1
371	991	1
371	1436	-2
371	1835	-2
371	1906	2
372	415	1
372	476	1
372	616	1
372	1358	-2
372	1379	-2
372	1995	2
373	434	1
373	526	1
373	583	1
373	834	1
373	864	1
373	1283	2
373	1846	2
373	1921	2
374	437	1
374	505	1
374	665	1
374	1580	2
374	1737	-2
374	1845	-2
375	606	1
375	734	1
375	1139	-2
375	1452	-2
375	1853	2
376	432	1
376	474	1
376	617	1
376	784	1
376	980	1
376	1136	2
376	1488	-2
376	2048	-2
377	863	1
377	880	1
377	947	1
377	1057	-2
377	1065	-2
377	1127	-2
378	725	1
378	893	1
378	903	1
378	925	1
378	1149	2
378	1512	2
378	1684	2
379	411	1
379	671	1
379	765	1
379	910	1
379	1225	-2
379	1664	2
379	1753	-2
380	613	1
380	840	1
380	875	1
380	891	1
380	1010	1
380	1013	1
380	1163	2
380	1270	2
380	1311	2
381	486	1
381	657	1
381	736	1
381	796	1
381	1220	2
381	1405	-2
381	1413	2
382	718	1
382	876	1
382	886	1
382	1011	1
382	1301	2
382	1860	2
382	1861	2
383	720	1
383	1070	-2
383	1364	2
383	1975	-2
384	580	1
384	889	1
384	900	1
384	907	1
384	939	1
384	1050	2
384	1278	-2
384	1978	2
385	403	1
385	484	1
385	855	1
385	958	1
385	1048	-2
385	1095	2
385	1714	2
386	465	1
386	527	1
386	782	1
386	964	1
386	981	1
386	1003	1
386	1263	2
386	1786	-2
386	1913	-2
387	404	1
387	536	1
387	650	1
387	965	1
387	978	1
387	1031	2
387	1693	-2
387	1976	-2
388	393	1
388	866	1
388	1098	-2
388	1575	-2
388	1723	2
389	508	1
389	1018	1
389	1398	2
389	1503	2
389	1871	2
390	545	1
390	583	1
390	607	1
390	896	1
390	1347	2
390	1352	-2
390	1511	-2
391	423	1
391	752	1
391	815	1
391	885	1
391	1146	-2
391	1655	-2
391	1746	-2
392	800	1
392	816	1
392	888	1
392	969	1
392	1191	-2
392	1209	2
392	1872	-2
393	583	1
393	866	1
393	968	1
393	989	1
393	1098	-2
393	1644	2
393	1893	2
394	704	1
394	920	1
394	952	1
394	967	1
394	1045	2
394	1264	2
394	2002	-2
395	460	1
395	683	1
395	867	1
395	1117	-2
395	1456	-2
395	2017	-2
396	433	1
396	715	1
396	786	1
396	831	1
396	1135	-2
396	1393	-2
396	1653	2
397	473	1
397	604	1
397	857	1
397	1414	-2
397	1447	-2
397	1724	-2
398	485	1
398	640	1
398	680	1
398	878	1
398	1248	2
398	1407	-2
398	2014	2
399	454	1
399	659	1
399	824	1
399	1017	1
399	1133	2
399	1212	2
399	1295	-2
400	644	1
400	659	1
400	748	1
400	917	1
400	945	1
400	1102	-2
400	1726	-2
400	1927	-2
401	488	1
401	540	1
401	1308	2
401	1484	2
401	1887	-2
402	478	1
402	672	1
402	787	1
402	976	1
402	1532	2
402	1830	-2
402	2019	-2
403	496	1
403	908	1
403	1048	-2
403	1755	-2
403	1914	-2
404	428	1
404	532	1
404	581	1
404	645	1
404	1052	2
404	1375	-2
404	1976	-2
405	441	1
405	491	1
405	628	1
405	753	1
405	839	1
405	919	1
405	1236	2
405	1943	2
405	1961	2
406	436	1
406	447	1
406	490	1
406	747	1
406	1317	2
406	1603	2
406	1736	2
407	539	1
407	707	1
407	723	1
407	862	1
407	943	1
407	1668	2
407	1886	-2
407	2043	-2
408	587	1
408	683	1
408	742	1
408	928	1
408	1008	1
408	1186	2
408	1792	-2
408	2011	-2
409	616	1
409	627	1
409	896	1
409	956	1
409	1004	1
409	1383	-2
409	1593	2
409	1778	-2
410	574	1
410	624	1
410	724	1
410	983	1
410	1316	2
410	1836	2
410	1843	2
411	556	1
411	634	1
411	765	1
411	833	1
411	1513	2
411	1648	2
411	1753	-2
412	652	1
412	669	1
412	770	1
412	901	1
412	1056	-2
412	1159	-2
412	1450	2
413	759	1
413	778	1
413	982	1
413	1074	-2
413	1342	2
413	1882	-2
414	649	1
414	668	1
414	714	1
414	847	1
414	939	1
414	1469	-2
414	1544	2
414	2010	-2
415	1289	2
415	1783	2
415	1995	2
416	546	1
416	843	1
416	995	1
416	1077	-2
416	1170	2
416	1228	-2
417	608	1
417	609	1
417	789	1
417	1148	2
417	1442	-2
417	1656	2
418	477	1
418	1015	1
418	1372	-2
418	1377	-2
418	1433	2
419	477	1
419	727	1
419	793	1
419	845	1
419	898	1
419	1547	-2
419	1676	2
419	2042	2
420	552	1
420	675	1
420	694	1
420	861	1
420	932	1
420	1728	2
420	1813	2
420	1911	2
421	479	1
421	576	1
421	676	1
421	761	1
421	1155	-2
421	1214	-2
421	1353	2
422	636	1
422	757	1
422	984	1
422	1288	-2
422	1376	2
422	1964	-2
423	566	1
423	573	1
423	752	1
423	1053	2
423	1060	-2
423	1746	-2
424	763	1
424	917	1
424	949	1
424	996	1
424	1343	-2
424	1617	-2
424	1666	2
425	630	1
425	670	1
425	701	1
425	823	1
425	1275	-2
425	1354	2
425	1839	2
426	653	1
426	740	1
426	1229	-2
426	1290	-2
426	1623	2
427	614	1
427	673	1
427	862	1
427	933	1
427	950	1
427	998	1
427	1297	2
427	1366	-2
427	1923	2
428	526	1
428	595	1
428	645	1
428	787	1
428	1019	1
428	1052	2
428	1394	2
428	2021	2
429	492	1
429	563	1
429	902	1
429	1293	2
429	1678	-2
429	1828	-2
430	515	1
430	1006	1
430	1480	-2
430	1572	2
430	1884	2
431	670	1
431	691	1
431	735	1
431	1525	-2
431	1596	2
431	1698	2
432	474	1
432	741	1
432	813	1
432	910	1
432	1454	-2
432	1488	-2
432	1802	2
433	450	1
433	622	1
433	757	1
433	831	1
433	1393	-2
433	1652	-2
433	1727	2
434	560	1
434	834	1
434	977	1
434	1856	2
434	1917	-2
434	1921	2
435	449	1
435	459	1
435	772	1
435	866	1
435	884	1
435	927	1
435	1310	-2
435	1833	2
435	1966	2
436	619	1
436	691	1
436	771	1
436	877	1
436	1307	-2
436	1603	2
436	1706	-2
437	440	1
437	913	1
437	1725	-2
437	1737	-2
437	1875	-2
438	512	1
438	532	1
438	693	1
438	914	1
438	1029	2
438	1365	2
438	1415	2
439	856	1
439	1005	1
439	1158	2
439	1202	-2
439	1466	2
440	953	1
440	1249	-2
440	1597	-2
440	1725	-2
441	457	1
441	491	1
441	601	1
441	619	1
441	868	1
441	1470	-2
441	1942	-2
441	1943	2
442	469	1
442	600	1
442	692	1
442	1527	2
442	1654	2
442	1762	2
443	579	1
443	600	1
443	693	1
443	741	1
443	812	1
443	1224	-2
443	1439	-2
443	1968	-2
444	791	1
444	840	1
444	852	1
444	905	1
444	945	1
444	1357	-2
444	1705	-2
444	2041	2
445	534	1
445	557	1
445	921	1
445	1092	-2
445	1322	2
445	1482	-2
446	520	1
446	565	1
446	963	1
446	1122	-2
446	1226	2
446	1840	-2
447	598	1
447	732	1
447	904	1
447	1305	2
447	1317	2
447	1671	2
448	470	1
448	561	1
448	585	1
448	616	1
448	898	1
448	1018	1
448	1217	-2
448	1571	2
448	2013	2
449	656	1
449	879	1
449	884	1
449	915	1
449	1252	2
449	1310	-2
449	1739	-2
450	593	1
450	757	1
450	817	1
450	897	1
450	1727	2
450	1958	2
450	2047	2
451	573	1
451	819	1
451	865	1
451	1508	2
451	1566	-2
451	1862	2
452	459	1
452	526	1
452	823	1
452	1079	-2
452	1731	2
452	1925	-2
453	813	1
453	981	1
453	1704	-2
453	1898	2
453	1937	2
454	826	1
454	993	1
454	1017	1
454	1030	-2
454	1212	2
454	1626	-2
455	506	1
455	549	1
455	1404	2
455	1424	2
455	1458	2
456	458	1
456	485	1
456	521	1
456	545	1
456	956	1
456	1530	2
456	1633	2
456	2005	2
457	601	1
457	642	1
457	822	1
457	847	1
457	1218	2
457	1470	-2
457	1935	2
458	528	1
458	648	1
458	837	1
458	956	1
458	1100	-2
458	1110	-2
458	1530	2
459	927	1
459	1446	2
459	1925	-2
459	1966	2
460	469	1
460	491	1
460	878	1
460	1061	2
460	1456	-2
460	1748	-2
461	518	1
461	668	1
461	991	1
461	1253	2
461	1624	-2
461	1831	2
462	603	1
462	777	1
462	1084	2
462	1541	-2
462	1599	2
463	527	1
463	673	1
463	935	1
463	1126	-2
463	1392	-2
463	1400	2
464	508	1
464	540	1
464	605	1
464	705	1
464	1468	2
464	1980	2
464	2038	2
465	737	1
465	836	1
465	871	1
465	981	1
465	1145	2
465	1263	2
465	1970	2
466	523	1
466	711	1
466	882	1
466	1232	2
466	1609	2
466	1870	-2
467	978	1
467	982	1
467	994	1
467	1071	2
467	1198	-2
467	1854	2
468	628	1
468	871	1
468	948	1
468	1152	2
468	1931	-2
468	2036	2
469	703	1
469	1493	2
469	1654	2
469	1748	-2
470	585	1
470	745	1
470	767	1
470	977	1
470	1193	-2
470	1216	-2
470	1217	-2
471	524	1
471	568	1
471	759	1
471	784	1
471	948	1
471	1176	2
471	1940	2
471	1963	2
472	816	1
472	924	1
472	1426	2
472	1563	-2
472	1686	2
473	656	1
473	678	1
473	1013	1
473	1044	-2
473	1447	-2
473	1760	-2
474	626	1
474	957	1
474	1380	-2
474	1488	-2
474	1752	2
475	652	1
475	658	1
475	855	1
475	1010	1
475	1173	2
475	1758	-2
475	1801	-2
476	497	1
476	616	1
476	925	1
476	1379	-2
476	1448	2
476	1768	-2
477	793	1
477	844	1
477	1015	1
477	1372	-2
477	1505	-2
477	2042	2
478	599	1
478	849	1
478	1161	2
478	1532	2
478	1866	2
479	483	1
479	725	1
479	1214	-2
479	1743	-2
479	2015	-2
480	669	1
480	761	2
480	927	1
480	1437	2
480	1645	-2
480	2009	2
481	643	1
481	841	1
481	1715	2
481	1742	-2
481	1806	-2
482	682	1
482	1180	2
482	1255	2
482	1581	2
483	638	1
483	725	1
483	1006	1
483	1681	2
483	1743	-2
483	2030	2
484	577	1
484	934	1
484	958	1
484	1697	-2
484	1714	2
484	1745	2
485	511	1
485	545	1
485	640	1
485	912	1
485	1248	2
485	1650	-2
485	2005	2
486	586	1
486	662	1
486	1220	2
486	1227	2
486	1620	2
487	569	1
487	639	1
487	777	1
487	795	1
487	821	1
487	1055	2
487	1670	-2
487	1741	2
488	540	1
488	663	1
488	897	1
488	1012	1
488	1465	2
488	1559	2
488	1887	-2
489	498	1
489	817	1
489	1009	1
489	1047	2
489	1434	2
489	1685	-2
490	524	1
490	747	1
490	1040	-2
490	1313	2
490	1736	2
491	797	1
491	803	1
491	878	1
491	1061	2
491	1695	-2
491	1943	2
492	710	1
492	1373	-2
492	1713	-2
492	1828	-2
493	495	1
493	688	1
493	691	1
493	808	1
493	1080	2
493	1822	-2
493	1936	-2
494	730	1
494	775	1
494	909	1
494	952	1
494	1613	2
494	1709	2
494	1880	-2
495	792	1
495	1390	-2
495	1498	-2
495	1822	-2
496	567	1
496	1720	2
496	1914	-2
496	1933	2
497	992	1
497	1034	2
497	1448	2
497	1506	2
498	664	1
498	817	1
498	1385	-2
498	1685	-2
498	2007	2
499	603	1
499	605	1
499	718	1
499	1019	1
499	1389	2
499	1479	2
499	1788	2
500	554	1
500	731	1
500	820	1
500	1430	-2
500	1776	-2
500	1796	-2
501	530	1
501	604	1
501	667	1
501	675	1
501	858	1
501	1514	2
501	1588	-2
501	1764	-2
502	570	1
502	615	1
502	674	1
502	918	1
502	1751	-2
502	2000	2
502	2040	2
503	1002	1
503	1005	1
503	1009	1
503	1438	2
503	1646	2
503	1793	-2
504	638	1
504	729	1
504	807	1
504	811	1
504	1658	-2
504	1701	-2
504	1989	2
505	665	1
505	913	1
505	1165	-2
505	1845	-2
505	1988	2
506	610	1
506	741	1
506	1458	2
506	1651	-2
506	1765	2
507	652	1
507	704	1
507	922	1
507	1515	-2
507	1561	2
507	1823	-2
508	525	1
508	540	1
508	845	1
508	1423	2
508	1468	2
508	1503	2
509	733	1
509	756	1
509	798	1
509	1005	1
509	1009	1
509	1143	-2
509	1192	2
509	1628	2
510	629	1
510	695	1
510	711	1
510	995	1
510	1615	2
510	1640	2
510	2016	2
511	631	1
511	822	1
511	912	1
511	986	1
511	1037	2
511	1483	-2
511	1650	-2
512	693	1
512	854	1
512	1049	2
512	1181	-2
512	1365	2
513	706	1
513	851	1
513	951	1
513	1004	1
513	1286	-2
513	1492	2
513	1674	2
514	584	1
514	590	1
514	591	1
514	984	1
514	1287	-2
514	1487	2
514	1496	-2
515	767	1
515	786	1
515	1006	1
515	1179	2
515	1694	2
515	1884	2
516	716	1
516	755	1
516	779	1
516	973	1
516	1169	2
516	1757	2
516	1916	-2
517	528	1
517	529	1
517	625	1
517	864	1
517	985	1
517	1023	1
517	1059	2
517	1068	-2
517	1083	-2
518	651	1
518	1093	2
518	1253	2
518	1689	-2
519	562	1
519	770	1
519	978	1
519	1008	1
519	1184	2
519	1690	2
519	1800	2
520	776	1
520	994	1
520	1021	1
520	1226	2
520	1387	2
520	1834	2
521	865	1
521	903	1
521	1033	2
521	1185	-2
521	1633	2
522	660	1
522	794	1
522	810	1
522	1144	2
522	1818	-2
522	1892	-2
523	618	1
523	711	1
523	971	1
523	1257	2
523	1609	2
523	1889	2
524	666	1
524	1040	-2
524	1787	2
524	1963	2
525	561	1
525	721	1
525	731	1
525	845	1
525	1025	-2
525	1141	2
525	1423	2
526	595	1
526	864	1
526	1731	2
526	1846	2
526	2021	2
527	529	1
527	935	1
527	964	1
527	1392	-2
527	1502	2
527	1913	-2
528	529	1
528	773	1
528	789	1
528	1083	-2
528	1100	-2
528	1425	2
529	860	1
529	1083	-2
529	1502	2
529	1528	2
530	858	1
530	941	1
530	999	1
530	1514	2
530	1712	2
530	1930	2
531	667	1
531	772	1
531	798	1
531	873	1
531	990	1
531	1583	2
531	1680	2
531	1696	-2
532	581	1
532	914	1
532	1375	-2
532	1415	2
532	1558	-2
533	744	1
533	877	1
533	1399	-2
533	1582	-2
533	2008	2
534	991	1
534	1206	-2
534	1482	-2
534	2012	2
535	640	1
535	1015	1
535	1485	2
535	1509	-2
535	1922	2
536	544	1
536	754	1
536	978	1
536	1244	-2
536	1330	2
536	1693	-2
537	821	1
537	971	1
537	973	1
537	1114	-2
537	1140	2
537	1825	2
538	709	1
538	936	1
538	943	1
538	1022	1
538	1356	-2
538	1451	-2
538	1773	2
539	542	1
539	594	1
539	747	1
539	1130	-2
539	1991	-2
539	2043	-2
540	899	1
540	1138	2
540	1468	2
540	1887	-2
541	644	1
541	785	1
541	862	1
541	1346	-2
541	1552	2
541	1586	2
542	660	1
542	701	1
542	1130	-2
542	1361	-2
542	1993	-2
543	897	1
543	1016	1
543	1497	-2
543	1577	-2
543	1634	2
544	754	1
544	932	1
544	1244	-2
544	1589	2
544	1915	2
545	872	1
545	1511	-2
545	1850	-2
545	2005	2
546	626	1
546	883	1
546	1003	1
546	1077	-2
546	1246	2
546	1273	2
547	849	1
547	931	1
547	944	1
547	963	1
547	1318	-2
547	1472	2
547	1673	-2
548	563	1
548	693	1
548	835	1
548	987	1
548	1567	2
548	1612	-2
548	1661	-2
549	705	1
549	715	1
549	918	1
549	1268	2
549	1424	2
549	1604	2
550	629	1
550	630	1
550	689	1
550	861	1
550	1240	2
550	1647	-2
550	1969	2
551	567	1
551	841	1
551	905	1
551	1348	2
551	1501	2
551	1729	2
552	694	1
552	932	1
552	1296	-2
552	1711	2
552	1813	2
553	781	1
553	1078	-2
553	1279	-2
553	2032	2
554	649	1
554	889	1
554	921	1
554	1118	2
554	1430	-2
554	1756	2
555	632	1
555	1089	-2
555	1334	-2
555	1449	2
556	634	1
556	778	1
556	883	1
556	1648	2
556	1688	-2
556	1865	2
557	921	1
557	977	1
557	1092	-2
557	1554	-2
557	1683	-2
558	562	1
558	825	1
558	830	1
558	895	1
558	993	1
558	1231	2
558	1553	2
558	1691	-2
559	602	1
559	626	1
559	788	1
559	884	1
559	1207	2
559	1608	2
559	1679	2
560	637	1
560	824	1
560	977	1
560	1306	2
560	1550	-2
560	1856	2
561	651	1
561	703	1
561	721	1
561	1018	1
561	1141	2
561	1798	2
561	2013	2
562	1184	2
562	1553	2
562	1717	2
563	673	1
563	676	1
563	835	1
563	1612	-2
563	1678	-2
563	1944	2
564	621	1
564	633	1
564	703	1
564	812	1
564	1039	2
564	1794	-2
564	1977	2
565	618	1
565	963	1
565	1008	1
565	1122	-2
565	1282	-2
565	1721	-2
566	573	1
566	617	1
566	997	1
566	1060	-2
566	1108	-2
566	1256	-2
567	571	1
567	646	1
567	1348	2
567	1657	-2
567	1720	2
568	759	1
568	766	1
568	970	1
568	1046	-2
568	1176	2
568	1642	-2
569	762	1
569	770	1
569	819	1
569	1062	2
569	1151	-2
569	1670	-2
570	615	1
570	625	1
570	834	1
570	1177	2
570	1267	-2
570	2040	2
571	646	1
571	686	1
571	907	1
571	951	1
571	1384	-2
571	1619	-2
571	1657	-2
572	592	1
572	711	1
572	801	1
572	950	1
572	1128	2
572	1708	-2
572	1837	-2
573	970	1
573	1020	1
573	1060	-2
573	1401	2
573	1862	2
574	1241	-2
574	1639	-2
574	1843	2
575	885	1
575	894	1
575	936	1
575	962	1
575	1069	2
575	1109	-2
575	1878	-2
576	676	1
576	756	1
576	901	1
576	1353	2
576	1611	2
576	1838	2
577	899	1
577	934	1
577	944	1
577	1408	-2
577	1418	2
577	1745	2
578	689	1
578	743	1
578	750	1
578	810	1
578	906	1
578	1150	-2
578	1510	2
578	2037	2
579	693	1
579	790	1
579	1085	-2
579	1224	-2
579	1879	-2
580	627	1
580	672	1
580	848	1
580	889	1
580	1278	-2
580	1455	-2
580	1895	2
581	719	1
581	895	1
581	1094	2
581	1375	-2
581	1999	2
582	602	1
582	714	1
582	774	1
582	1300	2
582	1707	2
582	1832	-2
583	607	1
583	989	1
583	1283	2
583	1352	-2
583	1893	2
584	722	1
584	984	1
584	1043	2
584	1319	2
584	1496	-2
585	655	1
585	717	1
585	1217	-2
585	1570	2
585	1665	2
586	801	1
586	1227	2
586	1545	2
586	1568	-2
587	928	1
587	965	1
587	1459	-2
587	1551	2
587	1792	-2
588	760	1
588	800	1
588	806	1
588	931	1
588	1245	-2
588	1328	2
588	1431	-2
589	617	1
589	782	1
589	966	1
589	1157	-2
589	1196	-2
589	1280	2
590	591	1
590	904	1
590	1001	1
590	1073	-2
590	1287	-2
590	1421	2
591	624	1
591	1075	-2
591	1287	-2
591	1987	2
592	717	1
592	1128	2
592	1859	-2
592	1955	2
593	815	1
593	880	1
593	897	1
593	962	1
593	1744	-2
593	1957	-2
593	2047	2
594	633	1
594	686	1
594	747	1
594	802	1
594	1338	2
594	1848	2
594	1991	-2
595	615	1
595	728	1
595	1230	-2
595	1560	2
595	2021	2
596	724	1
596	881	1
596	953	1
596	957	1
596	1016	1
596	1416	-2
596	1635	-2
596	1703	-2
597	608	1
597	721	1
597	765	1
597	1134	-2
597	1627	2
597	1722	2
598	1022	1
598	1305	2
598	1772	-2
598	1824	-2
599	1649	-2
599	1864	2
599	1866	2
600	662	1
600	692	1
600	1125	2
600	1762	2
600	1968	-2
601	1302	-2
601	1470	-2
601	1785	2
602	788	1
602	811	1
602	997	1
602	1142	-2
602	1608	2
602	1707	2
603	923	1
603	928	1
603	1019	1
603	1221	-2
603	1479	2
603	1541	-2
604	1414	-2
604	1588	-2
604	1614	-2
605	718	1
605	737	1
605	1389	2
605	1587	-2
605	1980	2
606	620	1
606	702	1
606	1139	-2
606	1309	-2
606	1578	2
607	624	1
607	710	1
607	752	1
607	1238	2
607	1352	-2
607	1622	-2
608	699	1
608	765	1
608	1627	2
608	1656	2
608	1985	2
609	869	1
609	914	1
609	1442	-2
609	1716	-2
609	1795	2
610	700	1
610	914	1
610	1016	1
610	1087	2
610	1345	2
610	1651	-2
611	955	1
611	1360	2
611	1618	-2
611	1948	-2
612	878	1
612	997	1
612	1254	2
612	1476	2
612	1592	-2
613	755	1
613	840	1
613	850	1
613	1311	2
613	1808	2
613	1960	2
614	661	1
614	933	1
614	1088	-2
614	1297	2
614	1417	-2
615	1281	-2
615	1560	2
615	2040	2
616	898	1
616	1379	-2
616	1571	2
616	1593	2
617	997	1
617	1136	2
617	1157	-2
617	1256	-2
618	736	1
618	892	1
618	1215	2
618	1721	-2
618	1889	2
619	625	1
619	653	1
619	771	1
619	868	1
619	1391	-2
619	1706	-2
619	1942	-2
620	688	1
620	702	1
620	886	1
620	946	1
620	1309	-2
620	1929	-2
620	1941	2
621	726	1
621	842	1
621	894	1
621	1894	-2
621	1977	2
621	2022	-2
622	808	1
622	960	1
622	1024	1
622	1362	-2
622	1637	2
622	1652	-2
623	634	1
623	748	1
623	780	1
623	1086	-2
623	1153	2
623	1204	-2
624	752	1
624	983	1
624	1622	-2
624	1836	2
624	1987	2
625	653	1
625	864	1
625	1059	2
625	1177	2
625	1391	-2
626	883	1
626	957	1
626	1207	2
626	1246	2
626	1752	2
627	672	1
627	846	1
627	896	1
627	1383	-2
627	1895	2
627	2034	2
628	753	1
628	979	1
628	1152	2
628	1236	2
628	1247	2
629	745	1
629	861	1
629	1397	2
629	1615	2
629	1969	2
630	722	1
630	1121	-2
630	1275	-2
630	1647	-2
631	659	1
631	850	1
631	895	1
631	986	1
631	990	1
631	1037	2
631	1890	-2
631	2039	2
632	658	1
632	1449	2
632	1663	2
632	1819	-2
633	733	1
633	812	1
633	859	1
633	1039	2
633	1338	2
633	1474	2
634	1153	2
634	1648	2
634	1699	2
635	907	1
635	959	1
635	972	1
635	1090	-2
635	1522	2
635	1844	2
636	665	1
636	747	1
636	834	1
636	1199	2
636	1288	-2
636	1947	2
637	665	1
637	684	1
637	924	1
637	1203	2
637	1540	-2
637	1550	-2
638	811	1
638	1006	1
638	1035	2
638	1681	2
638	1701	-2
639	661	1
639	743	1
639	795	1
639	844	1
639	1445	2
639	1741	2
639	1888	-2
640	790	1
640	839	1
640	1248	2
640	1922	2
640	2020	2
641	657	1
641	806	1
641	850	1
641	986	1
641	1805	-2
641	1812	2
641	1982	2
642	707	1
642	847	1
642	1124	-2
642	1662	2
642	1935	2
643	678	1
643	744	1
643	863	1
643	922	1
643	1460	2
643	1715	2
643	1926	-2
644	659	1
644	854	1
644	1406	-2
644	1586	2
644	1726	-2
645	648	1
645	651	1
645	1052	2
645	1641	2
645	1986	-2
646	726	1
646	954	1
646	1154	2
646	1657	-2
646	2035	-2
647	677	1
647	769	1
647	853	1
647	909	1
647	964	1
647	1262	2
647	1763	2
647	1847	-2
648	651	1
648	745	1
648	837	1
648	946	1
648	1104	2
648	1110	-2
648	1641	2
649	793	1
649	847	1
649	889	1
649	1023	1
649	1118	2
649	1804	2
649	2010	-2
650	811	1
650	965	1
650	1031	2
650	1274	2
650	1881	-2
651	703	1
651	1093	2
651	1641	2
651	1798	2
652	770	1
652	1159	-2
652	1173	2
652	1823	-2
653	814	1
653	1290	-2
653	1391	-2
653	1791	-2
654	790	1
654	804	1
654	858	1
654	965	1
654	1023	1
654	1132	-2
654	1555	2
654	1956	2
655	1038	2
655	1107	2
655	1665	2
656	915	1
656	1013	1
656	1044	-2
656	1739	-2
656	1928	2
657	736	1
657	788	1
657	938	1
657	986	1
657	1261	-2
657	1405	-2
657	1812	2
658	1010	1
658	1022	1
658	1663	2
658	1801	-2
658	1950	-2
659	824	1
659	990	1
659	1133	2
659	1726	-2
659	1890	-2
660	702	1
660	794	1
660	900	1
660	1797	2
660	1818	-2
660	1993	-2
661	743	1
661	1417	-2
661	1888	-2
661	2046	2
662	754	1
662	818	1
662	1125	2
662	1174	-2
662	1620	2
663	674	1
663	751	1
663	963	1
663	1465	2
663	1594	2
663	1938	-2
664	758	1
664	1058	-2
664	1909	2
664	2007	2
665	924	1
665	1203	2
665	1845	-2
665	1947	2
666	848	1
666	1234	2
666	1787	2
666	1873	2
667	675	1
667	772	1
667	787	1
667	885	1
667	1507	2
667	1680	2
667	1764	-2
668	891	1
668	1443	2
668	1544	2
668	1831	2
669	761	1
669	1450	2
669	2009	2
669	2026	-2
670	701	1
670	822	1
670	873	1
670	1698	2
670	1784	2
670	1839	2
671	716	1
671	872	1
671	1225	-2
671	1419	-2
671	1946	2
672	890	1
672	1895	2
672	1952	-2
672	2019	-2
673	676	1
673	998	1
673	1366	-2
673	1400	2
673	1944	2
674	751	1
674	1010	1
674	1732	-2
674	1938	-2
674	2000	2
675	1097	2
675	1764	-2
675	1911	2
676	799	1
676	855	1
676	1353	2
676	1944	2
676	1996	-2
677	763	1
677	874	1
677	970	1
677	1162	2
677	1556	2
677	1763	2
678	805	1
678	863	1
678	1460	2
678	1490	-2
678	1760	-2
679	802	1
679	839	1
679	1000	1
679	1858	2
679	1984	-2
679	1994	2
680	804	1
680	878	1
680	1137	-2
680	1339	2
680	1407	-2
681	827	1
681	950	1
681	954	1
681	975	1
681	1042	-2
681	1304	-2
681	1579	-2
682	714	1
682	861	1
682	992	1
682	1255	2
682	1272	2
682	1789	2
683	742	1
683	1007	1
683	1117	-2
683	1186	2
683	1292	-2
684	748	1
684	798	1
684	1529	-2
684	1540	-2
684	1771	2
685	795	1
685	908	1
685	1011	1
685	1251	-2
685	1602	2
685	1820	-2
686	802	1
686	951	1
686	1351	2
686	1619	-2
686	1848	2
687	953	1
687	1115	-2
687	1591	-2
687	1979	2
688	710	1
688	886	1
688	1370	2
688	1936	-2
688	1941	2
689	1240	2
689	1659	-2
689	2037	2
690	933	1
690	998	1
690	1323	-2
690	1769	-2
690	1905	-2
691	808	1
691	877	1
691	1080	2
691	1307	-2
691	1596	2
692	709	1
692	1014	1
692	1341	-2
692	1584	2
692	1762	2
693	1224	-2
693	1365	2
693	1661	-2
694	726	1
694	859	1
694	861	1
694	1101	2
694	1711	2
694	1728	2
695	805	1
695	975	1
695	995	1
695	1041	-2
695	1491	-2
695	1640	2
696	738	1
696	828	1
696	982	1
696	987	1
696	1250	2
696	1410	-2
696	1557	2
697	771	1
697	854	1
697	882	1
697	911	1
697	1018	1
697	1855	-2
697	1869	2
697	2001	-2
698	749	1
698	1616	2
698	1781	-2
698	1863	-2
699	875	1
699	1719	2
699	1811	2
699	1985	2
700	719	1
700	734	1
700	762	1
700	966	1
700	1036	2
700	1345	2
700	1675	2
701	949	1
701	1028	-2
701	1361	-2
701	1839	2
702	900	1
702	1001	1
702	1106	-2
702	1309	-2
702	1797	2
703	1493	2
703	1794	-2
703	1798	2
704	967	1
704	1012	1
704	1242	-2
704	1264	2
704	1515	-2
705	893	1
705	918	1
705	1268	2
705	1780	-2
705	2038	2
706	875	1
706	883	1
706	951	1
706	1002	1
706	1371	-2
706	1492	2
706	1629	-2
707	723	1
707	792	1
707	1124	-2
707	1886	-2
707	2029	2
708	823	1
708	845	1
708	846	1
708	906	1
708	940	1
708	1335	-2
708	1537	2
708	1539	2
709	1017	1
709	1022	1
709	1233	2
709	1356	-2
709	1584	2
710	1238	2
710	1370	2
710	1373	-2
711	950	1
711	1609	2
711	1708	-2
711	2016	2
712	919	1
712	952	1
712	1024	1
712	1369	2
712	1486	-2
712	1770	2
713	784	1
713	993	1
713	1051	2
713	1189	2
713	2044	2
714	861	1
714	939	1
714	1272	2
714	1469	-2
714	1832	-2
715	738	1
715	765	1
715	1156	-2
715	1604	2
715	1653	2
716	872	1
716	973	1
716	1419	-2
716	1600	2
716	1757	2
717	795	1
717	863	1
717	1429	2
717	1570	2
717	1859	-2
718	804	1
718	1120	-2
718	1301	2
718	1389	2
719	851	1
719	966	1
719	1036	2
719	1197	2
719	1999	2
720	841	1
720	856	1
720	938	1
720	954	1
720	1364	2
720	1428	2
720	1610	2
721	1134	-2
721	1141	2
721	1195	-2
722	1121	-2
722	1319	2
722	1326	-2
723	852	1
723	992	1
723	1194	2
723	1867	2
723	1886	-2
724	953	1
724	1006	1
724	1316	2
724	1531	2
724	1635	-2
725	925	1
725	1149	2
725	1160	2
725	1743	-2
726	859	1
726	1101	2
726	2022	-2
726	2035	-2
727	824	1
727	1547	-2
727	1702	-2
727	2018	2
728	974	1
728	1230	-2
728	1536	-2
728	2027	-2
729	780	1
729	836	1
729	1064	2
729	1499	-2
729	1658	-2
730	866	1
730	894	1
730	952	1
730	1321	-2
730	1613	2
730	1667	2
731	941	1
731	1025	-2
731	1601	2
731	1796	-2
732	742	1
732	904	1
732	987	1
732	1208	-2
732	1630	2
732	1671	2
733	798	1
733	859	1
733	1143	-2
733	1363	2
733	1474	2
734	762	1
734	848	1
734	944	1
734	1265	-2
734	1452	-2
734	1675	2
735	900	1
735	972	1
735	1000	1
735	1525	-2
735	1534	2
735	1734	-2
736	892	1
736	1215	2
736	1405	-2
736	1809	2
737	844	1
737	871	1
737	1587	-2
737	1970	2
737	1971	2
738	765	1
738	828	1
738	937	1
738	1156	-2
738	1250	2
738	1907	2
739	860	1
739	1284	2
739	1395	-2
739	1972	2
740	1590	2
740	1623	2
740	1749	2
741	812	1
741	1439	-2
741	1765	2
741	1802	2
742	984	1
742	1186	2
742	1208	-2
742	1857	-2
743	810	1
743	899	1
743	1150	-2
743	1188	-2
743	1888	-2
744	922	1
744	1399	-2
744	1481	-2
744	1926	-2
745	767	1
745	946	1
745	1104	2
745	1216	-2
745	1397	2
746	857	1
746	967	1
746	1420	2
746	1478	-2
746	1799	2
747	834	1
747	1199	2
747	1736	2
747	1991	-2
748	780	1
748	1204	-2
748	1529	-2
748	1927	-2
749	930	1
749	1521	-2
749	1616	2
749	1906	2
750	906	1
750	999	1
750	1510	2
750	1631	2
750	1761	2
751	906	1
751	1235	2
751	1388	2
751	1938	-2
752	769	1
752	1622	-2
752	1746	-2
752	2004	2
753	887	1
753	888	1
753	1236	2
753	1271	-2
753	1402	2
754	809	1
754	818	1
754	1174	-2
754	1244	-2
754	1440	2
755	779	1
755	938	1
755	1211	2
755	1916	-2
755	1960	2
756	1009	1
756	1205	-2
756	1628	2
756	1838	2
757	1376	2
757	1727	2
757	1779	-2
758	768	1
758	853	1
758	1058	-2
758	1381	-2
758	2045	-2
759	778	1
759	870	1
759	1074	-2
759	1176	2
759	1291	-2
760	800	1
760	980	1
760	1320	2
760	1328	2
760	1494	-2
761	1155	-2
761	1437	2
761	2009	2
762	819	1
762	1062	2
762	1412	2
762	1675	2
763	874	1
763	912	1
763	1162	2
763	1324	2
763	1617	-2
764	910	1
764	913	1
764	1164	-2
764	1266	-2
764	1336	-2
765	1156	-2
765	1627	2
765	1753	-2
766	785	1
766	936	1
766	1046	-2
766	1464	2
766	1605	2
767	786	1
767	1082	-2
767	1179	2
767	1216	-2
768	853	1
768	890	1
768	1002	1
768	1004	1
768	1112	2
768	1222	-2
768	1381	-2
769	853	1
769	934	1
769	1262	2
769	1312	2
769	2004	2
770	1151	-2
770	1159	-2
770	1800	2
771	882	1
771	915	1
771	1548	-2
771	1706	-2
771	2001	-2
772	866	1
772	1636	2
772	1680	2
772	1833	2
773	789	1
773	1331	-2
773	1425	2
773	1643	-2
774	898	1
774	969	1
774	1063	2
774	1300	2
774	1625	2
775	1260	-2
775	1682	2
775	1709	2
776	799	1
776	994	1
776	1329	2
776	1834	2
776	1973	2
777	821	1
777	1055	2
777	1084	2
777	1733	-2
778	816	1
778	1074	-2
778	1688	-2
778	1899	-2
779	783	1
779	840	1
779	946	1
779	1902	2
779	1916	-2
779	2024	2
780	925	1
780	1064	2
780	1204	-2
780	1542	2
781	871	1
781	957	1
781	971	1
781	1279	-2
781	1411	2
781	1896	-2
782	1003	1
782	1280	2
782	1436	-2
782	1786	-2
783	942	1
783	946	1
783	1183	-2
783	1902	2
783	1974	2
784	948	1
784	980	1
784	993	1
784	1051	2
784	1940	2
784	2048	-2
785	905	1
785	1346	-2
785	1378	2
785	1464	2
786	890	1
786	1135	-2
786	1179	2
786	1669	-2
787	885	1
787	976	1
787	1019	1
787	1394	2
787	1507	2
787	1830	-2
788	938	1
788	1261	-2
788	1608	2
788	2031	2
789	833	1
789	1148	2
789	1425	2
789	1868	-2
790	839	1
790	1023	1
790	1132	-2
790	1879	-2
790	2020	2
791	924	1
791	945	1
791	1223	-2
791	1357	-2
791	1576	-2
792	1390	-2
792	1518	2
792	2029	2
793	1023	1
793	1359	2
793	1804	2
793	2042	2
794	825	1
794	911	1
794	1315	2
794	1546	2
794	1818	-2
795	863	1
795	908	1
795	1429	2
795	1602	2
795	1741	2
796	879	1
796	1413	2
796	1814	2
796	1949	2
797	803	1
797	835	1
797	837	1
797	1695	-2
797	1874	2
797	1876	-2
798	873	1
798	1143	-2
798	1583	2
798	1771	2
799	855	1
799	941	1
799	1032	-2
799	1973	2
799	1996	-2
800	888	1
800	1328	2
800	1816	2
800	1872	-2
801	976	1
801	994	1
801	1475	-2
801	1568	-2
801	1837	-2
802	979	1
802	1848	2
802	1994	2
802	1998	-2
803	833	1
803	1606	2
803	1695	-2
803	1908	2
804	965	1
804	1120	-2
804	1137	-2
804	1555	2
805	958	1
805	975	1
805	1490	-2
805	1491	-2
805	1564	2
806	850	1
806	904	1
806	1431	-2
806	1919	-2
806	1982	2
807	828	1
807	896	1
807	917	1
807	1538	2
807	1852	-2
807	1989	2
808	902	1
808	1080	2
808	1432	2
808	1637	2
809	813	1
809	1440	2
809	1549	-2
809	1754	-2
810	961	1
810	1103	-2
810	1144	2
810	1150	-2
811	997	1
811	1142	-2
811	1274	2
811	1701	-2
812	1039	2
812	1439	-2
812	1523	2
813	910	1
813	1454	-2
813	1549	-2
813	1937	2
814	1535	-2
814	1660	2
814	1791	-2
815	880	1
815	885	1
815	996	1
815	1655	-2
815	1903	-2
815	1957	-2
816	969	1
816	1191	-2
816	1686	2
816	1899	-2
817	1167	-2
817	1685	-2
817	1958	2
818	826	1
818	1174	-2
818	2003	-2
818	2025	2
819	949	1
819	1062	2
819	1396	-2
819	1566	-2
820	961	1
820	1489	2
820	1776	-2
820	1885	2
821	971	1
821	1011	1
821	1055	2
821	1123	2
821	1825	2
822	873	1
822	1218	2
822	1483	-2
822	1784	2
823	906	1
823	1079	-2
823	1335	-2
823	1354	2
824	1133	2
824	1306	2
824	1702	-2
825	895	1
825	930	1
825	1081	2
825	1315	2
825	1691	-2
826	993	1
826	1021	1
826	1030	-2
826	1368	-2
826	2025	2
827	829	1
827	1332	-2
827	1579	-2
827	1967	2
828	917	1
828	983	1
828	1250	2
828	1457	-2
828	1538	2
829	830	1
829	837	1
829	1285	-2
829	1638	2
829	1967	2
830	993	1
830	1231	2
830	1314	-2
830	1638	2
831	869	1
831	1012	1
831	1091	-2
831	1393	-2
831	1621	2
832	889	1
832	1350	-2
832	1607	2
832	1953	2
833	1513	2
833	1868	-2
833	1908	2
834	1199	2
834	1267	-2
834	1921	2
835	837	1
835	1427	-2
835	1612	-2
835	1876	-2
836	974	1
836	1145	2
836	1477	-2
836	1499	-2
837	1110	-2
837	1285	-2
837	1876	-2
838	919	1
838	1333	-2
838	1526	2
838	2023	-2
839	919	1
839	1000	1
839	1961	2
839	1984	-2
839	2020	2
840	905	1
840	1311	2
840	1705	-2
840	2024	2
841	938	1
841	1428	2
841	1729	2
841	1806	-2
842	894	1
842	916	1
842	1894	-2
842	1945	-2
842	1990	2
843	916	1
843	926	1
843	1168	-2
843	1170	2
843	1461	-2
844	1445	2
844	1505	-2
844	1971	2
845	846	1
845	898	1
845	1423	2
845	1537	2
845	1676	2
846	879	1
846	1473	2
846	1537	2
846	2034	2
847	959	1
847	1918	-2
847	1935	2
847	2010	-2
848	944	1
848	1265	-2
848	1455	-2
848	1873	2
849	1161	2
849	1318	-2
849	1877	2
850	895	1
850	1808	2
850	1982	2
850	2039	2
851	892	1
851	1054	2
851	1197	2
851	1286	-2
852	1000	1
852	1194	2
852	1444	-2
852	2041	2
853	1262	2
853	1381	-2
853	1962	2
854	1018	1
854	1181	-2
854	1406	-2
854	1855	-2
855	1095	2
855	1758	-2
855	1996	-2
856	954	1
856	1158	2
856	1610	2
856	1951	2
857	882	1
857	1478	-2
857	1533	-2
857	1724	-2
858	1514	2
858	1692	2
858	1956	2
859	981	1
859	1101	2
859	1113	-2
859	1474	2
860	1386	-2
860	1528	2
860	1972	2
861	1272	2
861	1728	2
861	1969	2
862	943	1
862	950	1
862	1552	2
862	1668	2
862	1923	2
863	1127	-2
863	1429	2
863	1460	2
864	1059	2
864	1846	2
864	1900	-2
865	1014	1
865	1119	2
865	1185	-2
865	1508	2
866	894	1
866	1098	-2
866	1321	-2
866	1833	2
867	1201	-2
867	1932	-2
867	2017	-2
868	1072	2
868	1327	2
868	1942	-2
869	1012	1
869	1621	2
869	1677	-2
869	1795	2
870	1243	2
870	1291	-2
870	1883	-2
871	957	1
871	1896	-2
871	1970	2
871	2036	2
872	975	1
872	1178	2
872	1419	-2
872	1850	-2
873	998	1
873	1583	2
873	1632	-2
873	1784	2
874	884	1
874	916	1
874	1162	2
874	1815	2
874	2033	-2
875	1002	1
875	1013	1
875	1163	2
875	1371	-2
875	1811	2
876	886	1
876	956	1
876	1019	1
876	1298	-2
876	1827	-2
876	1860	2
877	911	1
877	1129	2
877	1307	-2
877	2008	2
878	1061	2
878	1254	2
878	1407	-2
879	1252	2
879	1473	2
879	1949	2
880	947	1
880	1057	-2
880	1517	-2
880	1957	-2
881	991	1
881	1016	1
881	1303	-2
881	1416	-2
881	1835	-2
882	1232	2
882	1533	-2
882	2001	-2
883	1246	2
883	1629	-2
883	1865	2
884	1310	-2
884	1679	2
884	1815	2
885	936	1
885	1069	2
885	1507	2
885	1655	-2
886	929	1
886	1700	2
886	1860	2
886	1941	2
887	985	1
887	1105	-2
887	1402	2
887	1959	2
888	902	1
888	1200	-2
888	1271	-2
888	1872	-2
889	1118	2
889	1278	-2
889	1607	2
890	1004	1
890	1112	2
890	1669	-2
890	1952	-2
891	943	1
891	1010	1
891	1270	2
891	1443	2
891	1842	-2
892	1054	2
892	1215	2
892	1299	-2
893	903	1
893	1684	2
893	1780	-2
893	1954	-2
894	962	1
894	1321	-2
894	1878	-2
894	1894	-2
895	1094	2
895	1691	-2
895	2039	2
896	1347	2
896	1383	-2
896	1852	-2
897	1012	1
897	1559	2
897	1577	-2
897	2047	2
898	969	1
898	1571	2
898	1625	2
898	1676	2
899	1138	2
899	1188	-2
899	1408	-2
900	939	1
900	972	1
900	1050	2
900	1734	-2
900	1797	2
901	1056	-2
901	1096	-2
901	1611	2
902	1200	-2
902	1293	2
902	1432	2
903	933	1
903	1033	2
903	1684	2
903	1750	-2
904	1001	1
904	1073	-2
904	1671	2
904	1919	-2
905	1378	2
905	1501	2
905	1705	-2
906	1235	2
906	1335	-2
906	1510	2
907	959	1
907	1384	-2
907	1522	2
907	1978	2
908	986	1
908	1602	2
908	1755	-2
908	1897	2
909	955	1
909	964	1
909	1774	2
909	1847	-2
909	1880	-2
910	913	1
910	1336	-2
910	1454	-2
910	1664	2
911	1129	2
911	1546	2
911	1869	2
912	1182	-2
912	1324	2
912	1650	-2
913	1165	-2
913	1336	-2
913	1875	-2
914	1016	1
914	1087	2
914	1415	2
914	1716	-2
915	1548	-2
915	1739	-2
915	1891	-2
916	1168	-2
916	1945	-2
916	2033	-2
917	945	1
917	996	1
917	1102	-2
917	1343	-2
917	1538	2
918	929	1
918	931	1
918	1268	2
918	1337	-2
918	1751	-2
919	1024	1
919	1333	-2
919	1486	-2
919	1961	2
920	964	1
920	1026	2
920	1045	2
920	1099	2
921	1092	-2
921	1111	-2
921	1756	2
922	974	1
922	1325	-2
922	1561	2
922	1926	-2
923	928	1
923	1017	1
923	1221	-2
923	1374	2
923	1992	2
924	1203	2
924	1426	2
924	1576	-2
925	1149	2
925	1542	2
925	1768	-2
926	958	1
926	1461	-2
926	1939	-2
926	1965	-2
927	1172	2
927	1645	-2
927	1966	2
928	1213	-2
928	1221	-2
928	1792	-2
929	931	1
929	1131	2
929	1337	-2
929	1700	2
930	988	1
930	1066	-2
930	1081	2
930	1521	-2
931	944	1
931	1245	-2
931	1337	-2
931	1472	2
932	1813	2
932	1826	-2
932	1915	2
933	1297	2
933	1750	-2
933	1905	-2
934	1312	2
934	1745	2
934	1924	-2
935	1392	-2
935	1595	2
935	1730	-2
936	1069	2
936	1451	-2
936	1605	2
937	1067	-2
937	1829	2
937	1907	2
938	1211	2
938	1261	-2
938	1428	2
939	1050	2
939	1469	-2
939	1710	-2
940	1539	2
940	1735	2
940	1775	-2
941	1032	-2
941	1601	2
941	1930	2
942	947	1
942	996	1
942	1183	-2
942	1422	-2
942	1565	-2
943	1668	2
943	1773	2
943	1842	-2
944	1265	-2
944	1418	2
944	1472	2
945	1102	-2
945	1357	-2
945	1543	2
946	1104	2
946	1902	2
946	1929	-2
947	989	1
947	1057	-2
947	1422	-2
947	1435	-2
948	960	1
948	1504	2
948	1931	-2
948	1940	2
949	1028	-2
949	1396	-2
949	1666	2
950	1304	-2
950	1708	-2
950	1923	2
951	1492	2
951	1585	-2
951	1619	-2
952	1369	2
952	1613	2
952	2002	-2
953	1115	-2
953	1249	-2
953	1635	-2
954	975	1
954	1042	-2
954	1154	2
954	1610	2
955	1007	1
955	1618	-2
955	1774	2
955	1790	2
956	1004	1
956	1298	-2
956	1530	2
956	1778	-2
957	1703	-2
957	1752	2
957	1896	-2
958	1564	2
958	1714	2
958	1965	-2
959	1522	2
959	1747	-2
959	1918	-2
960	1024	1
960	1362	-2
960	1504	2
960	1573	2
961	973	1
961	1013	1
961	1076	2
961	1103	-2
961	1885	2
962	1367	2
962	1744	-2
962	1878	-2
963	1122	-2
963	1594	2
963	1673	-2
964	1099	2
964	1847	-2
964	1913	-2
965	1031	2
965	1459	-2
965	1555	2
966	1036	2
966	1196	-2
966	1718	2
967	1264	2
967	1420	2
967	1738	-2
968	980	1
968	1644	2
968	1766	-2
968	1803	2
969	1191	-2
969	1340	2
969	1625	2
970	1020	1
970	1401	2
970	1556	2
970	1642	-2
971	1257	2
971	1411	2
971	1825	2
972	983	1
972	1090	-2
972	1269	-2
972	1734	-2
973	1013	1
973	1076	2
973	1114	-2
973	1757	2
974	1325	-2
974	1477	-2
974	2027	-2
975	1042	-2
975	1178	2
975	1491	-2
976	994	1
976	1475	-2
976	1830	-2
976	1920	2
977	1193	-2
977	1683	-2
977	1856	2
978	1008	1
978	1198	-2
978	1690	2
978	1693	-2
979	1247	2
979	1849	-2
979	1998	-2
980	1320	2
980	1803	2
980	2048	-2
981	1113	-2
981	1263	2
981	1704	-2
982	994	1
982	1071	2
982	1342	2
982	1557	2
983	1269	-2
983	1457	-2
983	1836	2
984	1496	-2
984	1857	-2
984	1964	-2
985	1023	1
985	1068	-2
985	1441	2
985	1959	2
986	1037	2
986	1812	2
986	1897	2
987	1410	-2
987	1567	2
987	1630	2
988	995	1
988	1066	-2
988	1239	2
988	1258	-2
989	1294	-2
989	1435	-2
989	1893	2
990	1403	2
990	1696	-2
990	1890	-2
991	1206	-2
991	1624	-2
991	1835	-2
992	1034	2
992	1789	2
992	1867	2
993	1030	-2
993	1051	2
993	1231	2
994	1071	2
994	1475	-2
994	1834	2
995	1228	-2
995	1258	-2
995	1640	2
996	1343	-2
996	1565	-2
996	1903	-2
997	1142	-2
997	1256	-2
997	1476	2
998	1323	-2
998	1366	-2
998	1632	-2
999	1631	2
999	1712	2
999	1841	-2
1000	1444	-2
1000	1534	2
1000	1984	-2
1001	1073	-2
1001	1106	-2
1001	1910	2
1002	1222	-2
1002	1371	-2
1002	1646	2
1003	1273	2
1003	1519	2
1003	1786	-2
1004	1112	2
1004	1674	2
1004	1778	-2
1005	1192	2
1005	1438	2
1005	1466	2
1006	1531	2
1006	1681	2
1006	1884	2
1007	1292	-2
1007	1777	-2
1007	1790	2
1008	1282	-2
1008	1690	2
1008	2011	-2
1009	1047	2
1009	1628	2
1009	1793	-2
1010	1270	2
1010	1732	-2
1010	1801	-2
1011	1123	2
1011	1251	-2
1011	1861	2
1012	1242	-2
1012	1559	2
1012	1621	2
1013	1044	-2
1013	1076	2
1013	1163	2
1014	1119	2
1014	1341	-2
1014	1409	-2
1015	1020	1
1015	1372	-2
1015	1453	-2
1015	1509	-2
1016	1087	2
1016	1416	-2
1016	1497	-2
1017	1212	2
1017	1233	2
1017	1374	2
1018	1398	2
1018	1855	-2
1018	2013	2
1019	1394	2
1019	1479	2
1019	1827	-2
1020	1147	-2
1020	1401	2
1020	1453	-2
1021	1116	2
1021	1368	-2
1021	1387	2
1022	1356	-2
1022	1824	-2
1022	1950	-2
1023	1068	-2
1023	1132	-2
1023	1804	2
1024	1362	-2
1024	1462	2
1024	1486	-2
