1	1	1
2	2	1
3	3	1
4	4	1
5	5	-3
6	6	1
7	7	-1
8	8	3
9	9	-3
10	10	1
11	11	1
12	12	1
13	13	1
14	14	-1
15	15	3
16	16	1
17	17	1
18	18	1
19	19	-1
20	20	-3
21	21	3
22	22	1
23	23	1
24	24	-1
25	25	1
26	26	1
27	27	3
28	28	-1
29	29	1
30	30	-3
31	31	-1
32	32	1
33	33	1
34	34	-1
35	35	1
36	36	1
37	37	-1
38	38	-1
39	39	-1
40	40	3
41	41	1
42	42	1
43	43	1
44	44	-1
45	45	-3
46	46	-1
47	47	-3
48	48	1
49	49	-3
50	50	1
51	51	-1
52	52	1
53	53	1
54	54	-3
55	55	-1
56	56	1
57	57	3
58	58	1
59	59	-3
60	60	-1
61	61	1
62	62	1
63	63	3
64	64	1
65	65	3
66	66	3
67	67	-1
68	68	1
69	69	-1
70	70	-3
71	71	1
72	72	1
73	73	3
74	74	-1
75	75	1
76	76	-1
77	77	-1
78	78	-1
79	79	3
80	80	-3
81	81	1
82	82	-1
83	83	-1
84	84	-1
85	85	1
86	86	1
87	87	-3
88	88	1
89	89	3
90	90	-1
91	91	1
92	92	3
93	93	1
94	94	-1
95	95	1
96	96	1
97	97	-1
98	98	-1
99	99	1
100	100	-1
101	101	-1
102	102	-3
103	103	1
104	104	1
105	105	3
106	106	-1
107	107	-1
108	108	3
109	109	1
110	110	-1
111	111	1
112	112	-1
113	113	1
114	114	-1
115	115	-1
116	116	-3
117	117	3
118	118	1
119	119	-1
120	120	-1
121	121	-1
122	122	1
123	123	1
124	124	1
125	125	1
126	126	1
127	127	3
128	128	3
129	129	1
130	130	1
131	131	-1
132	132	1
133	133	3
134	134	-1
135	135	1
136	136	3
137	137	-1
138	138	3
139	139	-1
140	140	-1
141	141	3
142	142	3
143	143	1
144	144	1
145	145	-1
146	146	-1
147	147	-1
148	148	-1
149	149	1
150	150	1
151	151	-1
152	152	-1
153	153	-3
154	154	1
155	155	3
156	156	1
157	157	3
158	158	-3
159	159	1
160	160	-3
161	161	-3
162	162	-3
163	163	-1
164	164	1
165	165	1
166	166	-3
167	167	1
168	168	1
169	169	1
170	170	1
171	171	1
172	172	1
173	173	-1
174	174	1
175	175	-1
176	176	1
177	177	3
178	178	-1
179	179	-3
180	180	1
181	181	-3
182	182	3
183	183	1
184	184	3
185	185	-1
186	186	-1
187	187	-3
188	188	-3
189	189	1
190	190	-1
191	191	1
192	192	-1
193	193	1
194	194	-1
195	195	1
196	196	-1
197	197	1
198	198	3
199	199	-1
200	200	-1
201	201	1
202	202	3
203	203	1
204	204	-3
205	205	3
206	206	-1
207	207	3
208	208	-3
209	209	1
210	210	-3
211	211	1
212	212	-1
213	213	1
214	214	1
215	215	-1
216	216	-1
217	217	-1
218	218	1
219	219	-1
220	220	3
221	221	3
222	222	-3
223	223	1
224	224	1
225	225	3
226	226	-1
227	227	-1
228	228	-1
229	229	-3
230	230	-1
231	231	-3
232	232	1
233	233	-1
234	234	1
235	235	1
236	236	-3
237	237	-1
238	238	-1
239	239	1
240	240	-1
241	241	-1
242	242	-1
243	243	1
244	244	-3
245	245	3
246	246	-1
247	247	1
248	248	3
249	249	-1
250	250	-3
251	251	1
252	252	-1
253	253	-1
254	254	-1
255	255	1
256	256	3
257	257	-1
258	258	-1
259	259	-3
260	260	-1
261	261	1
262	262	-1
263	263	-1
264	264	-3
265	265	1
266	266	1
267	267	-1
268	268	1
269	269	1
270	270	1
271	271	-3
272	272	1
273	273	1
274	274	3
275	275	1
276	276	-1
277	277	1
278	278	-1
279	279	1
280	280	-1
281	281	3
282	282	1
283	283	-1
284	284	3
285	285	-1
286	286	-1
287	287	-3
288	288	1
289	289	1
290	290	-1
291	291	-3
292	292	-1
293	293	1
294	294	1
295	295	1
296	296	-1
297	297	1
298	298	1
299	299	1
300	300	1
301	301	3
302	302	-1
303	303	-3
304	304	1
305	305	3
306	306	1
307	307	1
308	308	-1
309	309	-3
310	310	1
311	311	-1
312	312	-1
313	313	1
314	314	-1
315	315	-1
316	316	-1
317	317	-3
318	318	1
319	319	1
320	320	1
321	321	-1
322	322	1
323	323	-3
324	324	-1
325	325	-1
326	326	-1
327	327	1
328	328	-3
329	329	1
330	330	1
331	331	-1
332	332	-1
333	333	-1
334	334	-1
335	335	3
336	336	-3
337	337	-1
338	338	3
339	339	-3
340	340	1
341	341	-1
342	342	-3
343	343	1
344	344	3
345	345	3
346	346	-1
347	347	-1
348	348	-1
349	349	1
350	350	-1
351	351	-1
352	352	3
353	353	1
354	354	-1
355	355	-3
356	356	-1
357	357	3
358	358	1
359	359	3
360	360	3
361	361	-3
362	362	-1
363	363	1
364	364	1
365	365	3
366	366	-3
367	367	-1
368	368	-1
369	369	1
370	370	1
371	371	1
372	372	-1
373	373	-1
374	374	1
375	375	1
376	376	-3
377	377	1
378	378	3
379	379	-1
380	380	-1
381	381	1
382	382	3
383	383	1
384	384	-1
385	385	3
386	386	1
387	387	-1
388	388	-1
389	389	-1
390	390	-1
391	391	-1
392	392	1
393	393	-1
394	394	-3
395	395	-3
396	396	3
397	397	-3
398	398	-1
399	399	1
400	400	3
401	401	-1
402	402	1
403	403	1
404	404	1
405	405	1
406	406	1
407	407	-1
408	408	-1
409	409	1
410	410	-3
411	411	-1
412	412	-3
413	413	1
414	414	1
415	415	-1
416	416	-3
417	417	-3
418	418	1
419	419	-1
420	420	1
421	421	1
422	422	1
423	423	-1
424	424	3
425	425	1
426	426	-1
427	427	-1
428	428	1
429	429	1
430	430	3
431	431	-1
432	432	-1
433	433	-3
434	434	-3
435	435	1
436	436	-3
437	437	1
438	438	-1
439	439	3
440	440	3
441	441	3
442	442	1
443	443	1
444	444	1
445	445	-3
446	446	-1
447	447	1
448	448	-1
449	449	1
450	450	-1
451	451	-1
452	452	-1
453	453	1
454	454	1
455	455	1
456	456	1
457	457	-1
458	458	1
459	459	-3
460	460	-1
461	461	-1
462	462	-1
463	463	3
464	464	1
465	465	-1
466	466	-1
467	467	3
468	468	-1
469	469	1
470	470	-1
471	471	1
472	472	-1
473	473	-3
474	474	3
475	475	-3
476	476	-1
477	477	1
478	478	3
479	479	-3
480	480	-3
481	481	3
482	482	1
483	483	1
484	484	-1
485	485	1
486	486	-3
487	487	-3
488	488	3
489	489	-3
490	490	-1
491	491	-1
492	492	-1
493	493	1
494	494	-1
495	495	1
496	496	-3
497	497	-1
498	498	-3
499	499	-1
500	500	-1
501	501	-1
502	502	1
503	503	-1
504	504	1
505	505	1
506	506	1
507	507	-3
508	508	1
509	509	-1
510	510	1
511	511	1
512	512	-3
513	513	2
514	514	-2
515	515	-2
516	516	-2
517	517	2
518	518	-2
519	519	2
520	520	-2
521	521	-2
522	522	2
523	523	2
524	524	-2
525	525	-2
526	526	2
527	527	-2
528	528	-2
529	529	-2
530	530	-2
531	531	2
532	532	2
533	533	-2
534	534	2
535	535	2
536	536	2
537	537	2
538	538	2
539	539	-2
540	540	2
541	541	2
542	542	-2
543	543	-2
544	544	2
545	545	-2
546	546	-2
547	547	2
548	548	-2
549	549	2
550	550	2
551	551	-2
552	552	2
553	553	-2
554	554	-2
555	555	2
556	556	2
557	557	-2
558	558	-2
559	559	2
560	560	2
561	561	-2
562	562	2
563	563	-2
564	564	2
565	565	2
566	566	2
567	567	2
568	568	-2
569	569	2
570	570	-2
571	571	2
572	572	2
573	573	-2
574	574	-2
575	575	-2
576	576	-2
577	577	2
578	578	2
579	579	2
580	580	-2
581	581	-2
582	582	2
583	583	2
584	584	2
585	585	2
586	586	2
587	587	-2
588	588	-2
589	589	-2
590	590	-2
591	591	-2
592	592	-2
593	593	2
594	594	-2
595	595	2
596	596	2
597	597	-2
598	598	2
599	599	-2
600	600	2
601	601	2
602	602	-2
603	603	-2
604	604	2
605	605	2
606	606	2
607	607	-2
608	608	-2
609	609	2
610	610	2
611	611	2
612	612	-2
613	613	2
614	614	2
615	615	-2
616	616	2
617	617	-2
618	618	-2
619	619	2
620	620	-2
621	621	-2
622	622	-2
623	623	2
624	624	2
625	625	2
626	626	2
627	627	2
628	628	2
629	629	2
630	630	2
631	631	-2
632	632	-2
633	633	2
634	634	-2
635	635	2
636	636	2
637	637	2
638	638	-2
639	639	2
640	640	-2
641	641	-2
642	642	-2
643	643	2
644	644	-2
645	645	-2
646	646	-2
647	647	-2
648	648	-2
649	649	2
650	650	-2
651	651	-2
652	652	2
653	653	-2
654	654	-2
655	655	-2
656	656	2
657	657	2
658	658	-2
659	659	2
660	660	2
661	661	-2
662	662	2
663	663	-2
664	664	2
665	665	2
666	666	-2
667	667	-2
668	668	-2
669	669	-2
670	670	-2
671	671	2
672	672	2
673	673	-2
674	674	-2
675	675	2
676	676	-2
677	677	-2
678	678	2
679	679	2
680	680	2
681	681	-2
682	682	2
683	683	2
684	684	-2
685	685	-2
686	686	-2
687	687	2
688	688	-2
689	689	2
690	690	2
691	691	2
692	692	2
693	693	-2
694	694	-2
695	695	-2
696	696	2
697	697	2
698	698	-2
699	699	-2
700	700	2
701	701	-2
702	702	-2
703	703	2
704	704	-2
705	705	2
706	706	-2
707	707	2
708	708	2
709	709	2
710	710	2
711	711	2
712	712	-2
713	713	-2
714	714	2
715	715	-2
716	716	-2
717	717	-2
718	718	2
719	719	-2
720	720	2
721	721	-2
722	722	2
723	723	2
724	724	-2
725	725	-2
726	726	2
727	727	-2
728	728	-2
729	729	2
730	730	2
731	731	2
732	732	-2
733	733	2
734	734	2
735	735	-2
736	736	-2
737	737	-2
738	738	2
739	739	2
740	740	2
741	741	-2
742	742	2
743	743	2
744	744	2
745	745	-2
746	746	-2
747	747	-2
748	748	-2
749	749	-2
750	750	-2
751	751	2
752	752	2
753	753	2
754	754	-2
755	755	2
756	756	-2
757	757	-2
758	758	-2
759	759	-2
760	760	2
761	761	2
762	762	-2
763	763	-2
764	764	2
765	765	-2
766	766	-2
767	767	-2
768	768	2
769	769	-2
770	770	2
771	771	-2
772	772	2
773	773	-2
774	774	2
775	775	2
776	776	2
777	777	2
778	778	-2
779	779	2
780	780	-2
781	781	-2
782	782	-2
783	783	-2
784	784	2
785	785	-2
786	786	2
787	787	-2
788	788	-2
789	789	-2
790	790	2
791	791	2
792	792	-2
793	793	-2
794	794	2
795	795	2
796	796	2
797	797	-2
798	798	-2
799	799	2
800	800	2
801	801	-2
802	802	2
803	803	2
804	804	2
805	805	-2
806	806	-2
807	807	2
808	808	2
809	809	-2
810	810	-2
811	811	-2
812	812	-2
813	813	2
814	814	-2
815	815	2
816	816	-2
817	817	2
818	818	-2
819	819	-2
820	820	2
821	821	-2
822	822	2
823	823	2
824	824	-2
825	825	2
826	826	2
827	827	2
828	828	2
829	829	-2
830	830	2
831	831	2
832	832	-2
833	833	2
834	834	2
835	835	-2
836	836	2
837	837	-2
838	838	-2
839	839	-2
840	840	-2
841	841	-2
842	842	-2
843	843	2
844	844	2
845	845	-2
846	846	2
847	847	2
848	848	2
849	849	-2
850	850	2
851	851	-2
852	852	2
853	853	-2
854	854	2
855	855	-2
856	856	2
857	857	-2
858	858	-2
859	859	-2
860	860	-2
861	861	2
862	862	2
863	863	2
864	864	2
865	865	-2
866	866	2
867	867	2
868	868	-2
869	869	2
870	870	-2
871	871	2
872	872	-2
873	873	2
874	874	-2
875	875	2
876	876	-2
877	877	-2
878	878	-2
879	879	-2
880	880	2
881	881	2
882	882	2
883	883	2
884	884	2
885	885	-2
886	886	2
887	887	-2
888	888	2
889	889	2
890	890	2
891	891	2
892	892	-2
893	893	2
894	894	-2
895	895	2
896	896	2
897	897	-2
898	898	-2
899	899	-2
900	900	-2
901	901	-2
902	902	2
903	903	-2
904	904	-2
905	905	2
906	906	-2
907	907	2
908	908	2
909	909	-2
910	910	2
911	911	-2
912	912	2
913	913	-2
914	914	-2
915	915	-2
916	916	2
917	917	-2
918	918	-2
919	919	2
920	920	-2
921	921	2
922	922	-2
923	923	2
924	924	2
925	925	2
926	926	2
927	927	2
928	928	-2
929	929	2
930	930	2
931	931	-2
932	932	-2
933	933	2
934	934	-2
935	935	-2
936	936	-2
937	937	2
938	938	2
939	939	-2
940	940	2
941	941	2
942	942	-2
943	943	2
944	944	2
945	945	2
946	946	2
947	947	2
948	948	2
949	949	-2
950	950	2
951	951	-2
952	952	-2
953	953	2
954	954	-2
955	955	2
956	956	-2
957	957	-2
958	958	2
959	959	-2
960	960	-2
961	961	2
962	962	2
963	963	-2
964	964	2
965	965	-2
966	966	2
967	967	2
968	968	-2
969	969	-2
970	970	2
971	971	-2
972	972	-2
973	973	2
974	974	2
975	975	2
976	976	2
977	977	-2
978	978	2
979	979	2
980	980	-2
981	981	2
982	982	2
983	983	-2
984	984	2
985	985	2
986	986	2
987	987	2
988	988	2
989	989	-2
990	990	2
991	991	-2
992	992	-2
993	993	2
994	994	-2
995	995	2
996	996	-2
997	997	-2
998	998	-2
999	999	-2
1000	1000	-2
1001	1001	2
1002	1002	-2
1003	1003	-2
1004	1004	2
1005	1005	2
1006	1006	-2
1007	1007	2
1008	1008	2
1009	1009	2
1010	1010	-2
1011	1011	-2
1012	1012	-2
1013	1013	2
1014	1014	-2
1015	1015	2
1016	1016	-2
1017	1017	2
1018	1018	-2
1019	1019	-2
1020	1020	-2
1021	1021	-2
1022	1022	-2
1023	1023	2
1024	1024	-2
1	40	1
1	236	1
1	327	1
1	353	1
1	437	1
1	497	1
1	785	-2
1	825	-2
1	897	-2
2	59	1
2	93	1
2	175	1
2	367	1
2	451	1
2	454	1
2	610	-2
2	738	2
2	840	-2
3	21	1
3	39	1
3	118	1
3	155	1
3	367	1
3	374	1
3	623	-2
3	726	2
3	778	-2
4	227	1
4	289	1
4	290	1
4	353	1
4	355	1
4	424	1
4	528	-2
4	702	-2
4	881	-2
5	26	1
5	82	1
5	95	1
5	101	1
5	307	1
5	372	1
5	835	2
5	988	-2
5	1020	2
6	56	1
6	63	1
6	185	1
6	238	1
6	254	1
6	384	1
6	850	-2
6	874	-2
6	946	2
7	17	1
7	230	1
7	233	1
7	246	1
7	264	1
7	416	1
7	626	2
7	654	2
7	903	2
8	34	1
8	286	1
8	391	1
8	484	1
8	497	1
8	510	1
8	700	2
8	782	-2
8	864	2
9	229	1
9	286	1
9	395	1
9	405	1
9	438	1
9	496	1
9	544	-2
9	566	-2
9	812	2
10	42	1
10	67	1
10	184	1
10	339	1
10	428	1
10	459	1
10	516	-2
10	794	2
10	865	2
11	52	1
11	75	1
11	159	1
11	168	1
11	432	1
11	493	1
11	648	2
11	731	2
11	888	2
12	40	1
12	119	1
12	169	1
12	182	1
12	265	1
12	375	1
12	577	2
12	929	2
12	993	-2
13	61	1
13	100	1
13	117	1
13	206	1
13	457	1
13	471	1
13	670	-2
13	869	2
13	904	2
14	18	1
14	36	1
14	83	1
14	162	1
14	225	1
14	399	1
14	586	-2
14	637	-2
14	947	2
15	164	1
15	198	1
15	357	1
15	381	1
15	435	1
15	506	1
15	878	-2
15	936	-2
15	989	-2
16	32	1
16	58	1
16	178	1
16	192	1
16	197	1
16	452	1
16	615	-2
16	751	2
16	991	2
17	45	1
17	59	1
17	183	1
17	233	1
17	240	1
17	626	2
17	798	2
17	845	-2
18	61	1
18	190	1
18	225	1
18	245	1
18	314	1
18	697	-2
18	837	-2
18	947	2
19	135	1
19	201	1
19	250	1
19	290	1
19	354	1
19	506	1
19	574	2
19	802	-2
19	851	-2
20	32	1
20	41	1
20	153	1
20	169	1
20	470	1
20	473	1
20	530	2
20	625	-2
20	898	2
21	118	1
21	125	1
21	219	1
21	279	1
21	446	1
21	604	2
21	726	2
21	951	-2
22	93	1
22	126	1
22	149	1
22	256	1
22	325	1
22	487	1
22	718	2
22	724	2
22	813	2
23	28	1
23	92	1
23	116	1
23	277	1
23	343	1
23	392	1
23	558	-2
23	575	-2
23	744	-2
24	65	1
24	68	1
24	159	1
24	209	1
24	388	1
24	412	1
24	804	-2
24	982	2
24	1000	2
25	280	1
25	301	1
25	332	1
25	420	1
25	488	1
25	503	1
25	786	2
25	950	2
25	964	-2
26	31	1
26	307	1
26	322	1
26	363	1
26	380	1
26	757	-2
26	988	-2
26	990	2
27	51	1
27	81	1
27	91	1
27	225	1
27	349	1
27	494	1
27	581	-2
27	611	2
27	636	2
28	71	1
28	90	1
28	116	1
28	306	1
28	424	1
28	561	2
28	744	-2
28	954	-2
29	36	1
29	113	1
29	121	1
29	182	1
29	207	1
29	473	1
29	557	-2
29	582	-2
29	583	2
30	152	1
30	161	1
30	171	1
30	243	1
30	287	1
30	448	1
30	783	2
30	900	2
30	918	2
31	175	1
31	264	1
31	336	1
31	363	1
31	397	1
31	795	-2
31	889	-2
31	990	2
32	105	1
32	197	1
32	359	1
32	473	1
32	615	-2
32	625	-2
32	739	2
33	43	1
33	106	1
33	113	1
33	155	1
33	202	1
33	387	1
33	559	2
33	855	2
33	952	-2
34	96	1
34	194	1
34	244	1
34	339	1
34	391	1
34	525	2
34	782	-2
34	787	2
35	224	1
35	390	1
35	404	1
35	408	1
35	455	1
35	487	1
35	766	-2
35	772	-2
35	774	2
36	105	1
36	113	1
36	330	1
36	399	1
36	557	-2
36	586	-2
36	913	-2
37	163	1
37	189	1
37	215	1
37	300	1
37	355	1
37	414	1
37	545	-2
37	661	2
37	805	2
38	143	1
38	250	1
38	251	1
38	252	1
38	299	1
38	462	1
38	743	-2
38	789	2
38	828	2
39	47	1
39	99	1
39	269	1
39	367	1
39	512	1
39	623	-2
39	871	2
39	997	2
40	46	1
40	169	1
40	171	1
40	353	1
40	577	2
40	633	2
40	897	-2
41	136	1
41	362	1
41	470	1
41	481	1
41	502	1
41	530	2
41	679	2
41	685	-2
42	130	1
42	184	1
42	197	1
42	418	1
42	450	1
42	516	-2
42	620	2
42	833	2
43	58	1
43	78	1
43	180	1
43	387	1
43	436	1
43	552	2
43	759	2
43	952	-2
44	127	1
44	186	1
44	213	1
44	345	1
44	347	1
44	361	1
44	571	-2
44	603	2
44	856	2
45	59	1
45	98	1
45	316	1
45	341	1
45	379	1
45	797	2
45	798	2
45	830	-2
46	49	1
46	76	1
46	171	1
46	343	1
46	469	1
46	616	-2
46	633	2
46	704	2
47	160	1
47	219	1
47	387	1
47	408	1
47	512	1
47	538	-2
47	742	-2
47	997	2
48	117	1
48	220	1
48	308	1
48	356	1
48	478	1
48	480	1
48	527	-2
48	529	2
48	572	2
49	270	1
49	271	1
49	355	1
49	469	1
49	492	1
49	597	2
49	616	-2
49	893	-2
50	92	1
50	202	1
50	382	1
50	414	1
50	486	1
50	493	1
50	801	-2
50	820	2
50	932	2
51	54	1
51	225	1
51	229	1
51	277	1
51	333	1
51	611	2
51	659	-2
51	790	-2
52	66	1
52	101	1
52	432	1
52	442	1
52	478	1
52	631	-2
52	648	2
52	846	2
53	62	1
53	63	1
53	103	1
53	236	1
53	249	1
53	345	1
53	745	-2
53	928	-2
53	1014	2
54	107	1
54	161	1
54	333	1
54	411	1
54	453	1
54	790	-2
54	914	2
54	923	-2
55	74	1
55	170	1
55	267	1
55	398	1
55	401	1
55	445	1
55	711	-2
55	781	-2
55	919	-2
56	198	1
56	238	1
56	242	1
56	372	1
56	489	1
56	847	2
56	874	-2
56	994	2
57	77	1
57	270	1
57	279	1
57	280	1
57	284	1
57	293	1
57	696	2
57	701	-2
57	963	-2
58	192	1
58	247	1
58	436	1
58	442	1
58	751	2
58	759	2
58	973	2
59	175	1
59	427	1
59	465	1
59	610	-2
59	798	2
59	803	-2
60	143	1
60	271	1
60	275	1
60	400	1
60	403	1
60	431	1
60	556	-2
60	678	2
60	710	-2
61	122	1
61	190	1
61	206	1
61	230	1
61	522	2
61	697	-2
61	869	2
62	200	1
62	228	1
62	236	1
62	255	1
62	377	1
62	773	-2
62	839	-2
62	1014	2
63	86	1
63	185	1
63	345	1
63	464	1
63	740	2
63	928	-2
63	946	2
64	131	1
64	195	1
64	203	1
64	270	1
64	276	1
64	338	1
64	643	2
64	777	2
64	872	2
65	209	1
65	221	1
65	289	1
65	344	1
65	385	1
65	854	2
65	925	2
65	982	2
66	89	1
66	254	1
66	334	1
66	478	1
66	495	1
66	733	2
66	811	-2
66	846	2
67	173	1
67	309	1
67	324	1
67	362	1
67	428	1
67	767	2
67	794	2
67	965	2
68	138	1
68	224	1
68	412	1
68	483	1
68	490	1
68	551	-2
68	804	-2
68	879	-2
69	81	1
69	179	1
69	407	1
69	471	1
69	491	1
69	505	1
69	663	-2
69	867	-2
69	894	2
70	85	1
70	87	1
70	146	1
70	336	1
70	435	1
70	500	1
70	664	-2
70	961	-2
70	999	2
71	90	1
71	321	1
71	375	1
71	378	1
71	447	1
71	561	2
71	939	-2
71	981	2
72	91	1
72	129	1
72	433	1
72	467	1
72	481	1
72	504	1
72	716	-2
72	717	-2
72	920	2
73	82	1
73	257	1
73	273	1
73	306	1
73	318	1
73	449	1
73	521	-2
73	595	2
73	681	-2
74	172	1
74	261	1
74	369	1
74	415	1
74	445	1
74	535	-2
74	540	2
74	919	-2
75	150	1
75	357	1
75	363	1
75	493	1
75	508	1
75	568	2
75	731	2
75	748	-2
76	186	1
76	295	1
76	322	1
76	343	1
76	482	1
76	570	-2
76	591	2
76	704	2
77	78	1
77	165	1
77	284	1
77	358	1
77	412	1
77	569	-2
77	696	2
77	895	-2
78	151	1
78	180	1
78	337	1
78	412	1
78	552	2
78	569	-2
78	808	-2
79	127	1
79	138	1
79	191	1
79	272	1
79	298	1
79	421	1
79	614	2
79	653	-2
79	915	-2
80	98	1
80	181	1
80	188	1
80	192	1
80	407	1
80	411	1
80	858	2
80	907	-2
80	1013	-2
81	173	1
81	179	1
81	349	1
81	383	1
81	636	2
81	832	-2
81	867	-2
82	101	1
82	192	1
82	263	1
82	306	1
82	618	2
82	681	-2
82	835	2
83	162	1
83	227	1
83	232	1
83	372	1
83	407	1
83	578	2
83	637	-2
83	953	-2
84	178	1
84	204	1
84	209	1
84	292	1
84	322	1
84	507	1
84	613	-2
84	632	2
84	868	-2
85	92	1
85	332	1
85	336	1
85	386	1
85	453	1
85	594	-2
85	664	-2
85	713	-2
86	97	1
86	256	1
86	456	1
86	464	1
86	492	1
86	645	-2
86	740	2
86	891	-2
87	250	1
87	434	1
87	485	1
87	498	1
87	500	1
87	792	2
87	961	-2
87	969	2
88	102	1
88	317	1
88	399	1
88	405	1
88	458	1
88	477	1
88	809	2
88	823	2
88	910	2
89	136	1
89	152	1
89	248	1
89	334	1
89	428	1
89	608	-2
89	764	2
89	811	-2
90	201	1
90	259	1
90	334	1
90	463	1
90	550	2
90	561	2
90	922	2
91	302	1
91	425	1
91	467	1
91	494	1
91	581	-2
91	716	-2
91	834	-2
92	277	1
92	453	1
92	493	1
92	575	-2
92	594	-2
92	801	-2
93	115	1
93	243	1
93	454	1
93	487	1
93	531	2
93	724	2
93	738	2
94	258	1
94	320	1
94	361	1
94	368	1
94	370	1
94	456	1
94	630	-2
94	749	-2
94	780	2
95	124	1
95	141	1
95	157	1
95	372	1
95	388	1
95	672	2
95	770	2
95	1020	2
96	107	1
96	108	1
96	194	1
96	265	1
96	369	1
96	539	-2
96	671	2
96	787	2
97	127	1
97	224	1
97	388	1
97	456	1
97	464	1
97	815	-2
97	891	-2
97	1007	2
98	316	1
98	348	1
98	411	1
98	470	1
98	824	-2
98	830	-2
98	907	-2
99	216	1
99	269	1
99	313	1
99	441	1
99	468	1
99	727	2
99	871	2
99	938	2
100	234	1
100	266	1
100	273	1
100	337	1
100	471	1
100	842	2
100	904	2
100	930	2
101	102	1
101	398	1
101	442	1
101	580	2
101	631	-2
101	835	2
102	145	1
102	303	1
102	317	1
102	398	1
102	580	2
102	809	2
102	966	-2
103	214	1
103	220	1
103	249	1
103	350	1
103	500	1
103	745	-2
103	972	2
103	986	2
104	119	1
104	177	1
104	226	1
104	238	1
104	474	1
104	485	1
104	532	2
104	725	-2
104	762	2
105	189	1
105	330	1
105	337	1
105	359	1
105	739	2
105	913	-2
105	944	2
106	113	1
106	132	1
106	206	1
106	405	1
106	417	1
106	752	2
106	852	-2
106	855	2
107	180	1
107	369	1
107	444	1
107	453	1
107	539	-2
107	656	-2
107	923	-2
108	205	1
108	265	1
108	401	1
108	431	1
108	501	1
108	671	2
108	885	-2
108	916	2
109	211	1
109	300	1
109	327	1
109	361	1
109	478	1
109	499	1
109	587	-2
109	624	-2
109	729	2
110	162	1
110	168	1
110	169	1
110	181	1
110	396	1
110	436	1
110	541	2
110	676	2
110	707	-2
111	126	1
111	307	1
111	377	1
111	439	1
111	494	1
111	505	1
111	537	-2
111	887	-2
111	948	2
112	157	1
112	199	1
112	206	1
112	409	1
112	417	1
112	433	1
112	814	-2
112	980	2
112	1009	-2
113	347	1
113	424	1
113	557	-2
113	855	2
113	962	2
114	139	1
114	226	1
114	267	1
114	290	1
114	333	1
114	483	1
114	573	2
114	949	-2
114	959	2
115	236	1
115	243	1
115	244	1
115	380	1
115	512	1
115	531	2
115	706	2
115	960	2
116	161	1
116	347	1
116	443	1
116	461	1
116	647	2
116	744	-2
116	956	2
117	167	1
117	171	1
117	457	1
117	478	1
117	572	2
117	670	-2
117	674	-2
118	233	1
118	368	1
118	371	1
118	449	1
118	698	-2
118	726	2
118	866	-2
119	149	1
119	320	1
119	375	1
119	485	1
119	532	2
119	843	-2
119	993	-2
120	122	1
120	140	1
120	149	1
120	183	1
120	210	1
120	452	1
120	880	-2
120	934	-2
120	992	2
121	147	1
121	165	1
121	194	1
121	325	1
121	473	1
121	549	-2
121	582	-2
121	691	2
122	183	1
122	230	1
122	237	1
122	371	1
122	522	2
122	651	-2
122	880	-2
123	148	1
123	193	1
123	314	1
123	360	1
123	445	1
123	458	1
123	859	-2
123	863	-2
123	941	2
124	154	1
124	157	1
124	231	1
124	257	1
124	294	1
124	708	-2
124	770	2
124	1008	2
125	208	1
125	219	1
125	283	1
125	378	1
125	467	1
125	604	2
125	646	-2
125	784	-2
126	305	1
126	325	1
126	333	1
126	494	1
126	533	-2
126	537	-2
126	813	2
127	191	1
127	224	1
127	345	1
127	614	2
127	856	2
127	1007	2
128	157	1
128	214	1
128	285	1
128	426	1
128	437	1
128	447	1
128	542	-2
128	722	2
128	862	2
129	203	1
129	234	1
129	413	1
129	433	1
129	453	1
129	567	2
129	769	-2
129	920	2
130	232	1
130	329	1
130	398	1
130	418	1
130	440	1
130	819	2
130	833	2
130	1001	2
131	170	1
131	195	1
131	392	1
131	396	1
131	485	1
131	872	2
131	876	-2
131	977	2
132	156	1
132	326	1
132	389	1
132	405	1
132	467	1
132	709	2
132	752	2
132	984	-2
133	137	1
133	175	1
133	223	1
133	272	1
133	282	1
133	369	1
133	596	2
133	853	-2
133	908	2
134	163	1
134	217	1
134	381	1
134	462	1
134	465	1
134	509	1
134	590	-2
134	665	-2
134	899	2
135	293	1
135	297	1
135	354	1
135	365	1
135	429	1
135	560	2
135	574	2
135	971	-2
136	302	1
136	406	1
136	428	1
136	481	1
136	685	-2
136	764	2
136	998	-2
137	237	1
137	272	1
137	309	1
137	408	1
137	484	1
137	543	2
137	853	-2
137	861	-2
138	224	1
138	319	1
138	421	1
138	511	1
138	653	-2
138	879	-2
138	937	2
139	184	1
139	222	1
139	333	1
139	462	1
139	503	1
139	573	2
139	732	2
139	761	2
140	208	1
140	210	1
140	409	1
140	465	1
140	472	1
140	667	-2
140	857	2
140	992	2
141	182	1
141	199	1
141	258	1
141	388	1
141	454	1
141	672	2
141	911	-2
141	1003	-2
142	178	1
142	311	1
142	344	1
142	350	1
142	425	1
142	474	1
142	870	-2
142	979	2
142	1021	-2
143	221	1
143	271	1
143	281	1
143	299	1
143	710	-2
143	828	2
143	836	2
144	216	1
144	335	1
144	354	1
144	418	1
144	460	1
144	491	1
144	518	2
144	588	-2
144	844	2
145	204	1
145	241	1
145	303	1
145	313	1
145	370	1
145	584	2
145	966	-2
145	996	2
146	179	1
146	230	1
146	352	1
146	435	1
146	456	1
146	758	-2
146	999	2
146	1018	2
147	165	1
147	263	1
147	406	1
147	410	1
147	457	1
147	691	2
147	699	2
147	942	2
148	158	1
148	193	1
148	296	1
148	303	1
148	334	1
148	515	2
148	793	2
148	941	2
149	256	1
149	320	1
149	452	1
149	718	2
149	843	-2
149	934	-2
150	187	1
150	242	1
150	260	1
150	357	1
150	364	1
150	748	-2
150	818	-2
150	995	-2
151	195	1
151	218	1
151	337	1
151	348	1
151	488	1
151	682	2
151	737	2
151	808	-2
152	171	1
152	248	1
152	265	1
152	354	1
152	608	-2
152	783	2
152	935	2
153	169	1
153	187	1
153	231	1
153	366	1
153	498	1
153	546	2
153	600	-2
153	898	2
154	176	1
154	191	1
154	216	1
154	294	1
154	507	1
154	555	-2
154	668	-2
154	1008	2
155	202	1
155	374	1
155	466	1
155	482	1
155	559	2
155	778	-2
155	957	-2
156	288	1
156	381	1
156	441	1
156	467	1
156	486	1
156	694	-2
156	709	2
156	760	-2
157	409	1
157	437	1
157	542	-2
157	770	2
157	814	-2
158	233	1
158	240	2
158	303	1
158	312	1
158	515	2
158	644	2
158	883	-2
159	168	1
159	172	1
159	388	1
159	403	1
159	768	2
159	888	2
159	1000	2
160	219	1
160	271	1
160	315	1
160	404	1
160	415	1
160	517	-2
160	629	-2
160	742	-2
161	243	1
161	411	1
161	461	1
161	914	2
161	918	2
161	956	2
162	181	1
162	203	1
162	475	1
162	637	-2
162	676	2
162	1004	-2
163	199	1
163	215	1
163	348	1
163	381	1
163	590	-2
163	805	2
163	1002	2
164	274	1
164	292	1
164	384	1
164	461	1
164	506	1
164	827	-2
164	940	2
164	989	-2
165	294	1
165	358	1
165	508	1
165	691	2
165	747	-2
165	895	-2
166	196	1
166	276	1
166	285	1
166	356	1
166	416	1
166	455	1
166	756	2
166	816	2
166	896	-2
167	171	1
167	177	1
167	268	1
167	287	1
167	446	1
167	526	2
167	674	-2
167	750	2
168	310	1
168	383	1
168	436	1
168	707	-2
168	829	-2
168	888	2
169	396	1
169	541	2
169	577	2
169	898	2
170	235	1
170	356	1
170	392	1
170	398	1
170	589	-2
170	781	-2
170	977	2
171	633	2
171	674	-2
171	783	2
172	261	1
172	403	1
172	422	1
172	493	1
172	540	2
172	768	2
172	807	-2
173	351	1
173	362	1
173	383	1
173	460	1
173	720	-2
173	832	-2
173	965	2
174	188	1
174	198	1
174	205	1
174	284	1
174	318	1
174	412	1
174	519	-2
174	686	-2
174	817	2
175	223	1
175	397	1
175	610	-2
175	889	-2
175	908	2
176	191	1
176	218	1
176	253	1
176	426	1
176	481	1
176	514	2
176	668	-2
176	810	-2
177	213	1
177	215	1
177	268	1
177	474	1
177	526	2
177	725	-2
177	983	-2
178	292	1
178	311	1
178	452	1
178	632	2
178	870	-2
178	991	2
179	230	1
179	291	1
179	302	1
179	867	-2
179	886	-2
179	1018	2
180	190	1
180	217	1
180	444	1
180	552	2
180	656	-2
180	771	-2
181	188	1
181	342	1
181	499	1
181	553	2
181	676	2
181	1013	-2
182	207	1
182	258	1
182	265	1
182	583	2
182	911	-2
182	929	2
183	240	1
183	277	1
183	469	1
183	622	-2
183	845	-2
183	880	-2
184	438	1
184	443	1
184	462	1
184	516	-2
184	761	2
184	1005	2
185	304	1
185	323	1
185	445	1
185	490	1
185	838	2
185	877	2
185	946	2
186	242	1
186	322	1
186	361	1
186	499	1
186	571	-2
186	591	2
186	1019	-2
187	242	1
187	423	1
187	466	1
187	498	1
187	600	-2
187	635	-2
187	995	-2
188	262	1
188	285	1
188	412	1
188	519	-2
188	1013	-2
188	1023	-2
189	297	1
189	337	1
189	394	1
189	414	1
189	545	-2
189	675	-2
189	944	2
190	217	2
190	419	1
190	669	2
190	697	-2
190	771	-2
191	293	1
191	434	1
191	614	2
191	668	-2
191	721	2
192	263	1
192	407	1
192	618	2
192	751	2
192	858	2
193	259	1
193	263	1
193	396	1
193	451	1
193	562	-2
193	735	-2
193	941	2
194	251	1
194	325	1
194	444	1
194	549	-2
194	787	2
194	906	-2
195	248	1
195	349	1
195	488	1
195	682	2
195	763	-2
195	872	2
196	326	1
196	356	1
196	378	1
196	390	1
196	422	1
196	683	-2
196	684	-2
196	816	2
197	241	1
197	338	1
197	450	1
197	615	-2
197	620	2
197	690	2
198	318	1
198	372	1
198	435	1
198	817	2
198	847	2
198	936	-2
199	348	1
199	417	1
199	454	1
199	1002	2
199	1003	-2
199	1009	-2
200	255	1
200	299	1
200	429	1
200	496	1
200	506	1
200	641	2
200	746	2
200	839	-2
201	416	1
201	463	1
201	506	1
201	509	1
201	550	2
201	851	-2
201	985	-2
202	220	1
202	313	1
202	382	1
202	559	2
202	820	2
202	978	2
203	276	1
203	413	1
203	475	1
203	769	-2
203	777	2
203	1004	-2
204	241	1
204	387	1
204	476	1
204	507	1
204	613	-2
204	619	-2
204	996	2
205	235	1
205	284	1
205	431	1
205	508	1
205	686	-2
205	916	2
205	1011	-2
206	417	1
206	433	1
206	852	-2
206	869	2
206	980	2
207	312	1
207	358	1
207	404	1
207	444	1
207	583	2
207	677	-2
207	968	-2
208	283	1
208	419	1
208	472	1
208	490	1
208	755	-2
208	784	-2
208	857	2
209	322	1
209	452	1
209	489	1
209	868	-2
209	875	-2
209	982	2
210	287	1
210	383	1
210	393	1
210	437	1
210	628	-2
210	754	2
210	992	2
211	223	1
211	246	1
211	327	1
211	329	1
211	415	1
211	587	-2
211	765	2
211	1012	-2
212	225	1
212	244	1
212	321	1
212	349	1
212	423	1
212	441	1
212	563	2
212	945	-2
212	1006	-2
213	215	1
213	335	1
213	347	1
213	420	1
213	603	2
213	715	-2
213	983	-2
214	220	1
214	285	1
214	431	1
214	503	1
214	722	2
214	892	2
214	986	2
215	401	1
215	434	1
215	657	-2
215	805	2
215	983	-2
216	313	1
216	335	1
216	507	1
216	555	-2
216	727	2
216	844	2
217	419	1
217	462	1
217	665	-2
217	669	2
217	771	-2
218	341	1
218	348	1
218	460	1
218	481	1
218	737	2
218	791	2
218	810	-2
219	228	1
219	386	1
219	604	2
219	621	2
219	742	-2
220	308	1
220	313	1
220	527	-2
220	978	2
220	986	2
221	281	1
221	289	1
221	305	1
221	315	1
221	836	2
221	849	-2
221	925	2
222	308	1
222	330	1
222	353	1
222	427	1
222	503	1
222	565	-2
222	695	2
222	732	2
223	246	1
223	373	1
223	385	1
223	585	2
223	765	2
223	908	2
224	487	1
224	772	-2
224	879	-2
224	1007	2
225	441	1
225	611	2
225	947	2
225	1006	-2
226	238	1
226	389	1
226	483	1
226	486	1
226	536	-2
226	762	2
226	949	-2
227	299	1
227	324	1
227	355	1
227	372	1
227	634	-2
227	881	-2
227	953	-2
228	269	1
228	377	1
228	386	1
228	393	1
228	621	2
228	773	-2
228	970	-2
229	277	1
229	294	1
229	328	1
229	496	1
229	544	-2
229	659	-2
229	692	-2
230	246	1
230	522	2
230	654	2
230	1018	2
231	257	1
231	259	1
231	366	1
231	442	1
231	546	2
231	708	-2
231	775	-2
232	278	1
232	283	1
232	398	1
232	407	1
232	578	2
232	819	2
232	884	2
233	240	1
233	449	1
233	626	2
233	644	2
233	866	-2
234	252	1
234	266	1
234	341	1
234	453	1
234	567	2
234	831	-2
234	930	2
235	247	1
235	356	1
235	454	1
235	508	1
235	524	2
235	589	-2
235	1011	-2
236	497	1
236	512	1
236	706	2
236	825	-2
236	1014	2
237	371	1
237	395	1
237	408	1
237	413	1
237	513	-2
237	651	-2
237	861	-2
238	466	1
238	507	1
238	762	2
238	874	-2
238	1015	-2
239	252	1
239	288	1
239	298	1
239	335	1
239	451	1
239	459	1
239	601	2
239	617	2
239	728	-2
240	312	1
240	644	2
240	845	-2
240	883	-2
241	276	1
241	338	1
241	340	1
241	638	2
241	690	2
241	996	2
242	489	1
242	499	1
242	994	2
242	995	-2
242	1019	-2
243	281	1
243	471	1
243	531	2
243	918	2
243	1017	2
244	321	1
244	339	1
244	380	1
244	525	2
244	945	-2
244	960	2
245	305	1
245	314	1
245	402	1
245	430	1
245	502	1
245	680	2
245	837	-2
245	905	2
246	414	1
246	469	1
246	564	2
246	654	2
246	765	2
247	301	1
247	442	1
247	450	1
247	454	1
247	524	2
247	606	2
247	973	2
248	273	1
248	349	1
248	413	1
248	599	-2
248	608	-2
248	763	-2
249	379	1
249	432	1
249	477	1
249	501	1
249	554	2
249	745	-2
249	987	-2
250	290	1
250	434	1
250	462	1
250	743	-2
250	792	2
250	802	-2
251	252	1
251	267	1
251	444	1
251	449	1
251	789	2
251	848	2
251	906	-2
252	288	1
252	341	1
252	601	2
252	789	2
252	831	-2
253	345	1
253	346	1
253	380	1
253	426	1
253	489	1
253	514	2
253	523	-2
253	901	-2
254	291	1
254	384	1
254	479	1
254	495	1
254	687	-2
254	733	2
254	850	-2
255	260	1
255	278	1
255	331	1
255	476	1
255	534	-2
255	839	-2
255	943	2
256	330	1
256	359	1
256	492	1
256	598	2
256	645	-2
256	718	2
257	318	1
257	327	1
257	502	1
257	521	-2
257	703	-2
257	708	-2
258	311	1
258	368	1
258	504	1
258	630	-2
258	799	-2
258	911	-2
259	334	1
259	442	1
259	451	1
259	562	-2
259	775	-2
259	922	2
260	278	1
260	364	1
260	371	1
260	482	1
260	534	-2
260	579	-2
260	818	-2
261	274	1
261	318	1
261	323	1
261	439	1
261	540	2
261	627	-2
261	734	2
262	283	1
262	285	1
262	351	1
262	382	1
262	432	1
262	658	-2
262	736	2
262	1023	-2
263	396	1
263	406	1
263	618	2
263	735	-2
263	942	2
264	325	1
264	336	1
264	416	1
264	479	1
264	650	2
264	795	-2
264	903	2
265	354	1
265	671	2
265	929	2
265	935	2
266	278	1
266	365	1
266	457	1
266	461	1
266	548	2
266	821	-2
266	930	2
267	290	1
267	401	1
267	449	1
267	711	-2
267	848	2
267	959	2
268	280	1
268	300	1
268	324	1
268	509	1
268	526	2
268	652	2
268	712	2
269	357	1
269	393	1
269	427	1
269	593	2
269	871	2
269	970	-2
270	271	1
270	280	1
270	338	1
270	597	2
270	643	2
270	963	-2
271	415	1
271	517	-2
271	597	2
271	710	-2
272	298	1
272	410	1
272	510	1
272	788	2
272	853	-2
272	915	-2
273	337	1
273	413	1
273	449	1
273	595	2
273	599	-2
273	842	2
274	379	1
274	384	1
274	439	1
274	511	1
274	734	2
274	921	2
274	940	2
275	370	1
275	385	1
275	431	1
275	440	1
275	443	1
275	556	-2
275	688	-2
275	975	2
276	340	1
276	455	1
276	638	2
276	756	2
276	777	2
277	469	1
277	575	-2
277	622	-2
277	659	-2
278	283	1
278	457	1
278	534	-2
278	548	2
278	884	2
279	293	1
279	306	1
279	376	1
279	446	1
279	520	2
279	701	-2
279	951	-2
280	324	1
280	332	1
280	712	2
280	963	-2
280	964	-2
281	284	1
281	471	1
281	474	1
281	836	2
281	909	-2
281	1017	2
282	321	1
282	369	1
282	402	1
282	410	1
282	488	1
282	596	2
282	902	-2
282	1010	-2
283	351	1
283	736	2
283	784	-2
283	884	2
284	474	1
284	686	-2
284	696	2
284	909	-2
285	416	1
285	722	2
285	896	-2
285	1023	-2
286	395	1
286	483	1
286	484	2
286	566	-2
286	800	-2
286	864	2
287	393	1
287	446	1
287	448	1
287	628	-2
287	750	2
287	900	2
288	376	1
288	433	1
288	441	1
288	601	2
288	694	-2
288	976	-2
289	290	1
289	339	1
289	397	1
289	528	-2
289	917	2
289	925	2
290	528	-2
290	802	-2
290	959	2
291	295	1
291	302	1
291	315	1
291	479	1
291	673	2
291	687	-2
291	886	-2
292	386	1
292	399	1
292	461	1
292	632	2
292	776	2
292	827	-2
293	365	1
293	434	1
293	560	2
293	701	-2
293	721	2
294	328	1
294	508	1
294	692	-2
294	747	-2
294	1008	2
295	307	1
295	315	1
295	463	1
295	482	1
295	570	-2
295	605	2
295	673	2
296	334	1
296	338	1
296	352	1
296	366	1
296	428	1
296	662	-2
296	793	2
296	931	-2
297	394	1
297	429	1
297	455	1
297	464	1
297	649	2
297	675	-2
297	971	-2
298	335	1
298	373	1
298	473	1
298	728	-2
298	873	-2
298	915	-2
299	324	1
299	429	1
299	634	-2
299	641	2
299	828	2
300	355	1
300	478	1
300	509	1
300	652	2
300	661	2
300	729	2
301	319	1
301	360	1
301	450	1
301	503	1
301	606	2
301	786	2
301	924	2
302	406	1
302	425	1
302	834	-2
302	886	-2
302	998	-2
303	329	1
303	331	1
303	515	2
303	955	-2
303	966	-2
304	351	1
304	411	1
304	423	1
304	439	1
304	490	1
304	796	2
304	826	2
304	877	2
305	315	1
305	333	1
305	502	1
305	533	-2
305	849	-2
305	905	2
306	376	1
306	424	1
306	520	2
306	681	-2
306	954	-2
307	463	1
307	505	1
307	605	2
307	887	-2
307	988	-2
308	331	1
308	403	1
308	427	1
308	527	-2
308	660	-2
308	695	2
309	324	1
309	468	1
309	480	1
309	484	1
309	543	2
309	693	2
309	767	2
310	336	1
310	344	1
310	365	1
310	383	1
310	496	1
310	607	-2
310	829	-2
310	974	-2
311	368	1
311	491	1
311	504	1
311	799	-2
311	870	-2
311	1024	2
312	346	1
312	404	1
312	468	1
312	883	-2
312	967	-2
312	968	-2
313	370	1
313	584	2
313	727	2
313	978	2
314	409	1
314	417	1
314	445	1
314	705	-2
314	837	-2
314	863	-2
315	404	1
315	629	-2
315	673	2
315	849	-2
316	342	1
316	358	1
316	359	1
316	397	1
316	806	-2
316	830	-2
316	841	2
317	319	1
317	328	1
317	346	1
317	475	1
317	612	2
317	730	-2
317	809	2
318	323	1
318	521	-2
318	627	-2
318	817	2
319	360	1
319	475	1
319	511	1
319	612	2
319	924	2
319	937	2
320	421	1
320	425	1
320	456	1
320	689	2
320	749	-2
320	843	-2
321	375	1
321	410	1
321	902	-2
321	939	-2
321	945	-2
322	380	1
322	591	2
322	757	-2
322	868	-2
323	350	1
323	394	1
323	445	1
323	547	-2
323	627	-2
323	838	2
324	634	-2
324	712	2
324	767	2
325	479	1
325	549	-2
325	650	2
325	813	2
326	389	1
326	390	1
326	393	1
326	422	1
326	609	2
326	683	-2
326	984	-2
327	437	1
327	502	1
327	587	-2
327	703	-2
327	785	-2
328	346	1
328	487	1
328	505	1
328	692	-2
328	723	-2
328	730	-2
329	331	1
329	415	1
329	440	1
329	955	-2
329	1001	2
329	1012	-2
330	353	1
330	359	1
330	565	-2
330	598	2
330	913	-2
331	403	1
331	476	1
331	660	-2
331	943	2
331	955	-2
332	364	1
332	386	1
332	512	1
332	592	2
332	713	-2
332	964	-2
333	533	-2
333	573	2
333	790	-2
334	793	2
334	811	-2
334	922	2
335	420	1
335	715	-2
335	728	-2
335	844	2
336	496	1
336	664	-2
336	795	-2
336	974	-2
337	808	-2
337	842	2
337	944	2
338	352	1
338	643	2
338	690	2
338	931	-2
339	397	1
339	459	1
339	525	2
339	865	2
339	917	2
340	406	1
340	418	1
340	435	1
340	510	1
340	638	2
340	640	-2
340	719	-2
341	379	1
341	460	1
341	791	2
341	797	2
341	831	-2
342	390	1
342	395	1
342	397	1
342	499	1
342	553	2
342	841	2
342	958	-2
343	375	1
343	392	2
343	558	-2
343	655	-2
343	704	2
344	365	1
344	385	1
344	474	1
344	607	-2
344	854	2
344	1021	-2
345	346	1
345	856	2
345	901	-2
345	928	-2
346	468	1
346	730	-2
346	901	-2
346	967	-2
347	424	1
347	443	1
347	603	2
347	647	2
347	962	2
348	470	1
348	737	2
348	824	-2
348	1002	2
349	423	1
349	563	2
349	636	2
349	763	-2
350	394	1
350	425	1
350	500	1
350	547	-2
350	972	2
350	979	2
351	423	1
351	460	1
351	720	-2
351	736	2
351	826	2
352	456	1
352	500	1
352	504	1
352	758	-2
352	779	2
352	931	-2
353	424	1
353	565	-2
353	702	-2
353	897	-2
354	491	1
354	574	2
354	588	-2
354	935	2
355	492	1
355	661	2
355	881	-2
355	893	-2
356	480	1
356	529	2
356	589	-2
356	816	2
357	381	1
357	427	1
357	593	2
357	748	-2
357	878	-2
358	359	1
358	444	1
358	677	-2
358	806	-2
358	895	-2
359	598	2
359	739	2
359	806	-2
360	374	1
360	458	1
360	477	1
360	859	-2
360	924	2
360	1022	-2
361	370	1
361	499	1
361	571	-2
361	624	-2
361	780	2
362	391	1
362	475	1
362	502	1
362	666	2
362	679	2
362	965	2
363	389	1
363	430	1
363	508	1
363	568	2
363	822	2
363	990	2
364	382	1
364	472	1
364	512	1
364	592	2
364	818	-2
364	927	2
365	461	1
365	560	2
365	607	-2
365	821	-2
366	428	1
366	480	1
366	492	1
366	546	2
366	662	-2
366	926	-2
367	374	1
367	451	1
367	494	1
367	623	-2
367	639	-2
367	840	-2
368	371	1
368	491	1
368	630	-2
368	698	-2
368	1024	2
369	415	1
369	535	-2
369	539	-2
369	596	2
370	385	1
370	584	2
370	688	-2
370	780	2
371	482	1
371	579	-2
371	651	-2
371	698	-2
372	847	2
372	953	-2
372	1020	2
373	385	1
373	448	1
373	473	1
373	498	1
373	585	2
373	873	-2
373	890	-2
374	477	1
374	494	1
374	639	-2
374	778	-2
374	1022	-2
375	392	1
375	655	-2
375	939	-2
375	993	-2
376	421	1
376	433	1
376	459	1
376	520	2
376	602	2
376	976	-2
377	439	1
377	447	1
377	495	1
377	773	-2
377	882	-2
377	948	2
378	422	1
378	447	1
378	467	1
378	646	-2
378	684	-2
378	981	2
379	432	1
379	511	1
379	797	2
379	921	2
379	987	-2
380	489	1
380	523	-2
380	757	-2
380	960	2
381	486	1
381	590	-2
381	760	-2
381	878	-2
382	432	1
382	472	1
382	658	-2
382	820	2
382	927	2
383	437	1
383	754	2
383	829	-2
383	832	-2
384	426	1
384	501	1
384	753	-2
384	850	-2
384	940	2
385	585	2
385	688	-2
385	854	2
386	399	1
386	621	2
386	713	-2
386	776	2
387	408	1
387	476	1
387	538	-2
387	619	-2
387	952	-2
388	464	1
388	672	2
388	815	-2
388	1000	2
389	430	1
389	486	1
389	536	-2
389	822	2
389	984	-2
390	395	1
390	455	1
390	683	-2
390	774	2
390	958	-2
391	438	1
391	450	1
391	475	1
391	642	2
391	666	2
391	782	-2
392	558	-2
392	655	-2
392	977	2
393	422	1
393	609	2
393	628	-2
393	970	-2
394	402	1
394	479	1
394	547	-2
394	675	-2
394	912	-2
395	413	1
395	513	-2
395	566	-2
395	958	-2
396	485	1
396	541	2
396	735	-2
396	876	-2
397	841	2
397	889	-2
397	917	2
398	580	2
398	781	-2
398	819	2
399	458	1
399	586	-2
399	776	2
399	910	2
400	403	1
400	429	1
400	440	1
400	448	1
400	463	1
400	678	2
400	714	2
400	741	-2
401	434	1
401	501	1
401	657	-2
401	711	-2
401	885	-2
402	430	1
402	479	1
402	488	1
402	680	2
402	912	-2
402	1010	-2
403	660	-2
403	678	2
403	768	2
404	408	1
404	629	-2
404	766	-2
404	968	-2
405	438	1
405	477	1
405	752	2
405	812	2
405	823	2
406	510	1
406	719	-2
406	942	2
406	998	-2
407	491	1
407	578	2
407	858	2
407	894	2
408	538	-2
408	766	-2
408	861	-2
409	417	1
409	465	1
409	667	-2
409	705	-2
409	814	-2
410	457	1
410	510	1
410	699	2
410	788	2
410	902	-2
411	439	1
411	796	2
411	907	-2
411	914	2
412	519	-2
412	569	-2
412	804	-2
413	513	-2
413	599	-2
413	769	-2
414	469	1
414	486	1
414	545	-2
414	564	2
414	932	2
415	517	-2
415	535	-2
415	1012	-2
416	509	1
416	896	-2
416	903	2
416	985	-2
417	705	-2
417	852	-2
417	1009	-2
418	435	1
418	460	1
418	518	2
418	640	-2
418	833	2
419	430	1
419	490	1
419	495	1
419	669	2
419	755	-2
419	1016	-2
420	436	1
420	488	1
420	511	1
420	576	2
420	715	-2
420	950	2
421	425	1
421	459	1
421	602	2
421	653	-2
421	689	2
422	493	1
422	609	2
422	684	-2
422	807	-2
423	466	1
423	563	2
423	635	-2
423	826	2
424	702	-2
424	954	-2
424	962	2
425	689	2
425	834	-2
425	979	2
426	447	1
426	501	1
426	514	2
426	753	-2
426	862	2
427	465	1
427	593	2
427	695	2
427	803	-2
428	662	-2
428	764	2
428	794	2
429	440	1
429	641	2
429	714	2
429	971	-2
430	495	1
430	680	2
430	822	2
430	1016	-2
431	503	1
431	556	-2
431	892	2
431	916	2
432	648	2
432	658	-2
432	987	-2
433	920	2
433	976	-2
433	980	2
434	657	-2
434	721	2
434	792	2
435	640	-2
435	936	-2
435	999	2
436	511	1
436	576	2
436	707	-2
436	759	2
437	542	-2
437	754	2
437	785	-2
438	443	1
438	450	1
438	642	2
438	812	2
438	1005	2
439	734	2
439	796	2
439	948	2
440	443	1
440	714	2
440	975	2
440	1001	2
441	468	1
441	694	-2
441	938	2
441	1006	-2
442	631	-2
442	775	-2
442	973	2
443	647	2
443	975	2
443	1005	2
444	656	-2
444	677	-2
444	906	-2
445	838	2
445	863	-2
445	919	-2
446	458	1
446	470	1
446	750	2
446	860	2
446	951	-2
447	495	1
447	862	2
447	882	-2
447	981	2
448	463	1
448	498	1
448	741	-2
448	890	-2
448	900	2
449	595	2
449	848	2
449	866	-2
450	606	2
450	620	2
450	642	2
451	459	1
451	562	-2
451	617	2
451	840	-2
452	489	1
452	875	-2
452	934	-2
452	991	2
453	567	2
453	594	-2
453	923	-2
454	524	2
454	738	2
454	1003	-2
455	464	1
455	649	2
455	756	2
455	774	2
456	749	-2
456	758	-2
456	891	-2
457	548	2
457	670	-2
457	699	2
458	470	1
458	859	-2
458	860	2
458	910	2
459	602	2
459	617	2
459	865	2
460	518	2
460	720	-2
460	791	2
461	821	-2
461	827	-2
461	956	2
462	665	-2
462	743	-2
462	761	2
463	550	2
463	605	2
463	741	-2
464	649	2
464	740	2
464	815	-2
465	509	1
465	667	-2
465	803	-2
465	899	2
466	482	1
466	507	1
466	635	-2
466	957	-2
466	1015	-2
467	646	-2
467	709	2
467	716	-2
468	480	1
468	693	2
468	938	2
468	967	-2
469	564	2
469	616	-2
469	622	-2
470	530	2
470	824	-2
470	860	2
471	505	1
471	663	-2
471	904	2
471	1017	2
472	476	1
472	497	1
472	857	2
472	927	2
472	933	-2
473	582	-2
473	625	-2
473	873	-2
474	725	-2
474	909	-2
474	1021	-2
475	612	2
475	666	2
475	1004	-2
476	497	1
476	619	-2
476	933	-2
476	943	2
477	501	1
477	554	2
477	823	2
477	1022	-2
478	572	2
478	729	2
478	846	2
479	650	2
479	687	-2
479	912	-2
480	492	1
480	529	2
480	693	2
480	926	-2
481	504	1
481	685	-2
481	717	-2
481	810	-2
482	570	-2
482	579	-2
482	957	-2
483	484	1
483	490	1
483	551	-2
483	800	-2
483	949	-2
484	543	2
484	800	-2
484	864	2
485	498	1
485	532	2
485	876	-2
485	969	2
486	536	-2
486	760	-2
486	932	2
487	505	1
487	723	-2
487	724	2
487	772	-2
488	682	2
488	950	2
488	1010	-2
489	523	-2
489	875	-2
489	994	2
490	551	-2
490	755	-2
490	877	2
491	588	-2
491	894	2
491	1024	2
492	645	-2
492	893	-2
492	926	-2
493	731	2
493	801	-2
493	807	-2
494	537	-2
494	581	-2
494	639	-2
495	733	2
495	882	-2
495	1016	-2
496	506	1
496	544	-2
496	746	2
496	974	-2
497	510	1
497	700	2
497	825	-2
497	933	-2
498	600	-2
498	890	-2
498	969	2
499	553	2
499	624	-2
499	1019	-2
500	504	1
500	779	2
500	961	-2
500	972	2
501	554	2
501	753	-2
501	885	-2
502	679	2
502	703	-2
502	905	2
503	732	2
503	786	2
503	892	2
504	717	-2
504	779	2
504	799	-2
505	663	-2
505	723	-2
505	887	-2
506	746	2
506	851	-2
506	989	-2
507	555	-2
507	613	-2
507	1015	-2
508	568	2
508	747	-2
508	1011	-2
509	652	2
509	899	2
509	985	-2
510	700	2
510	719	-2
510	788	2
511	576	2
511	921	2
511	937	2
512	592	2
512	706	2
512	997	2
