1	1	-1
2	2	3
3	3	3
4	4	-3
5	5	1
6	6	-1
7	7	1
8	8	3
9	9	-3
10	10	-1
11	11	1
12	12	1
13	13	1
14	14	1
15	15	3
16	16	1
17	17	1
18	18	3
19	19	1
20	20	3
21	21	-1
22	22	-1
23	23	-1
24	24	-3
25	25	1
26	26	1
27	27	-1
28	28	-3
29	29	-1
30	30	1
31	31	-3
32	32	-1
33	33	1
34	34	3
35	35	3
36	36	1
37	37	1
38	38	1
39	39	3
40	40	-1
41	41	1
42	42	-1
43	43	-1
44	44	1
45	45	-1
46	46	-1
47	47	1
48	48	-1
49	49	-1
50	50	3
51	51	1
52	52	-1
53	53	-3
54	54	-1
55	55	-3
56	56	-1
57	57	1
58	58	1
59	59	1
60	60	-1
61	61	-1
62	62	-1
63	63	1
64	64	1
65	65	-1
66	66	-1
67	67	-1
68	68	1
69	69	1
70	70	3
71	71	-3
72	72	1
73	73	-1
74	74	1
75	75	-1
76	76	1
77	77	-1
78	78	-1
79	79	1
80	80	-1
81	81	-1
82	82	1
83	83	1
84	84	-1
85	85	-1
86	86	1
87	87	1
88	88	1
89	89	-1
90	90	1
91	91	1
92	92	-1
93	93	1
94	94	1
95	95	-3
96	96	3
97	97	-1
98	98	-1
99	99	3
100	100	1
101	101	1
102	102	-1
103	103	3
104	104	1
105	105	1
106	106	1
107	107	-3
108	108	-3
109	109	-3
110	110	-1
111	111	-1
112	112	3
113	113	-3
114	114	-3
115	115	-1
116	116	-1
117	117	3
118	118	-3
119	119	1
120	120	1
121	121	-1
122	122	3
123	123	1
124	124	3
125	125	3
126	126	1
127	127	1
128	128	1
129	129	-1
130	130	1
131	131	-3
132	132	1
133	133	-1
134	134	1
135	135	1
136	136	1
137	137	-1
138	138	-3
139	139	-1
140	140	-1
141	141	1
142	142	-1
143	143	1
144	144	-1
145	145	-1
146	146	1
147	147	3
148	148	1
149	149	-1
150	150	1
151	151	-1
152	152	1
153	153	-3
154	154	-3
155	155	1
156	156	1
157	157	3
158	158	1
159	159	-1
160	160	3
161	161	-1
162	162	-1
163	163	-1
164	164	1
165	165	-1
166	166	-1
167	167	-1
168	168	-3
169	169	1
170	170	1
171	171	3
172	172	-1
173	173	-3
174	174	1
175	175	-1
176	176	1
177	177	-3
178	178	1
179	179	-3
180	180	3
181	181	-1
182	182	1
183	183	1
184	184	3
185	185	1
186	186	1
187	187	-1
188	188	1
189	189	3
190	190	1
191	191	1
192	192	-1
193	193	-1
194	194	-3
195	195	-1
196	196	3
197	197	1
198	198	3
199	199	-1
200	200	1
201	201	2
202	202	2
203	203	-2
204	204	2
205	205	2
206	206	2
207	207	-2
208	208	2
209	209	2
210	210	2
211	211	2
212	212	2
213	213	2
214	214	-2
215	215	-2
216	216	-2
217	217	2
218	218	2
219	219	2
220	220	2
221	221	-2
222	222	-2
223	223	2
224	224	2
225	225	-2
226	226	-2
227	227	-2
228	228	2
229	229	2
230	230	2
231	231	2
232	232	2
233	233	-2
234	234	-2
235	235	-2
236	236	2
237	237	-2
238	238	2
239	239	-2
240	240	-2
241	241	-2
242	242	-2
243	243	-2
244	244	2
245	245	-2
246	246	-2
247	247	2
248	248	-2
249	249	2
250	250	-2
251	251	2
252	252	2
253	253	2
254	254	2
255	255	2
256	256	2
257	257	2
258	258	-2
259	259	2
260	260	2
261	261	2
262	262	2
263	263	-2
264	264	2
265	265	-2
266	266	2
267	267	2
268	268	2
269	269	-2
270	270	2
271	271	-2
272	272	2
273	273	-2
274	274	-2
275	275	2
276	276	2
277	277	-2
278	278	-2
279	279	-2
280	280	2
281	281	2
282	282	-2
283	283	-2
284	284	2
285	285	-2
286	286	2
287	287	2
288	288	-2
289	289	2
290	290	2
291	291	-2
292	292	2
293	293	-2
294	294	2
295	295	-2
296	296	2
297	297	-2
298	298	-2
299	299	-2
300	300	-2
301	301	-2
302	302	-2
303	303	2
304	304	2
305	305	2
306	306	-2
307	307	-2
308	308	2
309	309	2
310	310	2
311	311	2
312	312	-2
313	313	-2
314	314	2
315	315	-2
316	316	2
317	317	2
318	318	-2
319	319	2
320	320	2
321	321	2
322	322	-2
323	323	-2
324	324	2
325	325	2
326	326	-2
327	327	2
328	328	2
329	329	2
330	330	2
331	331	2
332	332	-2
333	333	2
334	334	-2
335	335	-2
336	336	-2
337	337	2
338	338	-2
339	339	-2
340	340	2
341	341	-2
342	342	-2
343	343	-2
344	344	-2
345	345	2
346	346	-2
347	347	2
348	348	-2
349	349	-2
350	350	2
351	351	2
352	352	-2
353	353	-2
354	354	2
355	355	-2
356	356	-2
357	357	2
358	358	2
359	359	2
360	360	-2
361	361	-2
362	362	2
363	363	2
364	364	2
365	365	2
366	366	2
367	367	-2
368	368	-2
369	369	-2
370	370	2
371	371	2
372	372	2
373	373	-2
374	374	-2
375	375	2
376	376	2
377	377	2
378	378	2
379	379	2
380	380	-2
381	381	2
382	382	2
383	383	-2
384	384	-2
385	385	2
386	386	-2
387	387	2
388	388	2
389	389	2
390	390	2
391	391	2
392	392	-2
393	393	2
394	394	-2
395	395	2
396	396	2
397	397	-2
398	398	-2
399	399	2
400	400	2
1	77	1
1	102	1
1	118	1
1	152	1
1	176	1
1	179	1
1	220	-2
1	377	-2
1	398	-2
2	8	1
2	16	1
2	21	1
2	155	1
2	188	1
2	189	1
2	252	2
2	306	-2
2	353	-2
3	39	1
3	56	1
3	58	1
3	133	1
3	171	1
3	176	1
3	213	2
3	305	2
3	390	2
4	23	1
4	38	1
4	67	1
4	108	1
4	114	1
4	194	1
4	225	2
4	262	-2
4	384	2
5	9	1
5	62	1
5	75	1
5	152	1
5	180	1
5	181	1
5	212	2
5	216	2
5	372	2
6	13	1
6	44	1
6	95	1
6	118	1
6	139	1
6	186	1
6	222	2
6	313	2
6	322	-2
7	92	1
7	100	1
7	130	1
7	144	1
7	160	1
7	190	1
7	254	-2
7	310	2
7	393	2
8	21	1
8	35	1
8	47	1
8	170	1
8	200	1
8	219	2
8	325	2
8	353	-2
9	28	1
9	85	1
9	107	1
9	168	1
9	181	1
9	216	2
9	288	2
9	396	-2
10	19	1
10	21	1
10	161	1
10	166	1
10	173	1
10	197	1
10	276	2
10	329	-2
10	334	2
11	17	1
11	29	1
11	59	1
11	66	1
11	126	1
11	146	1
11	247	-2
11	256	2
11	263	-2
12	33	1
12	51	1
12	110	1
12	123	1
12	174	1
12	186	1
12	243	-2
12	332	-2
12	371	-2
13	30	1
13	44	1
13	51	1
13	52	1
13	197	1
13	286	2
13	295	2
13	322	-2
14	72	1
14	134	1
14	143	1
14	152	1
14	180	1
14	185	1
14	210	2
14	289	-2
14	294	2
15	26	1
15	30	1
15	127	1
15	141	1
15	145	1
15	193	1
15	209	2
15	352	-2
15	362	2
16	31	1
16	40	1
16	84	1
16	143	1
16	189	1
16	229	2
16	306	-2
16	347	-2
17	35	1
17	60	1
17	99	1
17	122	1
17	146	1
17	247	-2
17	360	-2
17	374	-2
18	67	1
18	82	1
18	99	1
18	124	1
18	136	1
18	196	1
18	311	2
18	318	-2
18	379	2
19	31	1
19	56	1
19	69	1
19	92	1
19	197	1
19	260	2
19	276	2
19	314	-2
20	39	1
20	61	1
20	63	1
20	96	1
20	143	1
20	192	1
20	241	-2
20	279	-2
20	364	2
21	62	1
21	166	1
21	195	1
21	312	2
21	329	-2
21	353	-2
22	69	1
22	76	1
22	79	1
22	86	1
22	113	1
22	169	1
22	223	-2
22	275	2
22	296	-2
23	28	1
23	50	1
23	58	1
23	194	1
23	198	1
23	338	2
23	357	2
23	384	2
24	27	1
24	53	1
24	66	1
24	71	1
24	102	1
24	130	1
24	281	-2
24	291	2
24	324	-2
25	75	1
25	103	1
25	135	1
25	156	1
25	182	1
25	185	1
25	257	-2
25	261	2
25	267	2
26	58	1
26	64	1
26	141	1
26	157	1
26	164	1
26	202	-2
26	335	-2
26	362	2
27	66	1
27	144	1
27	165	1
27	188	1
27	195	1
27	324	-2
27	333	-2
27	340	2
28	32	1
28	58	1
28	67	1
28	168	1
28	300	2
28	338	2
28	396	-2
29	59	1
29	61	1
29	93	1
29	162	1
29	193	1
29	204	-2
29	256	2
29	394	2
30	51	1
30	133	1
30	174	1
30	193	1
30	286	2
30	320	-2
30	352	-2
31	40	1
31	56	1
31	62	1
31	177	1
31	301	2
31	314	-2
31	347	-2
32	49	1
32	67	1
32	70	1
32	119	1
32	135	1
32	203	-2
32	300	2
32	350	-2
33	38	1
33	123	1
33	148	1
33	156	1
33	166	1
33	242	2
33	332	-2
33	382	2
34	37	1
34	63	1
34	64	1
34	85	1
34	89	1
34	106	1
34	280	2
34	321	2
34	323	-2
35	47	1
35	105	1
35	122	1
35	157	1
35	325	2
35	360	-2
35	378	2
36	54	1
36	99	1
36	130	1
36	147	1
36	183	1
36	189	1
36	255	2
36	319	2
36	388	-2
37	82	1
37	106	1
37	158	1
37	167	1
37	181	1
37	248	-2
37	280	2
37	290	-2
38	74	1
38	108	1
38	148	1
38	164	1
38	201	2
38	262	-2
38	382	2
39	41	1
39	88	1
39	96	1
39	176	1
39	279	-2
39	375	2
39	390	2
40	81	1
40	113	1
40	144	1
40	169	1
40	245	2
40	346	-2
40	347	-2
41	60	1
41	63	1
41	64	1
41	88	1
41	142	1
41	274	2
41	293	-2
41	375	2
42	71	1
42	115	1
42	128	1
42	165	1
42	168	1
42	183	1
42	226	-2
42	246	2
42	285	2
43	45	1
43	48	1
43	53	1
43	73	1
43	169	1
43	192	1
43	231	2
43	339	2
43	342	2
44	47	1
44	129	1
44	153	1
44	190	1
44	322	-2
44	383	2
44	400	2
45	48	2
45	68	1
45	70	1
45	178	1
45	235	-2
45	244	-2
45	342	2
46	91	1
46	92	1
46	115	1
46	131	1
46	156	1
46	175	1
46	237	-2
46	315	2
46	330	-2
47	74	1
47	182	1
47	190	1
47	272	-2
47	325	2
47	400	2
48	70	1
48	81	1
48	104	1
48	235	-2
48	342	2
48	385	-2
49	105	1
49	135	1
49	146	1
49	187	1
49	198	1
49	218	2
49	349	2
49	350	-2
50	57	1
50	98	1
50	127	1
50	151	1
50	198	1
50	234	-2
50	283	-2
50	357	2
51	110	1
51	117	1
51	125	1
51	211	2
51	286	2
51	371	-2
52	112	1
52	145	1
52	170	1
52	172	1
52	197	1
52	264	2
52	295	2
52	389	-2
53	56	1
53	98	1
53	102	1
53	192	1
53	232	-2
53	291	2
53	339	2
54	81	1
54	86	1
54	98	1
54	154	1
54	183	1
54	381	2
54	388	-2
54	399	-2
55	76	1
55	109	1
55	113	1
55	133	1
55	141	1
55	199	1
55	265	2
55	328	-2
55	331	-2
56	98	1
56	133	1
56	213	2
56	232	-2
56	314	-2
57	100	1
57	129	1
57	136	1
57	145	1
57	151	1
57	234	-2
57	250	-2
57	368	2
58	157	1
58	171	1
58	305	2
58	335	-2
58	338	2
59	87	1
59	93	1
59	140	1
59	179	1
59	256	2
59	270	2
59	344	2
60	63	1
60	99	1
60	150	1
60	187	1
60	215	2
60	274	2
60	374	-2
61	83	1
61	94	1
61	192	1
61	193	1
61	241	-2
61	277	2
61	394	2
62	177	1
62	180	1
62	195	1
62	301	2
62	312	2
62	372	2
63	89	1
63	143	1
63	274	2
63	321	2
63	364	2
64	85	1
64	142	1
64	164	1
64	202	-2
64	293	-2
64	323	-2
65	72	1
65	73	1
65	91	1
65	119	1
65	137	1
65	148	1
65	282	-2
65	299	2
65	348	2
66	126	1
66	127	1
66	192	1
66	239	2
66	263	-2
66	324	-2
67	114	1
67	136	1
67	225	2
67	300	2
67	311	2
68	86	1
68	123	1
68	160	1
68	178	1
68	186	1
68	205	2
68	207	-2
68	244	-2
69	86	1
69	92	1
69	96	1
69	171	1
69	223	-2
69	260	2
69	366	2
70	117	1
70	119	1
70	146	1
70	203	-2
70	221	-2
70	235	-2
71	95	1
71	115	1
71	130	1
71	140	1
71	246	2
71	281	-2
71	326	2
72	95	1
72	134	1
72	137	1
72	154	1
72	210	2
72	224	-2
72	282	-2
73	91	1
73	120	1
73	163	1
73	169	1
73	231	2
73	259	-2
73	299	2
74	132	1
74	150	1
74	164	1
74	182	1
74	201	2
74	214	-2
74	272	-2
75	129	1
75	152	1
75	163	1
75	185	1
75	206	-2
75	212	2
75	257	-2
76	79	1
76	104	1
76	141	2
76	275	2
76	328	-2
76	343	-2
77	161	1
77	177	1
77	179	1
77	180	1
77	191	1
77	317	-2
77	373	-2
77	377	-2
78	121	1
78	136	1
78	149	1
78	165	1
78	184	1
78	199	1
78	236	-2
78	292	-2
78	297	-2
79	106	1
79	134	1
79	162	1
79	171	1
79	275	2
79	309	-2
79	386	-2
80	83	1
80	106	1
80	120	1
80	142	1
80	149	1
80	173	1
80	238	-2
80	258	2
80	380	-2
81	86	1
81	104	1
81	113	1
81	245	2
81	381	2
81	385	-2
82	99	1
82	116	1
82	138	1
82	158	1
82	248	-2
82	354	-2
82	379	2
83	91	1
83	94	1
83	101	1
83	120	1
83	277	2
83	298	-2
83	380	-2
84	89	1
84	121	1
84	131	1
84	138	1
84	143	1
84	217	-2
84	229	2
84	358	-2
85	107	1
85	131	1
85	151	1
85	288	2
85	303	-2
85	323	-2
86	186	1
86	207	-2
86	223	-2
86	381	2
87	93	1
87	100	1
87	125	1
87	179	1
87	196	1
87	337	2
87	344	2
87	369	-2
88	124	1
88	126	2
88	154	1
88	233	-2
88	375	2
88	387	-2
89	107	1
89	138	1
89	194	1
89	217	-2
89	321	2
89	395	-2
90	101	1
90	138	1
90	139	1
90	162	1
90	178	1
90	187	1
90	249	2
90	363	2
90	392	2
91	101	1
91	156	1
91	237	-2
91	298	-2
91	299	2
92	131	1
92	144	1
92	254	-2
92	260	2
92	315	2
93	100	1
93	140	1
93	162	1
93	204	-2
93	270	2
93	337	2
94	112	1
94	135	1
94	160	1
94	181	1
94	277	2
94	327	2
94	376	2
95	118	1
95	140	1
95	154	1
95	224	-2
95	313	2
95	326	2
96	147	1
96	171	1
96	189	1
96	208	2
96	279	-2
96	366	2
97	108	2
97	109	1
97	184	1
97	185	1
97	194	1
97	230	-2
97	316	2
97	370	-2
98	127	1
98	154	1
98	232	-2
98	283	-2
98	399	-2
99	147	1
99	319	2
99	374	-2
99	379	2
100	145	1
100	190	1
100	310	2
100	337	2
100	368	2
101	114	1
101	172	1
101	187	1
101	249	2
101	273	2
101	298	-2
102	117	1
102	118	1
102	175	1
102	220	-2
102	266	2
102	291	2
103	112	1
103	116	1
103	122	1
103	156	1
103	163	1
103	267	2
103	304	2
103	341	-2
104	122	1
104	141	1
104	170	1
104	271	-2
104	343	-2
104	385	-2
105	157	1
105	174	1
105	182	1
105	187	1
105	287	2
105	349	2
105	378	2
106	171	1
106	173	1
106	238	-2
106	280	2
106	386	-2
107	159	1
107	194	1
107	200	1
107	268	-2
107	288	2
107	395	-2
108	109	1
108	194	1
108	230	-2
108	262	-2
108	370	-2
109	118	1
109	133	1
109	172	1
109	240	2
109	331	-2
109	370	-2
110	148	1
110	151	1
110	155	1
110	199	1
110	253	-2
110	284	2
110	371	-2
111	128	1
111	159	1
111	173	1
111	175	1
111	184	1
111	198	1
111	228	-2
111	308	-2
111	336	-2
112	122	1
112	172	1
112	181	1
112	264	2
112	327	2
112	341	-2
113	169	1
113	199	1
113	245	2
113	265	2
113	296	-2
114	137	1
114	161	1
114	172	1
114	225	2
114	251	-2
114	273	2
115	119	1
115	166	1
115	175	1
115	246	2
115	330	-2
115	355	-2
116	138	1
116	153	1
116	163	1
116	190	1
116	304	2
116	354	-2
116	361	2
117	125	1
117	146	1
117	175	1
117	211	2
117	221	-2
117	266	2
118	172	1
118	220	-2
118	240	2
118	313	2
119	148	1
119	166	1
119	203	-2
119	348	2
119	355	-2
120	132	1
120	158	1
120	163	1
120	259	-2
120	302	-2
120	380	-2
121	131	1
121	136	1
121	150	1
121	167	1
121	236	-2
121	351	2
121	358	-2
122	170	1
122	271	-2
122	341	-2
122	360	-2
123	137	1
123	160	1
123	167	1
123	205	2
123	227	2
123	332	-2
124	126	1
124	128	1
124	191	1
124	196	1
124	233	-2
124	318	-2
124	367	-2
125	134	1
125	164	1
125	196	1
125	211	2
125	278	-2
125	369	-2
126	154	1
126	233	-2
126	263	-2
126	387	-2
127	145	1
127	192	1
127	209	2
127	239	2
127	283	-2
128	159	1
128	183	1
128	191	1
128	226	-2
128	308	-2
128	367	-2
129	136	1
129	153	1
129	163	1
129	206	-2
129	250	-2
129	383	2
130	160	1
130	189	1
130	255	2
130	281	-2
130	393	2
131	151	1
131	303	-2
131	315	2
131	358	-2
132	149	1
132	150	1
132	158	1
132	168	1
132	214	-2
132	302	-2
132	391	-2
133	174	1
133	213	2
133	320	-2
133	331	-2
134	162	1
134	164	1
134	210	2
134	278	-2
134	309	-2
135	160	1
135	182	1
135	261	2
135	350	-2
135	376	2
136	236	-2
136	250	-2
136	311	2
137	161	1
137	167	1
137	227	2
137	251	-2
137	282	-2
138	139	1
138	217	-2
138	354	-2
138	392	2
139	159	1
139	186	1
139	188	1
139	222	2
139	345	2
139	392	2
140	193	1
140	195	1
140	270	2
140	307	2
140	326	2
141	328	-2
141	343	-2
141	362	2
142	149	1
142	176	1
142	179	1
142	258	2
142	293	-2
142	365	-2
143	152	1
143	229	2
143	289	-2
143	364	2
144	169	1
144	188	1
144	254	-2
144	333	-2
144	346	-2
145	170	1
145	209	2
145	368	2
145	389	-2
146	198	1
146	218	2
146	221	-2
146	247	-2
147	155	1
147	189	1
147	197	1
147	208	2
147	319	2
147	397	-2
148	199	1
148	284	2
148	348	2
148	382	2
149	168	1
149	184	1
149	258	2
149	297	-2
149	391	-2
150	167	1
150	187	1
150	214	-2
150	215	2
150	351	2
151	155	1
151	234	-2
151	253	-2
151	303	-2
152	176	1
152	212	2
152	289	-2
152	398	-2
153	158	1
153	177	1
153	190	1
153	269	2
153	361	2
153	383	2
154	224	-2
154	387	-2
154	399	-2
155	188	1
155	197	1
155	252	2
155	253	-2
155	397	-2
156	166	1
156	237	-2
156	242	2
156	267	2
157	183	1
157	196	1
157	335	-2
157	359	2
157	378	2
158	177	1
158	248	-2
158	269	2
158	302	-2
159	188	1
159	200	1
159	268	-2
159	308	-2
159	345	2
160	205	2
160	376	2
160	393	2
161	173	1
161	180	1
161	251	-2
161	334	2
161	373	-2
162	178	1
162	204	-2
162	309	-2
162	363	2
163	206	-2
163	259	-2
163	304	2
164	201	2
164	202	-2
164	278	-2
165	168	1
165	195	1
165	199	1
165	285	2
165	292	-2
165	340	2
166	242	2
166	329	-2
166	355	-2
167	181	1
167	227	2
167	290	-2
167	351	2
168	285	2
168	391	-2
168	396	-2
169	231	2
169	296	-2
169	346	-2
170	200	1
170	219	2
170	271	-2
170	389	-2
171	305	2
171	366	2
171	386	-2
172	240	2
172	264	2
172	273	2
173	175	1
173	228	-2
173	238	-2
173	334	2
174	182	1
174	186	1
174	243	-2
174	287	2
174	320	-2
175	228	-2
175	266	2
175	330	-2
176	179	1
176	365	-2
176	390	2
176	398	-2
177	191	1
177	269	2
177	301	2
177	317	-2
178	191	1
178	200	1
178	244	-2
178	356	-2
178	363	2
179	344	2
179	365	-2
179	377	-2
180	185	1
180	294	2
180	372	2
180	373	-2
181	216	2
181	290	-2
181	327	2
182	261	2
182	272	-2
182	287	2
183	196	1
183	226	-2
183	359	2
183	388	-2
184	185	1
184	198	1
184	297	-2
184	316	2
184	336	-2
185	257	-2
185	294	2
185	316	2
186	207	-2
186	222	2
186	243	-2
187	215	2
187	249	2
187	349	2
188	252	2
188	333	-2
188	345	2
189	208	2
189	255	2
189	306	-2
190	310	2
190	361	2
190	400	2
191	200	1
191	317	-2
191	356	-2
191	367	-2
192	239	2
192	241	-2
192	339	2
193	195	1
193	307	2
193	352	-2
193	394	2
194	230	-2
194	384	2
194	395	-2
195	307	2
195	312	2
195	340	2
196	318	-2
196	359	2
196	369	-2
197	276	2
197	295	2
197	397	-2
198	218	2
198	336	-2
198	357	2
199	265	2
199	284	2
199	292	-2
200	219	2
200	268	-2
200	356	-2
