1	1	1
2	2	-1
3	3	-1
4	4	-1
5	5	3
6	6	3
7	7	-3
8	8	-1
9	9	-1
10	10	-3
11	11	1
12	12	1
13	13	1
14	14	1
15	15	-1
16	16	-1
17	17	-3
18	18	1
19	19	-1
20	20	3
21	21	1
22	22	-1
23	23	-1
24	24	3
25	25	-3
26	26	1
27	27	1
28	28	-1
29	29	-3
30	30	-1
31	31	-1
32	32	3
33	33	1
34	34	-1
35	35	3
36	36	-1
37	37	-1
38	38	-1
39	39	-1
40	40	1
41	41	3
42	42	-1
43	43	-1
44	44	1
45	45	1
46	46	-3
47	47	-1
48	48	1
49	49	-1
50	50	-1
51	51	-3
52	52	-1
53	53	-3
54	54	1
55	55	-3
56	56	1
57	57	3
58	58	-1
59	59	-1
60	60	-1
61	61	1
62	62	3
63	63	-1
64	64	1
65	65	-1
66	66	1
67	67	-3
68	68	-1
69	69	-3
70	70	-1
71	71	1
72	72	1
73	73	1
74	74	1
75	75	-1
76	76	-1
77	77	-1
78	78	-1
79	79	-1
80	80	1
81	81	-2
82	82	-2
83	83	-2
84	84	-2
85	85	-2
86	86	-2
87	87	2
88	88	2
89	89	2
90	90	2
91	91	2
92	92	2
93	93	2
94	94	2
95	95	-2
96	96	2
97	97	-2
98	98	2
99	99	-2
100	100	2
101	101	-2
102	102	2
103	103	2
104	104	-2
105	105	-2
106	106	2
107	107	-2
108	108	-2
109	109	2
110	110	2
111	111	2
112	112	-2
113	113	2
114	114	-2
115	115	2
116	116	2
117	117	-2
118	118	2
119	119	-2
120	120	-2
121	121	2
122	122	2
123	123	2
124	124	2
125	125	-2
126	126	-2
127	127	2
128	128	2
129	129	2
130	130	2
131	131	-2
132	132	-2
133	133	-2
134	134	-2
135	135	2
136	136	2
137	137	-2
138	138	2
139	139	-2
140	140	2
141	141	-2
142	142	2
143	143	2
144	144	2
145	145	2
146	146	-2
147	147	-2
148	148	2
149	149	2
150	150	-2
151	151	2
152	152	2
153	153	-2
154	154	-2
155	155	2
156	156	-2
157	157	2
158	158	2
159	159	-2
160	160	2
1	8	1
1	21	1
1	36	1
1	38	1
1	39	1
1	61	1
1	94	2
1	100	2
1	132	2
2	20	1
2	22	1
2	28	1
2	36	1
2	73	1
2	75	1
2	128	-2
2	133	2
2	139	-2
3	10	1
3	25	1
3	29	1
3	31	1
3	48	1
3	68	1
3	118	-2
3	148	-2
3	153	-2
4	17	1
4	35	1
4	38	1
4	41	1
4	50	1
4	56	1
4	83	2
4	88	-2
4	156	-2
5	6	1
5	11	1
5	18	1
5	24	1
5	28	1
5	79	1
5	107	-2
5	120	-2
5	146	-2
6	32	2
6	54	1
6	59	1
6	79	1
6	91	2
6	146	-2
6	157	2
7	10	1
7	29	1
7	36	1
7	40	1
7	43	1
7	46	1
7	106	-2
7	117	2
7	159	2
8	21	1
8	30	1
8	42	1
8	77	1
8	80	1
8	86	-2
8	89	-2
8	132	2
9	16	1
9	27	1
9	45	1
9	53	1
9	58	1
9	65	1
9	102	-2
9	104	2
9	124	2
10	25	1
10	27	1
10	28	1
10	43	1
10	118	-2
10	149	-2
10	159	2
11	24	1
11	41	1
11	42	1
11	65	1
11	73	1
11	114	-2
11	120	-2
11	122	-2
12	13	1
12	20	1
12	24	1
12	35	1
12	69	1
12	77	1
12	109	2
12	113	-2
12	125	-2
13	24	1
13	46	1
13	67	1
13	75	1
13	78	1
13	109	2
13	147	2
13	151	2
14	20	1
14	22	1
14	24	1
14	58	1
14	66	1
14	80	1
14	98	-2
14	129	2
14	138	2
15	26	1
15	51	1
15	63	1
15	64	1
15	68	1
15	78	1
15	95	-2
15	105	2
15	126	2
16	39	1
16	45	2
16	65	1
16	72	1
16	84	2
16	104	2
16	119	-2
17	19	1
17	23	1
17	50	1
17	51	1
17	55	1
17	83	2
17	90	-2
17	99	2
18	23	1
18	28	1
18	48	1
18	57	1
18	69	1
18	107	-2
18	121	-2
18	135	2
19	44	1
19	55	2
19	61	1
19	70	1
19	90	-2
19	140	2
19	143	-2
20	24	1
20	35	1
20	73	1
20	125	-2
20	129	2
20	139	-2
21	26	1
21	35	1
21	70	1
21	73	1
21	101	-2
21	132	2
21	160	2
22	52	1
22	68	1
22	75	1
22	80	1
22	92	-2
22	133	2
22	138	2
23	51	1
23	56	1
23	66	1
23	69	1
23	99	2
23	121	-2
23	152	2
24	109	2
24	120	-2
24	129	2
25	48	1
25	55	1
25	59	1
25	65	1
25	85	2
25	118	-2
25	150	2
26	27	1
26	30	1
26	51	1
26	70	1
26	126	2
26	141	-2
26	160	2
27	28	1
27	30	1
27	45	1
27	124	2
27	141	-2
27	149	-2
28	36	1
28	107	-2
28	128	-2
28	149	-2
29	36	1
29	52	1
29	60	1
29	68	1
29	106	-2
29	116	-2
29	148	-2
30	42	1
30	61	1
30	63	1
30	89	-2
30	103	-2
30	141	-2
31	34	1
31	47	1
31	48	1
31	49	1
31	63	1
31	81	2
31	136	-2
31	153	-2
32	33	1
32	47	1
32	54	1
32	59	1
32	91	2
32	131	-2
32	157	2
33	34	1
33	47	1
33	53	1
33	64	1
33	74	1
33	87	-2
33	131	-2
33	134	-2
34	49	1
34	53	1
34	66	1
34	72	1
34	87	-2
34	111	2
34	136	-2
35	41	1
35	73	1
35	101	-2
35	125	-2
35	156	-2
36	61	1
36	100	2
36	106	-2
36	128	-2
37	41	1
37	51	1
37	60	1
37	67	1
37	71	1
37	79	1
37	137	2
37	145	2
37	158	-2
38	39	1
38	43	1
38	56	1
38	59	1
38	88	-2
38	94	2
38	110	-2
39	45	1
39	69	1
39	78	1
39	84	2
39	94	2
39	112	2
40	43	1
40	46	1
40	52	1
40	64	1
40	74	1
40	82	-2
40	93	2
40	117	2
41	60	1
41	65	1
41	114	-2
41	145	2
41	156	-2
42	50	1
42	57	1
42	73	1
42	89	-2
42	122	-2
42	154	-2
43	52	1
43	59	1
43	93	2
43	110	-2
43	159	2
44	49	1
44	61	1
44	62	1
44	72	1
44	75	1
44	96	-2
44	108	-2
44	140	2
45	72	1
45	84	2
45	119	-2
45	124	2
46	67	1
46	70	1
46	76	1
46	115	-2
46	117	2
46	147	2
47	60	1
47	63	1
47	79	1
47	81	2
47	131	-2
47	155	-2
48	57	1
48	65	1
48	85	2
48	135	2
48	153	-2
49	54	1
49	62	1
49	77	1
49	108	-2
49	136	-2
49	144	-2
50	57	1
50	67	1
50	74	1
50	83	2
50	142	-2
50	154	-2
51	67	1
51	99	2
51	126	2
51	137	2
52	60	1
52	68	1
52	92	-2
52	93	2
52	116	-2
53	58	1
53	76	1
53	80	1
53	87	-2
53	97	2
53	102	-2
54	62	1
54	71	1
54	77	1
54	123	2
54	144	-2
54	157	2
55	59	1
55	70	1
55	90	-2
55	143	-2
55	150	2
56	58	1
56	66	1
56	71	1
56	88	-2
56	127	2
56	152	2
57	62	1
57	76	1
57	130	2
57	135	2
57	154	-2
58	66	1
58	71	1
58	98	-2
58	102	-2
58	127	2
59	91	2
59	110	-2
59	150	2
60	79	1
60	116	-2
60	145	2
60	155	-2
61	63	1
61	100	2
61	103	-2
61	140	2
62	71	1
62	76	1
62	108	-2
62	123	2
62	130	2
63	68	1
63	81	2
63	95	-2
63	103	-2
64	74	2
64	78	1
64	82	-2
64	105	2
64	134	-2
65	85	2
65	104	2
65	114	-2
66	72	1
66	98	-2
66	111	2
66	152	2
67	74	1
67	137	2
67	142	-2
67	147	2
68	92	-2
68	95	-2
68	148	-2
69	77	1
69	78	1
69	112	2
69	113	-2
69	121	-2
70	76	1
70	115	-2
70	143	-2
70	160	2
71	79	1
71	123	2
71	127	2
71	158	-2
72	75	1
72	96	-2
72	111	2
72	119	-2
73	101	-2
73	122	-2
73	139	-2
74	82	-2
74	134	-2
74	142	-2
75	78	1
75	96	-2
75	133	2
75	151	2
76	80	1
76	97	2
76	115	-2
76	130	2
77	80	1
77	86	-2
77	113	-2
77	144	-2
78	105	2
78	112	2
78	151	2
79	146	-2
79	155	-2
79	158	-2
80	86	-2
80	97	2
80	138	2
