1	1	-1
2	2	-1
3	3	1
4	4	-1
5	5	1
6	6	-1
7	7	1
8	8	1
9	9	-1
10	10	3
11	11	1
12	12	-3
13	13	1
14	14	-1
15	15	1
16	16	1
17	17	-1
18	18	-1
19	19	-1
20	20	-3
21	21	1
22	22	-3
23	23	-1
24	24	1
25	25	1
26	26	-1
27	27	-1
28	28	-1
29	29	-1
30	30	-1
31	31	-1
32	32	-1
33	33	-1
34	34	-1
35	35	-1
36	36	3
37	37	-1
38	38	1
39	39	1
40	40	1
41	41	1
42	42	-3
43	43	-3
44	44	-1
45	45	-1
46	46	1
47	47	3
48	48	-1
49	49	-1
50	50	-1
51	51	1
52	52	3
53	53	-1
54	54	-3
55	55	-1
56	56	1
57	57	-1
58	58	1
59	59	-3
60	60	-1
61	61	1
62	62	-3
63	63	-1
64	64	-1
65	65	1
66	66	-1
67	67	-3
68	68	-1
69	69	-3
70	70	3
71	71	3
72	72	1
73	73	3
74	74	3
75	75	1
76	76	-1
77	77	-1
78	78	1
79	79	-1
80	80	1
81	81	1
82	82	1
83	83	1
84	84	1
85	85	1
86	86	-1
87	87	-1
88	88	-1
89	89	1
90	90	-3
91	91	3
92	92	3
93	93	1
94	94	-1
95	95	-3
96	96	3
97	97	-3
98	98	-1
99	99	1
100	100	-1
101	101	-3
102	102	3
103	103	-1
104	104	1
105	105	1
106	106	-1
107	107	1
108	108	-3
109	109	-3
110	110	-1
111	111	1
112	112	-3
113	113	-1
114	114	1
115	115	-1
116	116	-3
117	117	-1
118	118	-1
119	119	3
120	120	-1
121	121	-1
122	122	1
123	123	-3
124	124	1
125	125	-1
126	126	-1
127	127	-3
128	128	-1
129	129	-1
130	130	1
131	131	-3
132	132	1
133	133	3
134	134	1
135	135	1
136	136	-1
137	137	-1
138	138	-1
139	139	-1
140	140	1
141	141	-1
142	142	1
143	143	-3
144	144	-1
145	145	-1
146	146	1
147	147	-1
148	148	-1
149	149	3
150	150	1
151	151	1
152	152	-1
153	153	1
154	154	1
155	155	1
156	156	3
157	157	1
158	158	1
159	159	-3
160	160	-1
161	161	-3
162	162	-1
163	163	3
164	164	1
165	165	1
166	166	3
167	167	-1
168	168	1
169	169	1
170	170	1
171	171	1
172	172	3
173	173	1
174	174	1
175	175	3
176	176	1
177	177	-1
178	178	3
179	179	1
180	180	1
181	181	1
182	182	-3
183	183	-1
184	184	1
185	185	-1
186	186	3
187	187	1
188	188	-1
189	189	-1
190	190	1
191	191	3
192	192	-1
193	193	-1
194	194	1
195	195	-1
196	196	-3
197	197	3
198	198	3
199	199	-1
200	200	1
201	201	-1
202	202	-3
203	203	1
204	204	1
205	205	-1
206	206	-3
207	207	-1
208	208	3
209	209	3
210	210	1
211	211	-3
212	212	1
213	213	1
214	214	1
215	215	-1
216	216	-1
217	217	1
218	218	1
219	219	-3
220	220	1
221	221	-1
222	222	1
223	223	3
224	224	-1
225	225	1
226	226	3
227	227	1
228	228	1
229	229	1
230	230	1
231	231	1
232	232	3
233	233	-3
234	234	1
235	235	-1
236	236	1
237	237	-1
238	238	3
239	239	3
240	240	1
241	241	-1
242	242	1
243	243	3
244	244	1
245	245	-3
246	246	-1
247	247	-1
248	248	1
249	249	1
250	250	-1
251	251	1
252	252	3
253	253	1
254	254	3
255	255	-1
256	256	3
257	257	1
258	258	3
259	259	1
260	260	3
261	261	1
262	262	-1
263	263	3
264	264	-1
265	265	3
266	266	1
267	267	1
268	268	-3
269	269	1
270	270	-1
271	271	-1
272	272	-1
273	273	3
274	274	-1
275	275	-3
276	276	-1
277	277	1
278	278	-1
279	279	1
280	280	-1
281	281	-3
282	282	3
283	283	1
284	284	1
285	285	-1
286	286	-3
287	287	-1
288	288	-1
289	289	1
290	290	3
291	291	1
292	292	-1
293	293	-1
294	294	3
295	295	1
296	296	-1
297	297	1
298	298	-1
299	299	1
300	300	1
301	301	-1
302	302	-1
303	303	-1
304	304	1
305	305	-1
306	306	-3
307	307	-1
308	308	1
309	309	3
310	310	1
311	311	-1
312	312	1
313	313	-3
314	314	-1
315	315	1
316	316	1
317	317	-1
318	318	1
319	319	1
320	320	1
321	321	3
322	322	-1
323	323	1
324	324	1
325	325	-1
326	326	-1
327	327	-1
328	328	1
329	329	1
330	330	1
331	331	3
332	332	-1
333	333	-1
334	334	1
335	335	1
336	336	-1
337	337	3
338	338	-1
339	339	1
340	340	1
341	341	-1
342	342	1
343	343	-3
344	344	1
345	345	-3
346	346	-1
347	347	1
348	348	-3
349	349	-1
350	350	-1
351	351	1
352	352	1
353	353	1
354	354	1
355	355	1
356	356	3
357	357	-1
358	358	-1
359	359	3
360	360	-1
361	361	1
362	362	-1
363	363	1
364	364	1
365	365	-1
366	366	-1
367	367	-3
368	368	-1
369	369	1
370	370	-1
371	371	-1
372	372	1
373	373	-3
374	374	-1
375	375	1
376	376	-1
377	377	-1
378	378	-1
379	379	1
380	380	-1
381	381	1
382	382	1
383	383	-3
384	384	-1
385	385	1
386	386	3
387	387	3
388	388	3
389	389	-3
390	390	-1
391	391	-3
392	392	3
393	393	-1
394	394	-1
395	395	-1
396	396	-3
397	397	-3
398	398	1
399	399	1
400	400	-1
401	401	-3
402	402	-1
403	403	-1
404	404	-1
405	405	-1
406	406	-1
407	407	1
408	408	-1
409	409	-1
410	410	1
411	411	1
412	412	1
413	413	-3
414	414	-1
415	415	-1
416	416	1
417	417	-1
418	418	3
419	419	1
420	420	1
421	421	1
422	422	3
423	423	1
424	424	-1
425	425	-1
426	426	1
427	427	1
428	428	1
429	429	1
430	430	1
431	431	-3
432	432	-3
433	433	1
434	434	1
435	435	-1
436	436	1
437	437	-1
438	438	3
439	439	1
440	440	3
441	441	-1
442	442	1
443	443	1
444	444	-1
445	445	-3
446	446	-1
447	447	1
448	448	1
449	449	-1
450	450	3
451	451	-1
452	452	1
453	453	3
454	454	1
455	455	1
456	456	1
457	457	3
458	458	3
459	459	1
460	460	1
461	461	1
462	462	-1
463	463	1
464	464	-3
465	465	-1
466	466	1
467	467	1
468	468	1
469	469	-1
470	470	1
471	471	1
472	472	1
473	473	-3
474	474	-1
475	475	-1
476	476	1
477	477	3
478	478	3
479	479	1
480	480	-1
481	481	3
482	482	-1
483	483	1
484	484	-1
485	485	-1
486	486	-1
487	487	1
488	488	3
489	489	3
490	490	1
491	491	1
492	492	-1
493	493	1
494	494	-1
495	495	-1
496	496	-1
497	497	3
498	498	1
499	499	1
500	500	1
501	501	-1
502	502	1
503	503	-1
504	504	1
505	505	-1
506	506	-3
507	507	-1
508	508	-3
509	509	-3
510	510	-1
511	511	-1
512	512	3
513	513	-1
514	514	1
515	515	-1
516	516	-1
517	517	-1
518	518	1
519	519	-1
520	520	1
521	521	-1
522	522	1
523	523	1
524	524	3
525	525	3
526	526	1
527	527	-1
528	528	-1
529	529	-1
530	530	1
531	531	1
532	532	3
533	533	-1
534	534	1
535	535	-1
536	536	-1
537	537	-1
538	538	3
539	539	1
540	540	3
541	541	1
542	542	-1
543	543	-1
544	544	1
545	545	1
546	546	1
547	547	-1
548	548	1
549	549	-1
550	550	3
551	551	3
552	552	3
553	553	-3
554	554	1
555	555	1
556	556	-3
557	557	-1
558	558	1
559	559	3
560	560	-1
561	561	3
562	562	-1
563	563	-1
564	564	-1
565	565	1
566	566	1
567	567	1
568	568	1
569	569	3
570	570	-1
571	571	-1
572	572	-1
573	573	1
574	574	-1
575	575	-1
576	576	1
577	577	-1
578	578	-1
579	579	-1
580	580	-3
581	581	3
582	582	1
583	583	1
584	584	1
585	585	3
586	586	1
587	587	1
588	588	1
589	589	-1
590	590	-1
591	591	1
592	592	-1
593	593	3
594	594	3
595	595	3
596	596	1
597	597	-1
598	598	-1
599	599	3
600	600	-3
601	601	-1
602	602	1
603	603	3
604	604	-1
605	605	1
606	606	-1
607	607	3
608	608	3
609	609	1
610	610	3
611	611	-3
612	612	-1
613	613	-3
614	614	-1
615	615	-1
616	616	1
617	617	1
618	618	-1
619	619	1
620	620	-1
621	621	1
622	622	-1
623	623	-1
624	624	-1
625	625	-1
626	626	1
627	627	3
628	628	-1
629	629	-1
630	630	1
631	631	1
632	632	3
633	633	1
634	634	-1
635	635	-1
636	636	1
637	637	-1
638	638	3
639	639	3
640	640	-1
641	641	1
642	642	-1
643	643	-1
644	644	1
645	645	1
646	646	3
647	647	1
648	648	-1
649	649	1
650	650	1
651	651	3
652	652	3
653	653	-1
654	654	-3
655	655	-1
656	656	-3
657	657	-1
658	658	-1
659	659	3
660	660	-1
661	661	-1
662	662	1
663	663	-1
664	664	1
665	665	1
666	666	1
667	667	-1
668	668	-1
669	669	-1
670	670	-1
671	671	-1
672	672	1
673	673	-1
674	674	1
675	675	-1
676	676	1
677	677	1
678	678	1
679	679	1
680	680	1
681	681	-1
682	682	1
683	683	-3
684	684	1
685	685	-1
686	686	3
687	687	-3
688	688	-1
689	689	1
690	690	1
691	691	-1
692	692	1
693	693	1
694	694	-1
695	695	1
696	696	-1
697	697	3
698	698	3
699	699	1
700	700	1
701	701	1
702	702	-3
703	703	1
704	704	-1
705	705	-3
706	706	-1
707	707	-1
708	708	-1
709	709	1
710	710	1
711	711	-3
712	712	3
713	713	-1
714	714	-1
715	715	-1
716	716	3
717	717	1
718	718	-1
719	719	1
720	720	1
721	721	3
722	722	1
723	723	1
724	724	-1
725	725	-1
726	726	1
727	727	1
728	728	-1
729	729	-3
730	730	-1
731	731	-1
732	732	1
733	733	1
734	734	1
735	735	-1
736	736	-1
737	737	3
738	738	1
739	739	-3
740	740	1
741	741	1
742	742	-1
743	743	-1
744	744	-1
745	745	3
746	746	-1
747	747	-3
748	748	-1
749	749	-1
750	750	-1
751	751	1
752	752	-1
753	753	1
754	754	1
755	755	-1
756	756	1
757	757	-1
758	758	1
759	759	-1
760	760	-1
761	761	-3
762	762	1
763	763	1
764	764	3
765	765	3
766	766	3
767	767	-1
768	768	1
769	769	-1
770	770	1
771	771	-1
772	772	-1
773	773	3
774	774	1
775	775	3
776	776	-1
777	777	1
778	778	3
779	779	1
780	780	1
781	781	-3
782	782	3
783	783	1
784	784	-1
785	785	-1
786	786	3
787	787	1
788	788	1
789	789	1
790	790	-1
791	791	-3
792	792	-1
793	793	1
794	794	3
795	795	1
796	796	1
797	797	-1
798	798	-3
799	799	3
800	800	-1
801	801	-3
802	802	-1
803	803	1
804	804	1
805	805	1
806	806	1
807	807	1
808	808	-1
809	809	3
810	810	-1
811	811	1
812	812	1
813	813	1
814	814	-1
815	815	-3
816	816	-1
817	817	1
818	818	-1
819	819	1
820	820	-1
821	821	-1
822	822	-3
823	823	1
824	824	-1
825	825	1
826	826	1
827	827	1
828	828	-1
829	829	3
830	830	-3
831	831	1
832	832	-1
833	833	-1
834	834	-1
835	835	-3
836	836	1
837	837	-1
838	838	-1
839	839	1
840	840	-1
841	841	-3
842	842	-3
843	843	1
844	844	-1
845	845	-1
846	846	1
847	847	3
848	848	-1
849	849	-1
850	850	1
851	851	-3
852	852	-1
853	853	-1
854	854	-3
855	855	3
856	856	1
857	857	1
858	858	-1
859	859	1
860	860	3
861	861	3
862	862	-1
863	863	1
864	864	1
865	865	1
866	866	1
867	867	3
868	868	1
869	869	1
870	870	-1
871	871	-1
872	872	-1
873	873	3
874	874	-3
875	875	-1
876	876	-1
877	877	1
878	878	-3
879	879	1
880	880	-1
881	881	-1
882	882	-1
883	883	-1
884	884	-1
885	885	1
886	886	1
887	887	-1
888	888	-1
889	889	-1
890	890	1
891	891	-1
892	892	1
893	893	-1
894	894	1
895	895	-1
896	896	3
897	897	-1
898	898	-1
899	899	3
900	900	-1
901	901	1
902	902	1
903	903	3
904	904	1
905	905	-3
906	906	1
907	907	-3
908	908	1
909	909	-1
910	910	1
911	911	-1
912	912	-3
913	913	-1
914	914	1
915	915	1
916	916	-1
917	917	1
918	918	-1
919	919	-1
920	920	3
921	921	-1
922	922	3
923	923	1
924	924	-1
925	925	-1
926	926	1
927	927	-3
928	928	-3
929	929	1
930	930	-1
931	931	1
932	932	1
933	933	-1
934	934	1
935	935	1
936	936	1
937	937	-3
938	938	3
939	939	-1
940	940	3
941	941	1
942	942	3
943	943	3
944	944	1
945	945	-3
946	946	1
947	947	-3
948	948	-1
949	949	-1
950	950	1
951	951	3
952	952	3
953	953	-1
954	954	1
955	955	1
956	956	1
957	957	1
958	958	-1
959	959	1
960	960	3
961	961	-1
962	962	1
963	963	1
964	964	-1
965	965	1
966	966	-1
967	967	-1
968	968	-3
969	969	-1
970	970	1
971	971	-1
972	972	-1
973	973	3
974	974	-1
975	975	1
976	976	3
977	977	1
978	978	-1
979	979	-3
980	980	1
981	981	-1
982	982	-3
983	983	-1
984	984	-1
985	985	1
986	986	1
987	987	1
988	988	1
989	989	-1
990	990	-1
991	991	1
992	992	-1
993	993	1
994	994	1
995	995	-1
996	996	1
997	997	1
998	998	-1
999	999	3
1000	1000	1
1001	1001	1
1002	1002	1
1003	1003	3
1004	1004	3
1005	1005	1
1006	1006	3
1007	1007	1
1008	1008	3
1009	1009	-3
1010	1010	3
1011	1011	1
1012	1012	-1
1013	1013	-3
1014	1014	-1
1015	1015	3
1016	1016	1
1017	1017	1
1018	1018	-3
1019	1019	1
1020	1020	-3
1021	1021	1
1022	1022	3
1023	1023	3
1024	1024	1
1025	1025	2
1026	1026	-2
1027	1027	2
1028	1028	2
1029	1029	-2
1030	1030	2
1031	1031	-2
1032	1032	-2
1033	1033	2
1034	1034	2
1035	1035	-2
1036	1036	2
1037	1037	-2
1038	1038	-2
1039	1039	2
1040	1040	-2
1041	1041	-2
1042	1042	2
1043	1043	2
1044	1044	2
1045	1045	-2
1046	1046	-2
1047	1047	2
1048	1048	-2
1049	1049	2
1050	1050	-2
1051	1051	-2
1052	1052	-2
1053	1053	-2
1054	1054	-2
1055	1055	2
1056	1056	-2
1057	1057	-2
1058	1058	2
1059	1059	2
1060	1060	2
1061	1061	-2
1062	1062	2
1063	1063	-2
1064	1064	-2
1065	1065	-2
1066	1066	-2
1067	1067	2
1068	1068	2
1069	1069	2
1070	1070	-2
1071	1071	2
1072	1072	2
1073	1073	2
1074	1074	-2
1075	1075	2
1076	1076	2
1077	1077	-2
1078	1078	2
1079	1079	2
1080	1080	-2
1081	1081	2
1082	1082	2
1083	1083	-2
1084	1084	-2
1085	1085	-2
1086	1086	2
1087	1087	2
1088	1088	2
1089	1089	-2
1090	1090	-2
1091	1091	2
1092	1092	2
1093	1093	2
1094	1094	2
1095	1095	2
1096	1096	-2
1097	1097	-2
1098	1098	2
1099	1099	-2
1100	1100	2
1101	1101	2
1102	1102	-2
1103	1103	-2
1104	1104	-2
1105	1105	-2
1106	1106	-2
1107	1107	2
1108	1108	-2
1109	1109	2
1110	1110	2
1111	1111	2
1112	1112	-2
1113	1113	-2
1114	1114	2
1115	1115	-2
1116	1116	2
1117	1117	-2
1118	1118	2
1119	1119	-2
1120	1120	-2
1121	1121	2
1122	1122	2
1123	1123	-2
1124	1124	2
1125	1125	2
1126	1126	-2
1127	1127	-2
1128	1128	-2
1129	1129	2
1130	1130	2
1131	1131	2
1132	1132	-2
1133	1133	2
1134	1134	-2
1135	1135	2
1136	1136	2
1137	1137	-2
1138	1138	2
1139	1139	-2
1140	1140	2
1141	1141	-2
1142	1142	-2
1143	1143	2
1144	1144	2
1145	1145	2
1146	1146	2
1147	1147	2
1148	1148	-2
1149	1149	2
1150	1150	-2
1151	1151	-2
1152	1152	-2
1153	1153	-2
1154	1154	-2
1155	1155	2
1156	1156	-2
1157	1157	-2
1158	1158	-2
1159	1159	2
1160	1160	2
1161	1161	2
1162	1162	2
1163	1163	2
1164	1164	-2
1165	1165	2
1166	1166	-2
1167	1167	2
1168	1168	2
1169	1169	2
1170	1170	-2
1171	1171	2
1172	1172	2
1173	1173	2
1174	1174	-2
1175	1175	-2
1176	1176	-2
1177	1177	2
1178	1178	-2
1179	1179	-2
1180	1180	2
1181	1181	2
1182	1182	2
1183	1183	-2
1184	1184	-2
1185	1185	-2
1186	1186	2
1187	1187	2
1188	1188	-2
1189	1189	2
1190	1190	-2
1191	1191	-2
1192	1192	-2
1193	1193	2
1194	1194	2
1195	1195	2
1196	1196	-2
1197	1197	2
1198	1198	2
1199	1199	-2
1200	1200	-2
1201	1201	2
1202	1202	-2
1203	1203	-2
1204	1204	2
1205	1205	2
1206	1206	-2
1207	1207	-2
1208	1208	-2
1209	1209	-2
1210	1210	2
1211	1211	2
1212	1212	-2
1213	1213	-2
1214	1214	2
1215	1215	2
1216	1216	-2
1217	1217	-2
1218	1218	2
1219	1219	-2
1220	1220	-2
1221	1221	2
1222	1222	2
1223	1223	2
1224	1224	-2
1225	1225	-2
1226	1226	-2
1227	1227	-2
1228	1228	2
1229	1229	-2
1230	1230	2
1231	1231	-2
1232	1232	-2
1233	1233	2
1234	1234	-2
1235	1235	-2
1236	1236	2
1237	1237	2
1238	1238	2
1239	1239	2
1240	1240	2
1241	1241	2
1242	1242	2
1243	1243	-2
1244	1244	-2
1245	1245	2
1246	1246	-2
1247	1247	2
1248	1248	2
1249	1249	-2
1250	1250	2
1251	1251	2
1252	1252	2
1253	1253	2
1254	1254	2
1255	1255	-2
1256	1256	-2
1257	1257	-2
1258	1258	-2
1259	1259	-2
1260	1260	2
1261	1261	-2
1262	1262	-2
1263	1263	-2
1264	1264	-2
1265	1265	-2
1266	1266	-2
1267	1267	-2
1268	1268	2
1269	1269	-2
1270	1270	-2
1271	1271	-2
1272	1272	-2
1273	1273	2
1274	1274	2
1275	1275	2
1276	1276	-2
1277	1277	2
1278	1278	2
1279	1279	2
1280	1280	-2
1281	1281	-2
1282	1282	-2
1283	1283	2
1284	1284	2
1285	1285	-2
1286	1286	-2
1287	1287	2
1288	1288	2
1289	1289	-2
1290	1290	-2
1291	1291	2
1292	1292	2
1293	1293	-2
1294	1294	2
1295	1295	2
1296	1296	2
1297	1297	-2
1298	1298	-2
1299	1299	-2
1300	1300	-2
1301	1301	2
1302	1302	2
1303	1303	-2
1304	1304	-2
1305	1305	2
1306	1306	-2
1307	1307	-2
1308	1308	2
1309	1309	-2
1310	1310	-2
1311	1311	2
1312	1312	-2
1313	1313	-2
1314	1314	2
1315	1315	-2
1316	1316	2
1317	1317	2
1318	1318	-2
1319	1319	2
1320	1320	2
1321	1321	2
1322	1322	-2
1323	1323	2
1324	1324	-2
1325	1325	2
1326	1326	-2
1327	1327	-2
1328	1328	2
1329	1329	-2
1330	1330	2
1331	1331	2
1332	1332	2
1333	1333	2
1334	1334	2
1335	1335	-2
1336	1336	-2
1337	1337	2
1338	1338	2
1339	1339	2
1340	1340	-2
1341	1341	2
1342	1342	-2
1343	1343	-2
1344	1344	-2
1345	1345	-2
1346	1346	-2
1347	1347	-2
1348	1348	-2
1349	1349	-2
1350	1350	2
1351	1351	2
1352	1352	-2
1353	1353	-2
1354	1354	-2
1355	1355	2
1356	1356	-2
1357	1357	-2
1358	1358	-2
1359	1359	2
1360	1360	2
1361	1361	-2
1362	1362	2
1363	1363	-2
1364	1364	-2
1365	1365	2
1366	1366	-2
1367	1367	2
1368	1368	2
1369	1369	2
1370	1370	-2
1371	1371	-2
1372	1372	-2
1373	1373	2
1374	1374	-2
1375	1375	-2
1376	1376	2
1377	1377	2
1378	1378	2
1379	1379	2
1380	1380	2
1381	1381	2
1382	1382	-2
1383	1383	-2
1384	1384	2
1385	1385	2
1386	1386	2
1387	1387	-2
1388	1388	2
1389	1389	2
1390	1390	2
1391	1391	2
1392	1392	-2
1393	1393	-2
1394	1394	-2
1395	1395	2
1396	1396	-2
1397	1397	-2
1398	1398	-2
1399	1399	-2
1400	1400	-2
1401	1401	-2
1402	1402	-2
1403	1403	2
1404	1404	-2
1405	1405	-2
1406	1406	-2
1407	1407	-2
1408	1408	2
1409	1409	-2
1410	1410	2
1411	1411	2
1412	1412	-2
1413	1413	-2
1414	1414	2
1415	1415	-2
1416	1416	-2
1417	1417	2
1418	1418	-2
1419	1419	-2
1420	1420	2
1421	1421	2
1422	1422	-2
1423	1423	-2
1424	1424	-2
1425	1425	-2
1426	1426	-2
1427	1427	-2
1428	1428	-2
1429	1429	2
1430	1430	2
1431	1431	2
1432	1432	2
1433	1433	-2
1434	1434	-2
1435	1435	2
1436	1436	2
1437	1437	-2
1438	1438	-2
1439	1439	-2
1440	1440	-2
1441	1441	2
1442	1442	-2
1443	1443	-2
1444	1444	2
1445	1445	2
1446	1446	-2
1447	1447	2
1448	1448	2
1449	1449	2
1450	1450	-2
1451	1451	2
1452	1452	-2
1453	1453	2
1454	1454	-2
1455	1455	2
1456	1456	-2
1457	1457	2
1458	1458	-2
1459	1459	-2
1460	1460	2
1461	1461	2
1462	1462	2
1463	1463	-2
1464	1464	2
1465	1465	-2
1466	1466	-2
1467	1467	2
1468	1468	2
1469	1469	-2
1470	1470	2
1471	1471	-2
1472	1472	2
1473	1473	2
1474	1474	-2
1475	1475	-2
1476	1476	-2
1477	1477	-2
1478	1478	-2
1479	1479	-2
1480	1480	-2
1481	1481	2
1482	1482	2
1483	1483	2
1484	1484	2
1485	1485	-2
1486	1486	2
1487	1487	2
1488	1488	2
1489	1489	2
1490	1490	-2
1491	1491	2
1492	1492	2
1493	1493	2
1494	1494	-2
1495	1495	2
1496	1496	-2
1497	1497	2
1498	1498	-2
1499	1499	-2
1500	1500	-2
1501	1501	2
1502	1502	2
1503	1503	2
1504	1504	2
1505	1505	2
1506	1506	-2
1507	1507	-2
1508	1508	2
1509	1509	-2
1510	1510	2
1511	1511	2
1512	1512	-2
1513	1513	-2
1514	1514	-2
1515	1515	2
1516	1516	-2
1517	1517	-2
1518	1518	-2
1519	1519	-2
1520	1520	-2
1521	1521	2
1522	1522	2
1523	1523	2
1524	1524	2
1525	1525	2
1526	1526	2
1527	1527	-2
1528	1528	2
1529	1529	-2
1530	1530	-2
1531	1531	-2
1532	1532	2
1533	1533	2
1534	1534	2
1535	1535	2
1536	1536	2
1537	1537	-2
1538	1538	2
1539	1539	-2
1540	1540	-2
1541	1541	-2
1542	1542	2
1543	1543	2
1544	1544	2
1545	1545	-2
1546	1546	-2
1547	1547	2
1548	1548	2
1549	1549	-2
1550	1550	2
1551	1551	2
1552	1552	2
1553	1553	2
1554	1554	2
1555	1555	2
1556	1556	2
1557	1557	-2
1558	1558	2
1559	1559	-2
1560	1560	2
1561	1561	-2
1562	1562	-2
1563	1563	2
1564	1564	-2
1565	1565	-2
1566	1566	2
1567	1567	2
1568	1568	2
1569	1569	-2
1570	1570	2
1571	1571	2
1572	1572	-2
1573	1573	-2
1574	1574	-2
1575	1575	2
1576	1576	-2
1577	1577	2
1578	1578	2
1579	1579	-2
1580	1580	-2
1581	1581	-2
1582	1582	-2
1583	1583	2
1584	1584	2
1585	1585	2
1586	1586	2
1587	1587	-2
1588	1588	2
1589	1589	-2
1590	1590	-2
1591	1591	-2
1592	1592	2
1593	1593	-2
1594	1594	-2
1595	1595	-2
1596	1596	2
1597	1597	2
1598	1598	-2
1599	1599	2
1600	1600	2
1601	1601	-2
1602	1602	-2
1603	1603	2
1604	1604	-2
1605	1605	2
1606	1606	-2
1607	1607	-2
1608	1608	-2
1609	1609	-2
1610	1610	-2
1611	1611	-2
1612	1612	-2
1613	1613	-2
1614	1614	2
1615	1615	-2
1616	1616	2
1617	1617	2
1618	1618	2
1619	1619	-2
1620	1620	-2
1621	1621	2
1622	1622	2
1623	1623	2
1624	1624	-2
1625	1625	2
1626	1626	-2
1627	1627	-2
1628	1628	-2
1629	1629	2
1630	1630	-2
1631	1631	2
1632	1632	2
1633	1633	-2
1634	1634	-2
1635	1635	2
1636	1636	2
1637	1637	-2
1638	1638	2
1639	1639	-2
1640	1640	2
1641	1641	2
1642	1642	-2
1643	1643	2
1644	1644	-2
1645	1645	-2
1646	1646	-2
1647	1647	2
1648	1648	2
1649	1649	2
1650	1650	2
1651	1651	-2
1652	1652	-2
1653	1653	-2
1654	1654	-2
1655	1655	2
1656	1656	2
1657	1657	-2
1658	1658	2
1659	1659	2
1660	1660	-2
1661	1661	-2
1662	1662	-2
1663	1663	-2
1664	1664	-2
1665	1665	2
1666	1666	2
1667	1667	-2
1668	1668	-2
1669	1669	2
1670	1670	2
1671	1671	2
1672	1672	-2
1673	1673	-2
1674	1674	-2
1675	1675	-2
1676	1676	-2
1677	1677	-2
1678	1678	2
1679	1679	2
1680	1680	2
1681	1681	-2
1682	1682	-2
1683	1683	2
1684	1684	-2
1685	1685	2
1686	1686	2
1687	1687	2
1688	1688	2
1689	1689	2
1690	1690	-2
1691	1691	-2
1692	1692	-2
1693	1693	-2
1694	1694	-2
1695	1695	-2
1696	1696	-2
1697	1697	-2
1698	1698	-2
1699	1699	-2
1700	1700	2
1701	1701	-2
1702	1702	2
1703	1703	-2
1704	1704	2
1705	1705	2
1706	1706	-2
1707	1707	-2
1708	1708	-2
1709	1709	-2
1710	1710	-2
1711	1711	-2
1712	1712	-2
1713	1713	-2
1714	1714	-2
1715	1715	-2
1716	1716	-2
1717	1717	-2
1718	1718	-2
1719	1719	2
1720	1720	2
1721	1721	2
1722	1722	2
1723	1723	2
1724	1724	2
1725	1725	-2
1726	1726	-2
1727	1727	2
1728	1728	2
1729	1729	2
1730	1730	2
1731	1731	-2
1732	1732	-2
1733	1733	2
1734	1734	2
1735	1735	2
1736	1736	-2
1737	1737	-2
1738	1738	-2
1739	1739	2
1740	1740	2
1741	1741	2
1742	1742	2
1743	1743	2
1744	1744	-2
1745	1745	2
1746	1746	-2
1747	1747	2
1748	1748	-2
1749	1749	-2
1750	1750	2
1751	1751	2
1752	1752	-2
1753	1753	2
1754	1754	-2
1755	1755	2
1756	1756	-2
1757	1757	2
1758	1758	-2
1759	1759	2
1760	1760	2
1761	1761	-2
1762	1762	-2
1763	1763	2
1764	1764	2
1765	1765	2
1766	1766	2
1767	1767	-2
1768	1768	2
1769	1769	-2
1770	1770	2
1771	1771	2
1772	1772	-2
1773	1773	2
1774	1774	-2
1775	1775	2
1776	1776	2
1777	1777	-2
1778	1778	-2
1779	1779	2
1780	1780	2
1781	1781	2
1782	1782	-2
1783	1783	-2
1784	1784	-2
1785	1785	2
1786	1786	-2
1787	1787	-2
1788	1788	2
1789	1789	-2
1790	1790	2
1791	1791	2
1792	1792	-2
1793	1793	-2
1794	1794	-2
1795	1795	2
1796	1796	2
1797	1797	2
1798	1798	2
1799	1799	-2
1800	1800	-2
1801	1801	2
1802	1802	2
1803	1803	-2
1804	1804	2
1805	1805	2
1806	1806	-2
1807	1807	2
1808	1808	2
1809	1809	2
1810	1810	2
1811	1811	2
1812	1812	2
1813	1813	2
1814	1814	2
1815	1815	2
1816	1816	-2
1817	1817	-2
1818	1818	2
1819	1819	2
1820	1820	-2
1821	1821	-2
1822	1822	-2
1823	1823	2
1824	1824	2
1825	1825	2
1826	1826	2
1827	1827	-2
1828	1828	-2
1829	1829	-2
1830	1830	-2
1831	1831	2
1832	1832	2
1833	1833	-2
1834	1834	2
1835	1835	2
1836	1836	-2
1837	1837	2
1838	1838	2
1839	1839	-2
1840	1840	2
1841	1841	2
1842	1842	2
1843	1843	2
1844	1844	-2
1845	1845	2
1846	1846	-2
1847	1847	-2
1848	1848	2
1849	1849	-2
1850	1850	2
1851	1851	-2
1852	1852	-2
1853	1853	-2
1854	1854	-2
1855	1855	2
1856	1856	-2
1857	1857	-2
1858	1858	2
1859	1859	-2
1860	1860	-2
1861	1861	-2
1862	1862	-2
1863	1863	-2
1864	1864	-2
1865	1865	-2
1866	1866	2
1867	1867	2
1868	1868	-2
1869	1869	-2
1870	1870	2
1871	1871	2
1872	1872	2
1873	1873	-2
1874	1874	-2
1875	1875	-2
1876	1876	2
1877	1877	2
1878	1878	-2
1879	1879	2
1880	1880	-2
1881	1881	2
1882	1882	2
1883	1883	2
1884	1884	2
1885	1885	2
1886	1886	-2
1887	1887	-2
1888	1888	-2
1889	1889	2
1890	1890	2
1891	1891	-2
1892	1892	-2
1893	1893	2
1894	1894	2
1895	1895	2
1896	1896	2
1897	1897	2
1898	1898	2
1899	1899	2
1900	1900	-2
1901	1901	2
1902	1902	2
1903	1903	-2
1904	1904	-2
1905	1905	-2
1906	1906	2
1907	1907	2
1908	1908	2
1909	1909	2
1910	1910	-2
1911	1911	-2
1912	1912	-2
1913	1913	2
1914	1914	-2
1915	1915	-2
1916	1916	2
1917	1917	2
1918	1918	-2
1919	1919	-2
1920	1920	2
1921	1921	-2
1922	1922	-2
1923	1923	2
1924	1924	-2
1925	1925	2
1926	1926	2
1927	1927	2
1928	1928	2
1929	1929	2
1930	1930	2
1931	1931	-2
1932	1932	-2
1933	1933	-2
1934	1934	-2
1935	1935	-2
1936	1936	-2
1937	1937	-2
1938	1938	-2
1939	1939	2
1940	1940	2
1941	1941	-2
1942	1942	-2
1943	1943	-2
1944	1944	2
1945	1945	-2
1946	1946	-2
1947	1947	-2
1948	1948	-2
1949	1949	-2
1950	1950	2
1951	1951	-2
1952	1952	-2
1953	1953	-2
1954	1954	-2
1955	1955	2
1956	1956	-2
1957	1957	2
1958	1958	-2
1959	1959	2
1960	1960	2
1961	1961	2
1962	1962	-2
1963	1963	2
1964	1964	2
1965	1965	2
1966	1966	-2
1967	1967	-2
1968	1968	-2
1969	1969	-2
1970	1970	2
1971	1971	2
1972	1972	2
1973	1973	2
1974	1974	-2
1975	1975	2
1976	1976	-2
1977	1977	-2
1978	1978	2
1979	1979	-2
1980	1980	-2
1981	1981	2
1982	1982	2
1983	1983	-2
1984	1984	2
1985	1985	-2
1986	1986	-2
1987	1987	2
1988	1988	-2
1989	1989	2
1990	1990	-2
1991	1991	2
1992	1992	2
1993	1993	-2
1994	1994	2
1995	1995	-2
1996	1996	-2
1997	1997	2
1998	1998	-2
1999	1999	-2
2000	2000	2
2001	2001	-2
2002	2002	-2
2003	2003	2
2004	2004	2
2005	2005	-2
2006	2006	2
2007	2007	2
2008	2008	2
2009	2009	2
2010	2010	-2
2011	2011	2
2012	2012	-2
2013	2013	2
2014	2014	-2
2015	2015	2
2016	2016	2
2017	2017	-2
2018	2018	-2
2019	2019	2
2020	2020	-2
2021	2021	2
2022	2022	2
2023	2023	2
2024	2024	2
2025	2025	2
2026	2026	-2
2027	2027	2
2028	2028	-2
2029	2029	2
2030	2030	-2
2031	2031	-2
2032	2032	2
2033	2033	-2
2034	2034	-2
2035	2035	-2
2036	2036	2
2037	2037	2
2038	2038	-2
2039	2039	2
2040	2040	-2
2041	2041	-2
2042	2042	2
2043	2043	-2
2044	2044	2
2045	2045	-2
2046	2046	2
2047	2047	-2
2048	2048	2
1	90	1
1	392	1
1	446	1
1	459	1
1	846	1
1	984	1
1	1517	2
1	1576	-2
1	1934	2
2	305	1
2	649	1
2	694	1
2	697	1
2	711	1
2	949	1
2	1224	2
2	1321	2
2	1951	2
3	20	1
3	88	1
3	166	1
3	609	1
3	647	1
3	940	1
3	1161	2
3	1237	2
3	1921	2
4	211	1
4	261	1
4	269	1
4	782	1
4	883	1
4	933	1
4	1119	-2
4	1341	-2
4	1621	-2
5	139	1
5	217	1
5	709	1
5	756	1
5	813	1
5	887	1
5	1337	-2
5	1712	-2
5	1790	2
6	65	1
6	79	1
6	98	1
6	548	1
6	690	1
6	913	1
6	1352	2
6	1419	2
6	1905	-2
7	147	1
7	185	1
7	388	1
7	393	1
7	608	1
7	890	1
7	1260	2
7	1279	-2
7	1725	-2
8	382	1
8	627	1
8	702	1
8	720	1
8	988	1
8	1008	1
8	1171	-2
8	1331	2
8	1532	2
9	109	1
9	134	1
9	250	1
9	337	1
9	494	1
9	509	1
9	1362	2
9	1370	2
9	1585	-2
10	425	1
10	438	1
10	448	1
10	514	1
10	859	1
10	1007	1
10	1030	2
10	1040	-2
10	1975	2
11	184	1
11	232	1
11	338	1
11	953	1
11	993	1
11	996	1
11	1473	2
11	1787	2
11	1996	-2
12	34	1
12	302	1
12	455	1
12	471	1
12	480	1
12	613	1
12	1454	2
12	1848	-2
12	1885	-2
13	32	1
13	356	1
13	463	1
13	528	1
13	650	1
13	746	1
13	1088	-2
13	1211	2
13	1679	2
14	20	1
14	41	1
14	308	1
14	337	1
14	566	1
14	781	1
14	1277	-2
14	1470	2
14	1923	-2
15	241	1
15	446	1
15	532	1
15	819	1
15	906	1
15	927	1
15	1115	-2
15	1165	-2
15	1281	-2
16	39	1
16	275	1
16	364	1
16	485	1
16	853	1
16	916	1
16	1389	-2
16	1400	-2
16	1997	2
17	385	1
17	478	1
17	521	1
17	578	1
17	721	1
17	972	1
17	1082	-2
17	1798	2
17	1808	-2
18	216	1
18	270	1
18	360	1
18	440	1
18	691	1
18	744	1
18	1278	-2
18	1449	2
18	1506	2
19	144	1
19	254	1
19	375	1
19	415	1
19	774	1
19	843	1
19	1538	-2
19	1684	2
19	1846	-2
20	43	1
20	505	1
20	566	1
20	609	1
20	1791	-2
20	1921	2
20	1923	-2
21	35	1
21	154	1
21	756	1
21	768	1
21	836	1
21	893	1
21	1754	2
21	1929	2
21	1942	-2
22	656	1
22	657	1
22	704	1
22	870	1
22	874	1
22	961	1
22	1053	2
22	1195	-2
22	1417	-2
23	192	1
23	293	1
23	434	1
23	436	1
23	634	1
23	894	1
23	1079	-2
23	1507	-2
23	1616	-2
24	51	1
24	200	1
24	204	1
24	349	1
24	496	1
24	618	1
24	1068	2
24	1345	2
24	1764	2
25	163	1
25	260	1
25	411	1
25	501	1
25	658	1
25	876	1
25	1495	2
25	1552	-2
25	1910	-2
26	49	1
26	102	1
26	110	1
26	317	1
26	620	1
26	653	1
26	1181	-2
26	1466	-2
26	1824	-2
27	125	1
27	166	1
27	292	1
27	345	1
27	424	1
27	501	1
27	1394	-2
27	1535	-2
27	1544	-2
28	45	1
28	138	1
28	251	1
28	327	1
28	601	1
28	833	1
28	1205	-2
28	1943	2
28	1952	-2
29	43	1
29	120	1
29	201	1
29	380	1
29	407	1
29	750	1
29	1468	2
29	1523	-2
29	1688	-2
30	165	1
30	400	1
30	520	1
30	522	1
30	576	1
30	768	1
30	1403	-2
30	1499	-2
30	1909	-2
31	54	1
31	116	1
31	492	1
31	728	1
31	968	1
31	980	1
31	1047	2
31	1479	2
31	1529	2
32	528	1
32	619	1
32	710	1
32	791	1
32	936	1
32	1029	2
32	1088	-2
32	1167	2
33	194	1
33	336	1
33	426	1
33	726	1
33	780	1
33	787	1
33	1046	2
33	1100	2
33	1932	2
34	210	1
34	462	1
34	471	1
34	646	1
34	695	1
34	1226	-2
34	1608	2
34	1885	-2
35	384	1
35	732	1
35	768	1
35	827	1
35	1005	1
35	1121	-2
35	1776	-2
35	1929	2
36	175	1
36	298	1
36	479	1
36	678	1
36	812	1
36	872	1
36	1073	2
36	1136	2
36	1272	-2
37	118	1
37	206	1
37	368	1
37	405	1
37	550	1
37	926	1
37	1440	2
37	1500	-2
37	1856	2
38	167	1
38	615	1
38	692	1
38	894	1
38	933	1
38	980	1
38	1069	2
38	1333	-2
38	1708	-2
39	285	1
39	527	1
39	539	1
39	768	1
39	853	1
39	1105	-2
39	1400	-2
39	1973	-2
40	172	1
40	195	1
40	214	1
40	429	1
40	504	1
40	924	1
40	1254	2
40	1439	2
40	1577	2
41	82	1
41	524	1
41	781	1
41	786	1
41	1004	1
41	1277	-2
41	1570	2
41	1727	2
42	328	1
42	435	1
42	730	1
42	738	1
42	977	1
42	983	1
42	1464	-2
42	1658	-2
42	2040	2
43	100	1
43	201	1
43	505	2
43	1137	2
43	1688	-2
43	1791	-2
44	94	1
44	241	1
44	371	1
44	689	1
44	702	1
44	924	1
44	1058	-2
44	1853	2
44	1920	2
45	97	1
45	576	1
45	601	1
45	772	1
45	802	1
45	1357	-2
45	1657	2
45	1943	2
46	191	1
46	304	1
46	353	1
46	692	1
46	892	1
46	930	1
46	1055	2
46	1148	2
46	2011	2
47	470	1
47	532	1
47	607	1
47	775	1
47	879	1
47	886	1
47	1387	-2
47	1704	2
47	1741	2
48	453	1
48	469	1
48	474	1
48	518	1
48	749	1
48	760	1
48	1144	2
48	1402	2
48	1594	2
49	95	1
49	102	1
49	303	1
49	350	1
49	679	1
49	1348	2
49	1466	-2
49	1639	2
50	297	1
50	392	1
50	394	1
50	506	1
50	644	1
50	726	1
50	1089	2
50	1924	-2
50	1999	2
51	332	1
51	358	1
51	496	1
51	743	1
51	997	1
51	1407	2
51	1764	2
51	1919	-2
52	65	1
52	497	1
52	722	1
52	779	1
52	956	1
52	1014	1
52	1482	2
52	1841	2
52	1988	-2
53	160	1
53	324	1
53	451	1
53	473	1
53	515	1
53	877	1
53	1427	2
53	1622	-2
53	1627	-2
54	104	1
54	476	1
54	621	1
54	758	1
54	968	1
54	1378	-2
54	1422	2
54	1479	2
55	225	1
55	441	1
55	492	1
55	675	1
55	783	1
55	912	1
55	1056	-2
55	1329	2
55	1366	2
56	75	1
56	157	1
56	166	1
56	314	1
56	387	1
56	762	1
56	1113	-2
56	1155	-2
56	1559	-2
57	107	1
57	135	1
57	199	1
57	509	1
57	880	1
57	943	1
57	1097	2
57	1811	-2
57	1908	2
58	215	1
58	411	1
58	525	1
58	816	1
58	886	1
58	1017	1
58	1117	2
58	1446	-2
58	1645	-2
59	327	1
59	345	1
59	425	1
59	562	1
59	808	1
59	886	1
59	1275	-2
59	1732	2
59	1834	-2
60	61	1
60	173	1
60	439	1
60	584	1
60	619	1
60	1013	1
60	1390	2
60	1728	-2
60	2033	2
61	135	1
61	151	1
61	304	1
61	619	1
61	861	1
61	1268	2
61	1886	-2
61	2033	2
62	235	1
62	343	1
62	366	1
62	507	1
62	625	1
62	982	1
62	1192	2
62	1360	-2
62	1421	-2
63	230	1
63	275	1
63	315	1
63	427	1
63	618	1
63	684	1
63	1504	2
63	1765	-2
63	1948	2
64	316	1
64	655	1
64	720	1
64	752	1
64	884	1
64	987	1
64	1035	2
64	1320	-2
64	1547	2
65	79	1
65	240	1
65	693	1
65	722	1
65	1219	-2
65	1352	2
65	1482	2
66	294	1
66	401	1
66	404	1
66	485	1
66	805	1
66	984	1
66	1286	2
66	1604	-2
66	1648	-2
67	449	1
67	460	1
67	656	1
67	872	1
67	907	1
67	947	1
67	1587	2
67	1682	2
67	1957	-2
68	87	1
68	199	1
68	466	1
68	671	1
68	897	1
68	919	1
68	1153	2
68	1779	-2
68	1971	2
69	112	1
69	125	1
69	281	1
69	371	1
69	572	1
69	994	1
69	1291	-2
69	1488	-2
69	1662	2
70	461	1
70	554	1
70	676	1
70	776	1
70	827	1
70	915	1
70	1235	-2
70	1721	2
70	1912	-2
71	72	1
71	240	1
71	347	1
71	363	1
71	792	1
71	960	1
71	1485	-2
71	1956	-2
71	1976	-2
72	215	1
72	347	1
72	495	1
72	517	1
72	697	1
72	1782	2
72	1818	2
72	1956	-2
73	132	1
73	230	1
73	279	1
73	463	1
73	557	1
73	864	1
73	1661	-2
73	1865	-2
73	2024	2
74	175	1
74	440	1
74	461	1
74	471	1
74	578	1
74	598	1
74	1304	-2
74	1376	2
74	1411	2
75	166	1
75	388	1
75	444	1
75	575	1
75	739	1
75	1113	-2
75	1745	2
75	2034	2
76	107	1
76	377	1
76	389	1
76	407	1
76	497	1
76	961	1
76	1067	-2
76	1493	-2
76	1994	2
77	246	1
77	339	1
77	464	1
77	587	1
77	880	1
77	953	1
77	1083	-2
77	1372	2
77	1866	-2
78	157	1
78	380	1
78	453	1
78	781	1
78	797	1
78	850	1
78	1109	2
78	1110	2
78	1884	-2
79	302	1
79	437	1
79	596	1
79	915	1
79	1207	-2
79	1310	2
79	1352	2
80	168	1
80	324	1
80	369	1
80	374	1
80	447	1
80	700	1
80	1789	2
80	1901	2
80	1964	2
81	234	1
81	486	1
81	487	1
81	725	1
81	811	1
81	850	1
81	1566	2
81	1751	2
81	2025	-2
82	454	1
82	496	1
82	786	1
82	985	1
82	1019	1
82	1545	2
82	1570	2
82	2012	-2
83	111	1
83	491	1
83	628	1
83	672	1
83	760	1
83	903	1
83	1240	2
83	1802	-2
83	1959	2
84	526	1
84	627	1
84	710	1
84	900	1
84	952	1
84	975	1
84	1319	2
84	1625	-2
84	2018	-2
85	105	1
85	380	1
85	590	1
85	611	1
85	617	1
85	815	1
85	1096	-2
85	1420	-2
85	1537	-2
86	159	1
86	263	1
86	398	1
86	667	1
86	775	1
86	891	1
86	1432	-2
86	1917	-2
86	2000	2
87	199	1
87	444	1
87	623	1
87	640	1
87	769	1
87	1458	2
87	1681	2
87	1971	2
88	166	1
88	329	1
88	381	1
88	573	1
88	991	1
88	1161	2
88	1569	2
88	1940	-2
89	110	1
89	169	1
89	177	1
89	279	1
89	662	1
89	716	1
89	1342	-2
89	1437	-2
89	1950	-2
90	131	1
90	152	1
90	459	1
90	553	1
90	945	1
90	1042	-2
90	1517	2
90	1571	-2
91	224	1
91	225	1
91	392	1
91	488	1
91	917	1
91	1022	1
91	1285	-2
91	1486	2
91	1874	-2
92	178	1
92	316	1
92	365	1
92	460	1
92	716	1
92	949	1
92	1248	2
92	1314	2
92	1794	-2
93	296	1
93	571	1
93	588	1
93	708	1
93	867	1
93	995	1
93	1253	2
93	1858	-2
93	1890	2
94	379	1
94	418	1
94	702	1
94	762	1
94	971	1
94	1216	-2
94	1853	2
94	2008	-2
95	170	1
95	227	1
95	303	1
95	433	1
95	1021	1
95	1303	2
95	1533	-2
95	1639	2
96	460	1
96	533	1
96	634	1
96	722	1
96	788	1
96	900	1
96	1163	2
96	1564	-2
96	1814	2
97	326	1
97	769	1
97	790	1
97	802	1
97	851	1
97	1489	-2
97	1657	2
97	1840	-2
98	313	1
98	332	1
98	548	1
98	618	1
98	792	1
98	1128	2
98	1839	2
98	1905	-2
99	191	1
99	322	1
99	590	1
99	725	1
99	773	1
99	834	1
99	1299	2
99	1484	2
99	1674	-2
100	361	1
100	411	1
100	498	1
100	505	1
100	771	1
100	1134	-2
100	1137	2
100	1152	2
101	280	1
101	325	1
101	473	1
101	751	1
101	848	1
101	979	1
101	1442	2
101	1823	-2
101	1903	2
102	209	1
102	271	1
102	555	1
102	845	1
102	1355	2
102	1466	-2
102	1837	2
103	269	1
103	570	1
103	596	1
103	636	1
103	661	1
103	718	1
103	1297	-2
103	1862	2
103	2046	-2
104	244	1
104	252	1
104	476	1
104	636	1
104	676	1
104	1422	2
104	1649	2
104	2020	-2
105	322	1
105	364	1
105	612	1
105	617	1
105	813	1
105	1096	-2
105	1156	2
105	1883	2
106	235	1
106	451	1
106	494	1
106	534	1
106	634	1
106	742	1
106	1182	2
106	1273	-2
106	1990	2
107	199	1
107	321	1
107	497	1
107	955	1
107	1097	2
107	1294	2
107	1994	2
108	365	1
108	586	1
108	643	1
108	741	1
108	746	1
108	953	1
108	1461	-2
108	1647	-2
108	1836	2
109	271	1
109	278	1
109	509	1
109	637	1
109	787	1
109	1385	-2
109	1585	-2
109	1666	-2
110	437	1
110	620	1
110	716	1
110	749	1
110	1236	-2
110	1342	-2
110	1824	-2
111	122	1
111	214	1
111	255	1
111	654	1
111	903	1
111	1240	2
111	1584	-2
111	1813	2
112	354	1
112	371	1
112	382	1
112	468	1
112	744	1
112	1244	2
112	1471	2
112	1488	-2
113	120	1
113	243	1
113	480	1
113	580	1
113	606	1
113	733	1
113	1139	2
113	1217	2
113	1572	-2
114	134	1
114	148	1
114	348	1
114	357	1
114	498	1
114	672	1
114	1733	2
114	2039	2
114	2042	-2
115	206	1
115	300	1
115	511	1
115	528	1
115	557	1
115	845	1
115	1353	2
115	1640	-2
115	1937	-2
116	414	1
116	553	1
116	897	1
116	980	1
116	998	1
116	1516	2
116	1529	2
116	1707	2
117	340	1
117	404	1
117	541	1
117	604	1
117	623	1
117	714	1
117	1063	2
117	1805	2
117	1893	-2
118	267	1
118	405	1
118	454	1
118	654	1
118	844	1
118	1440	2
118	1443	-2
118	1817	2
119	334	1
119	436	1
119	491	1
119	773	1
119	848	1
119	865	1
119	1346	-2
119	1896	2
119	1981	2
120	407	1
120	733	1
120	748	1
120	888	1
120	1217	2
120	1468	2
120	1598	2
121	248	1
121	257	1
121	529	1
121	540	1
121	641	1
121	870	1
121	1381	-2
121	1424	2
121	1462	2
122	124	1
122	214	1
122	657	1
122	674	1
122	963	1
122	1759	-2
122	1813	2
122	1880	-2
123	202	1
123	430	1
123	707	1
123	828	1
123	839	1
123	854	1
123	1232	2
123	1455	-2
123	2006	-2
124	686	1
124	796	1
124	847	1
124	863	1
124	963	1
124	1573	-2
124	1759	-2
124	2021	2
125	281	1
125	345	1
125	353	1
125	976	1
125	1090	-2
125	1535	-2
125	1662	2
126	257	1
126	299	1
126	527	1
126	542	1
126	545	1
126	881	1
126	1373	-2
126	1685	-2
126	1944	2
127	189	1
127	642	1
127	729	1
127	939	1
127	945	1
127	998	1
127	1465	2
127	1480	2
127	1600	-2
128	168	1
128	324	1
128	810	1
128	820	2
128	835	1
128	1247	-2
128	1497	2
128	1757	-2
129	309	1
129	346	1
129	376	1
129	500	1
129	521	1
129	779	1
129	1433	2
129	1550	2
129	1614	-2
130	133	1
130	349	1
130	498	1
130	632	1
130	702	1
130	839	1
130	1718	-2
130	1742	2
130	1857	2
131	454	1
131	527	1
131	842	1
131	945	1
131	966	1
131	1042	-2
131	1266	2
131	1496	2
132	244	1
132	466	1
132	533	1
132	557	1
132	610	1
132	1214	2
132	1661	-2
132	1897	-2
133	212	1
133	340	1
133	428	1
133	477	1
133	632	1
133	1336	-2
133	1660	-2
133	1742	2
134	337	1
134	672	1
134	842	1
134	1014	1
134	1362	2
134	1542	-2
134	2039	2
135	151	1
135	943	1
135	957	1
135	1014	1
135	1268	2
135	1719	-2
135	1908	2
136	221	1
136	268	1
136	272	1
136	692	1
136	749	1
136	967	1
136	1203	-2
136	2009	-2
136	2017	2
137	143	1
137	251	1
137	598	1
137	695	1
137	888	1
137	979	1
137	1469	2
137	1483	-2
137	2032	2
138	258	1
138	286	1
138	446	1
138	756	1
138	833	1
138	1205	-2
138	1490	-2
138	2043	2
139	217	1
139	641	1
139	777	1
139	826	1
139	834	1
139	1790	2
139	2003	-2
139	2013	-2
140	250	1
140	265	1
140	549	1
140	712	1
140	908	1
140	917	1
140	1196	-2
140	1771	-2
140	1879	2
141	274	1
141	462	1
141	514	1
141	537	1
141	772	1
141	829	1
141	1393	-2
141	1911	2
141	1978	-2
142	614	1
142	727	1
142	822	1
142	899	1
142	935	1
142	985	1
142	1696	-2
142	1720	2
142	2038	2
143	194	1
143	414	1
143	467	1
143	598	1
143	879	1
143	1151	2
143	1483	-2
143	1828	2
144	415	1
144	530	1
144	652	1
144	736	1
144	968	1
144	1265	-2
144	1521	-2
144	1538	-2
145	224	1
145	428	1
145	517	1
145	599	1
145	617	1
145	928	1
145	1025	-2
145	1130	2
145	1892	2
146	197	1
146	275	1
146	448	1
146	499	1
146	616	1
146	800	1
146	1107	2
146	1166	-2
146	1851	2
147	287	1
147	313	1
147	393	1
147	668	1
147	888	1
147	1279	-2
147	1743	-2
147	1992	2
148	245	1
148	498	1
148	682	1
148	915	1
148	1009	1
148	1405	2
148	1492	-2
148	1733	2
149	186	1
149	248	1
149	695	1
149	703	1
149	911	1
149	1022	1
149	1416	-2
149	1595	-2
149	1680	2
150	395	1
150	406	1
150	536	1
150	632	1
150	843	1
150	857	1
150	1426	2
150	1515	2
150	1753	2
151	352	1
151	413	1
151	635	1
151	639	1
151	1268	2
151	1726	2
151	1815	2
152	213	1
152	413	1
152	448	1
152	553	1
152	950	1
152	1571	-2
152	1613	2
152	1977	-2
153	209	1
153	221	1
153	386	1
153	593	1
153	658	1
153	688	1
153	1714	-2
153	1875	2
153	2041	-2
154	478	1
154	723	1
154	829	1
154	893	1
154	932	1
154	1463	-2
154	1539	-2
154	1754	2
155	281	1
155	609	1
155	643	1
155	783	1
155	806	1
155	814	1
155	1036	2
155	1586	-2
155	2031	-2
156	216	1
156	292	1
156	476	1
156	719	1
156	980	1
156	986	1
156	1176	-2
156	1508	2
156	1650	2
157	314	1
157	453	1
157	487	1
157	624	1
157	1110	2
157	1124	2
157	1155	-2
158	288	1
158	443	1
158	447	1
158	472	1
158	741	1
158	743	1
158	1033	-2
158	1179	-2
158	1785	2
159	183	1
159	367	1
159	398	1
159	542	1
159	602	1
159	1518	2
159	1854	2
159	1917	-2
160	268	1
160	473	1
160	502	1
160	808	1
160	913	1
160	1364	-2
160	1431	-2
160	1622	-2
161	303	1
161	315	1
161	537	1
161	598	1
161	656	1
161	858	1
161	1075	-2
161	1388	-2
161	1993	2
162	219	1
162	225	1
162	290	1
162	323	1
162	330	1
162	362	1
162	1095	-2
162	1228	2
162	1867	-2
163	187	1
163	239	1
163	411	1
163	546	1
163	623	1
163	1386	2
163	1581	-2
163	1910	-2
164	228	1
164	262	1
164	372	1
164	394	1
164	903	1
164	981	1
164	1430	2
164	1830	-2
164	1968	2
165	168	1
165	400	1
165	519	1
165	786	1
165	992	1
165	1052	-2
165	1768	2
165	1909	-2
166	501	1
166	1113	-2
166	1161	2
166	1394	-2
167	347	1
167	412	1
167	862	1
167	889	1
167	980	1
167	1069	2
167	1809	-2
167	1963	-2
168	324	2
168	519	1
168	1497	2
168	1768	2
168	1789	2
169	222	1
169	252	1
169	662	1
169	832	1
169	906	1
169	1311	2
169	1437	-2
169	1831	-2
170	227	1
170	253	1
170	456	1
170	774	1
170	904	1
170	1245	2
170	1533	-2
170	1590	-2
171	699	1
171	776	1
171	823	2
171	836	1
171	919	1
171	1116	2
171	1652	2
171	1750	2
172	394	1
172	429	1
172	467	1
172	855	1
172	920	1
172	1173	2
172	1536	2
172	1577	2
173	247	1
173	439	1
173	508	1
173	551	1
173	579	1
173	1349	2
173	1390	2
173	1667	-2
174	256	1
174	387	1
174	524	1
174	615	1
174	794	1
174	974	1
174	1178	2
174	1185	-2
174	1380	2
175	440	1
175	678	1
175	868	1
175	999	1
175	1136	2
175	1223	2
175	1304	-2
176	318	1
176	387	1
176	409	1
176	465	1
176	579	1
176	1008	1
176	1256	2
176	1289	-2
176	1343	-2
177	279	1
177	402	1
177	577	1
177	864	1
177	972	1
177	1074	-2
177	1950	-2
177	1984	-2
178	319	1
178	493	1
178	581	1
178	664	1
178	949	1
178	1085	-2
178	1210	2
178	1314	2
179	594	1
179	717	1
179	848	1
179	922	1
179	947	1
179	970	1
179	1549	-2
179	1551	2
179	1701	2
180	607	1
180	613	1
180	740	1
180	830	1
180	873	1
180	942	1
180	1145	2
180	1159	2
180	1457	-2
181	556	1
181	567	1
181	568	1
181	804	1
181	863	1
181	889	1
181	1091	2
181	1812	-2
181	1966	-2
182	311	1
182	463	1
182	487	1
182	674	1
182	967	1
182	983	1
182	1076	-2
182	1125	-2
182	1300	2
183	571	1
183	602	1
183	671	1
183	682	1
183	922	1
183	1518	2
183	1579	2
183	1843	2
184	438	1
184	459	1
184	905	1
184	950	1
184	993	1
184	1313	2
184	1350	2
184	1473	2
185	388	1
185	515	1
185	592	1
185	714	1
185	798	1
185	1135	-2
185	1215	-2
185	1725	-2
186	226	1
186	263	1
186	627	1
186	671	1
186	703	1
186	1416	-2
186	1807	2
186	1900	-2
187	344	1
187	511	1
187	546	1
187	649	1
187	857	1
187	1103	-2
187	1581	-2
187	1945	2
188	207	1
188	274	1
188	298	1
188	335	1
188	652	1
188	841	1
188	1693	2
188	1832	2
188	1947	2
189	223	1
189	752	1
189	889	1
189	939	1
189	1016	1
189	1600	-2
189	1663	2
189	1918	-2
190	258	1
190	365	1
190	406	1
190	479	1
190	543	1
190	855	1
190	1379	-2
190	1399	-2
190	1972	2
191	322	1
191	353	1
191	651	1
191	993	1
191	1138	2
191	1484	2
191	2011	2
192	293	1
192	354	1
192	504	1
192	538	1
192	564	1
192	1563	-2
192	1616	-2
192	1678	2
193	286	1
193	352	1
193	403	1
193	426	1
193	565	1
193	637	1
193	1392	2
193	1628	2
193	1697	-2
194	467	1
194	549	1
194	787	1
194	875	1
194	1100	2
194	1801	2
194	1828	2
195	389	1
195	504	1
195	572	1
195	755	1
195	760	1
195	1254	2
195	1522	-2
195	1930	-2
196	200	1
196	277	1
196	620	1
196	654	1
196	916	1
196	939	1
196	1065	2
196	1406	2
196	1877	-2
197	438	1
197	497	1
197	499	1
197	636	1
197	962	1
197	1166	-2
197	1716	-2
197	1859	-2
198	481	1
198	704	1
198	734	1
198	901	1
198	957	1
198	1008	1
198	1078	2
198	1653	-2
198	1669	2
199	201	1
199	862	1
199	1097	2
199	1783	2
199	1971	2
200	277	1
200	618	1
200	1001	1
200	1021	1
200	1068	2
200	1406	2
200	1643	2
201	331	1
201	689	1
201	862	1
201	1688	-2
201	1783	2
201	1888	-2
202	707	1
202	747	1
202	784	1
202	884	1
202	937	1
202	1249	2
202	1630	2
202	2006	-2
203	375	1
203	650	1
203	747	1
203	818	1
203	929	1
203	1013	1
203	1186	-2
203	1242	2
203	1481	2
204	317	1
204	349	1
204	453	1
204	707	1
204	783	1
204	1064	-2
204	1180	2
204	1345	2
205	544	1
205	581	1
205	719	1
205	815	1
205	872	1
205	925	1
205	1460	-2
205	1842	-2
205	1954	-2
206	368	1
206	845	1
206	958	1
206	1020	1
206	1334	-2
206	1353	2
206	1856	2
207	274	1
207	338	1
207	647	1
207	809	1
207	944	1
207	1693	2
207	1731	2
207	1806	-2
208	303	1
208	361	1
208	547	1
208	770	1
208	861	1
208	897	1
208	1114	2
208	1193	2
208	1864	-2
209	271	1
209	386	1
209	522	1
209	659	1
209	1355	2
209	1445	2
209	2041	-2
210	351	1
210	530	1
210	695	1
210	697	1
210	751	1
210	1032	-2
210	1608	2
210	1686	2
211	293	1
211	688	1
211	878	1
211	933	1
211	1020	1
211	1101	-2
211	1555	-2
211	1621	-2
212	308	1
212	340	1
212	450	1
212	911	1
212	947	1
212	1531	-2
212	1660	-2
212	1826	-2
213	378	1
213	489	1
213	873	1
213	902	1
213	950	1
213	1241	-2
213	1472	2
213	1977	-2
214	587	1
214	924	1
214	1010	1
214	1439	2
214	1813	2
214	1961	2
215	355	1
215	495	1
215	803	1
215	816	1
215	1043	2
215	1117	2
215	1782	2
216	270	1
216	626	1
216	759	1
216	986	1
216	1037	2
216	1506	2
216	1650	2
217	583	1
217	650	1
217	701	1
217	757	1
217	1511	-2
217	1588	2
217	1790	2
218	226	1
218	295	1
218	390	1
218	594	1
218	599	1
218	937	1
218	1398	-2
218	1451	-2
218	1881	2
219	320	1
219	323	1
219	530	1
219	605	1
219	612	1
219	1095	-2
219	1631	-2
219	1803	2
220	337	1
220	458	1
220	469	1
220	677	1
220	730	1
220	847	1
220	1582	-2
220	1632	2
220	1762	2
221	255	1
221	262	1
221	593	1
221	967	1
221	1618	-2
221	1714	-2
221	2009	-2
222	229	1
222	252	1
222	310	1
222	796	1
222	989	1
222	1026	2
222	1127	-2
222	1311	2
223	418	1
223	758	1
223	764	1
223	859	1
223	1016	1
223	1189	2
223	1683	2
223	1918	-2
224	488	1
224	752	1
224	784	1
224	928	1
224	1486	2
224	1580	2
224	1892	2
225	290	1
225	392	1
225	912	1
225	1228	2
225	1285	-2
225	1329	2
226	235	1
226	518	1
226	599	1
226	627	1
226	1807	2
226	1881	2
226	1982	2
227	410	1
227	573	1
227	643	1
227	860	1
227	1108	-2
227	1174	-2
227	1533	-2
228	262	1
228	386	1
228	573	1
228	600	1
228	648	1
228	1453	-2
228	1830	-2
228	1898	2
229	355	1
229	554	1
229	658	1
229	868	1
229	989	1
229	1026	2
229	1668	-2
229	1786	-2
230	275	1
230	279	1
230	488	1
230	574	1
230	1865	-2
230	1948	2
230	1983	-2
231	358	1
231	373	1
231	472	1
231	700	1
231	728	1
231	1004	1
231	1208	2
231	1638	2
231	1889	2
232	338	1
232	718	1
232	721	1
232	825	1
232	957	1
232	1112	-2
232	1895	2
232	1996	-2
233	307	1
233	474	1
233	534	1
233	562	1
233	945	1
233	964	1
233	1747	-2
233	1870	-2
233	1979	2
234	487	1
234	492	1
234	653	1
234	771	1
234	959	1
234	1061	2
234	1751	2
234	1949	-2
235	343	1
235	451	1
235	518	1
235	1360	-2
235	1982	2
235	1990	2
236	283	1
236	490	1
236	708	1
236	785	1
236	951	1
236	996	1
236	1255	-2
236	1606	-2
236	1773	-2
237	384	1
237	429	1
237	506	1
237	665	1
237	771	1
237	798	1
237	1425	2
237	1605	-2
237	1623	2
238	256	1
238	382	1
238	488	1
238	626	2
238	662	1
238	1282	-2
238	1340	-2
238	1636	2
239	512	1
239	551	1
239	606	1
239	623	1
239	958	1
239	1239	2
239	1386	2
239	1494	-2
240	363	1
240	693	1
240	871	1
240	921	1
240	1219	-2
240	1819	-2
240	1976	-2
241	410	1
241	689	1
241	706	1
241	906	1
241	1027	-2
241	1058	-2
241	1281	-2
242	409	1
242	506	1
242	561	1
242	582	1
242	864	1
242	975	1
242	1141	-2
242	1530	-2
242	1676	2
243	299	1
243	422	1
243	480	1
243	489	1
243	882	1
243	1031	-2
243	1572	-2
243	1822	-2
244	456	1
244	515	1
244	533	1
244	676	1
244	1717	-2
244	1897	-2
244	2020	-2
245	301	1
245	338	1
245	645	1
245	858	1
245	915	1
245	1492	-2
245	1761	2
245	1855	-2
246	323	1
246	496	1
246	647	1
246	880	1
246	919	1
246	1259	2
246	1375	-2
246	1866	-2
247	397	1
247	543	1
247	551	1
247	715	1
247	731	1
247	1230	-2
247	1554	-2
247	1667	-2
248	434	1
248	529	1
248	965	1
248	1022	1
248	1424	2
248	1595	-2
248	1995	-2
249	281	1
249	358	1
249	412	1
249	847	1
249	852	1
249	904	1
249	1548	-2
249	2001	-2
249	2019	2
250	494	1
250	549	1
250	789	1
250	940	1
250	1370	2
250	1771	-2
250	1933	-2
251	327	1
251	517	1
251	695	1
251	875	1
251	1873	2
251	1952	-2
251	2032	2
252	331	1
252	636	1
252	908	1
252	1311	2
252	1501	2
252	1649	2
253	312	1
253	456	1
253	516	1
253	595	1
253	928	1
253	1172	2
253	1505	-2
253	1590	-2
254	375	1
254	561	1
254	645	1
254	655	1
254	969	1
254	1106	-2
254	1846	-2
254	2045	-2
255	262	1
255	312	1
255	417	1
255	654	1
255	1199	-2
255	1584	-2
255	1618	-2
256	421	1
256	662	1
256	778	1
256	794	1
256	1340	-2
256	1354	-2
256	1380	2
257	299	1
257	405	1
257	686	1
257	870	1
257	1381	-2
257	1777	-2
257	1944	2
258	446	1
258	840	1
258	855	1
258	961	1
258	1066	-2
258	1490	-2
258	1972	2
259	294	1
259	372	1
259	396	1
259	665	1
259	712	1
259	720	1
259	1111	2
259	1157	-2
259	1767	2
260	452	1
260	524	1
260	812	1
260	873	1
260	876	1
260	1365	2
260	1495	2
260	1520	-2
261	264	1
261	660	1
261	769	1
261	782	1
261	790	1
261	1119	-2
261	1415	-2
261	1922	2
262	283	1
262	306	1
262	1084	2
262	1618	-2
262	1830	-2
263	283	1
263	671	1
263	775	1
263	952	1
263	1556	2
263	1900	-2
263	2000	2
264	270	1
264	396	1
264	769	1
264	817	1
264	875	1
264	1415	-2
264	1513	2
264	1612	2
265	451	1
265	567	1
265	712	1
265	774	1
265	898	1
265	1838	2
265	1879	2
265	1907	2
266	376	1
266	472	1
266	622	1
266	652	1
266	825	1
266	1010	1
266	1094	2
266	1444	-2
266	1610	-2
267	373	1
267	454	1
267	486	1
267	534	1
267	884	1
267	1368	-2
267	1443	-2
267	1985	-2
268	272	1
268	613	1
268	913	1
268	954	1
268	1431	-2
268	1692	2
268	2017	2
269	661	1
269	780	1
269	883	1
269	964	1
269	1297	-2
269	1341	-2
269	1629	2
270	282	1
270	396	1
270	733	1
270	1391	2
270	1506	2
270	1513	2
271	278	1
271	413	1
271	556	1
271	1071	-2
271	1355	2
271	1385	-2
272	331	1
272	408	1
272	896	1
272	928	1
272	1263	-2
272	1526	-2
272	2017	2
273	699	1
273	793	1
273	811	1
273	849	1
273	881	1
273	921	1
273	1049	2
273	1220	-2
273	1955	2
274	434	1
274	829	1
274	844	1
274	1393	-2
274	1693	2
274	1913	-2
275	800	1
275	916	1
275	1389	-2
275	1851	2
275	1948	2
276	560	1
276	595	1
276	696	1
276	822	1
276	912	1
276	965	1
276	1150	-2
276	1231	2
276	1298	2
277	476	1
277	599	1
277	646	1
277	1016	1
277	1044	2
277	1406	2
277	1763	2
278	481	1
278	729	1
278	895	1
278	922	1
278	1308	2
278	1385	-2
278	1641	-2
279	280	1
279	514	1
279	1578	2
279	1865	-2
279	1950	-2
280	402	1
280	473	1
280	514	1
280	544	1
280	1292	-2
280	1442	2
280	1578	2
281	358	1
281	643	1
281	1548	-2
281	1586	-2
281	1662	2
282	370	1
282	562	1
282	733	1
282	867	1
282	987	1
282	1391	2
282	1651	-2
282	1752	-2
283	306	1
283	951	1
283	952	1
283	1084	2
283	1556	2
283	1606	-2
284	289	1
284	526	1
284	581	1
284	597	1
284	670	1
284	986	1
284	1395	-2
284	1409	-2
284	1633	-2
285	532	1
285	563	1
285	606	1
285	768	1
285	991	1
285	1408	2
285	1609	2
285	1973	-2
286	352	1
286	421	1
286	629	1
286	756	1
286	1628	2
286	1796	-2
286	2043	2
287	377	1
287	757	1
287	832	1
287	888	1
287	993	1
287	1028	-2
287	1184	2
287	1992	2
288	339	1
288	417	1
288	539	1
288	741	1
288	868	1
288	1072	-2
288	1179	-2
288	1611	2
289	323	1
289	353	1
289	581	1
289	764	1
289	905	1
289	1283	-2
289	1409	-2
289	1737	-2
290	666	1
290	698	1
290	775	1
290	1019	1
290	1228	2
290	1766	2
290	1795	2
291	336	1
291	437	1
291	475	1
291	727	1
291	800	1
291	892	1
291	1123	2
291	1358	-2
291	1969	-2
292	424	1
292	461	1
292	476	1
292	533	1
292	1176	-2
292	1544	-2
292	1596	-2
293	493	1
293	834	1
293	878	1
293	1099	-2
293	1101	-2
293	1616	-2
294	384	1
294	712	1
294	805	1
294	858	1
294	1111	2
294	1604	-2
294	1656	2
295	535	1
295	593	1
295	738	1
295	805	1
295	937	1
295	1316	2
295	1451	-2
295	1615	-2
296	410	1
296	612	1
296	827	1
296	918	1
296	995	1
296	1519	-2
296	1527	2
296	1858	-2
297	360	1
297	587	1
297	644	1
297	823	1
297	1000	1
297	1089	2
297	1459	-2
297	1902	2
298	449	1
298	684	1
298	841	1
298	872	1
298	1073	2
298	1528	-2
298	1947	2
299	508	1
299	882	1
299	948	1
299	1197	-2
299	1822	-2
299	1944	2
300	486	1
300	511	1
300	609	1
300	904	1
300	996	1
300	1524	-2
300	1626	-2
300	1937	-2
301	385	1
301	391	1
301	483	1
301	645	1
301	819	1
301	1206	-2
301	1855	-2
301	1931	2
302	430	1
302	437	1
302	480	1
302	644	1
302	1310	2
302	1454	2
302	1758	-2
303	537	1
303	547	1
303	1075	-2
303	1193	2
303	1639	2
304	427	1
304	443	1
304	861	1
304	930	1
304	1148	2
304	1512	-2
304	1886	-2
305	584	1
305	721	1
305	791	1
305	949	1
305	1024	1
305	1048	2
305	1599	2
305	1951	2
306	348	1
306	567	1
306	582	1
306	601	1
306	1084	2
306	1687	-2
306	1703	2
307	342	1
307	545	1
307	562	1
307	699	1
307	898	1
307	1593	-2
307	1734	-2
307	1747	-2
308	337	1
308	390	1
308	450	1
308	785	1
308	1306	2
308	1470	2
308	1531	-2
309	330	1
309	444	1
309	500	1
309	566	1
309	869	1
309	1550	2
309	1926	2
309	1989	2
310	580	1
310	796	1
310	838	1
310	954	1
310	1023	1
310	1127	-2
310	1227	2
310	2036	2
311	683	1
311	754	1
311	927	1
311	954	1
311	983	1
311	1125	-2
311	1269	-2
311	1852	2
312	320	1
312	363	1
312	417	1
312	928	1
312	1199	-2
312	1505	-2
312	1695	-2
313	332	1
313	348	1
313	429	1
313	668	1
313	1252	-2
313	1743	-2
313	1839	2
314	383	1
314	466	1
314	955	1
314	1023	1
314	1155	-2
314	1671	2
314	2037	-2
315	621	1
315	656	1
315	684	1
315	837	1
315	1423	-2
315	1504	2
315	1993	2
316	335	1
316	545	1
316	716	1
316	884	1
316	1248	2
316	1320	-2
316	1589	-2
317	453	1
317	653	1
317	663	1
317	856	1
317	1064	-2
317	1181	-2
317	1280	2
318	321	1
318	387	1
318	604	1
318	801	1
318	973	1
318	1204	2
318	1289	-2
318	1780	-2
319	400	1
319	493	1
319	502	1
319	597	1
319	770	1
319	1085	-2
319	1706	-2
319	1960	-2
320	363	1
320	605	1
320	712	1
320	941	1
320	1175	-2
320	1695	-2
320	1803	2
321	538	1
321	726	1
321	955	1
321	973	1
321	1204	2
321	1294	2
321	1740	2
322	343	1
322	364	1
322	841	1
322	1156	2
322	1484	2
322	2026	2
323	647	1
323	764	1
323	1095	-2
323	1375	-2
323	1737	-2
324	877	1
324	1497	2
324	1627	-2
324	1789	2
325	336	1
325	520	1
325	826	1
325	895	1
325	979	1
325	1327	-2
325	1456	2
325	1903	2
326	667	1
326	759	1
326	790	1
326	977	1
326	1009	1
326	1503	2
326	1840	-2
326	2047	2
327	562	1
327	814	1
327	854	1
327	1732	2
327	1860	2
327	1952	-2
328	333	1
328	407	1
328	603	1
328	670	1
328	738	1
328	1034	2
328	1658	-2
328	1868	-2
329	381	1
329	745	1
329	838	1
329	879	1
329	960	1
329	1118	2
329	1940	-2
329	2002	-2
330	362	1
330	366	1
330	433	1
330	566	1
330	1799	-2
330	1867	-2
330	1989	2
331	689	1
331	896	1
331	908	1
331	1263	-2
331	1501	2
331	1888	-2
332	346	1
332	803	1
332	997	1
332	1755	-2
332	1839	2
332	1919	-2
333	362	1
333	603	1
333	681	1
333	691	1
333	846	1
333	1034	2
333	1323	-2
333	1646	2
334	605	1
334	628	1
334	633	1
334	848	1
334	1020	1
334	1271	2
334	1346	-2
334	1715	-2
335	545	1
335	580	1
335	652	1
335	1018	1
335	1589	-2
335	1642	2
335	1832	2
336	780	1
336	826	1
336	892	1
336	1046	2
336	1123	2
336	1327	-2
337	458	1
337	1362	2
337	1470	2
337	1632	2
338	647	1
338	858	1
338	1731	2
338	1761	2
338	1996	-2
339	591	1
339	868	1
339	920	1
339	953	1
339	1072	-2
339	1083	-2
339	1738	-2
340	541	1
340	591	1
340	1024	1
340	1057	-2
340	1660	-2
340	1893	-2
341	366	1
341	582	1
341	655	1
341	666	1
341	844	1
341	1017	1
341	1694	-2
341	1744	2
341	1804	-2
342	368	1
342	545	1
342	761	1
342	912	1
342	983	1
342	1274	2
342	1396	2
342	1593	-2
343	546	1
343	694	1
343	841	1
343	1168	-2
343	1360	-2
343	2026	2
344	395	1
344	540	1
344	590	1
344	649	1
344	997	1
344	1081	2
344	1103	-2
344	1243	2
345	475	1
345	808	1
345	909	1
345	1535	-2
345	1557	2
345	1834	-2
346	385	1
346	521	1
346	803	1
346	869	1
346	1187	2
346	1614	-2
346	1755	-2
347	862	1
347	880	1
347	997	1
347	1307	-2
347	1809	-2
347	1956	-2
348	357	1
348	429	1
348	582	1
348	1252	-2
348	1703	2
348	2042	-2
349	477	1
349	702	1
349	786	1
349	1183	-2
349	1345	2
349	1857	2
350	571	1
350	588	1
350	679	1
350	814	1
350	999	1
350	1190	-2
350	1348	2
350	1568	-2
351	388	1
351	530	1
351	698	1
351	806	1
351	901	1
351	1635	-2
351	1686	2
351	1935	-2
352	377	1
352	639	1
352	773	1
352	1322	-2
352	1628	2
352	1815	2
353	905	1
353	976	1
353	1090	-2
353	1283	-2
353	2011	2
354	382	1
354	458	1
354	538	2
354	1471	2
354	1678	2
354	1965	2
355	379	1
355	554	1
355	781	1
355	803	1
355	1043	2
355	1087	-2
355	1668	-2
356	416	1
356	523	1
356	650	1
356	896	1
356	934	1
356	1654	-2
356	1679	2
356	2028	-2
357	369	1
357	441	1
357	541	1
357	817	1
357	1234	2
357	2027	2
357	2042	-2
358	700	1
358	743	1
358	1407	2
358	1548	-2
358	1638	2
359	422	1
359	468	1
359	569	1
359	804	1
359	865	1
359	883	1
359	1309	-2
359	1574	-2
359	1894	2
360	469	1
360	744	1
360	823	1
360	876	1
360	1278	-2
360	1459	-2
360	1882	-2
361	397	1
361	770	1
361	771	1
361	825	1
361	1134	-2
361	1164	2
361	1864	-2
362	743	1
362	846	1
362	902	1
362	1323	-2
362	1700	2
362	1867	-2
363	374	1
363	399	1
363	1359	-2
363	1695	-2
363	1976	-2
364	485	1
364	856	1
364	899	1
364	1156	2
364	1305	2
364	1997	2
365	460	1
365	479	1
365	741	1
365	1379	-2
365	1794	-2
365	1836	2
366	433	1
366	625	1
366	655	1
366	1421	-2
366	1799	-2
366	1804	-2
367	529	1
367	542	1
367	560	1
367	577	1
367	616	1
367	1363	2
367	1491	-2
367	1854	2
368	403	1
368	535	1
368	983	1
368	1274	2
368	1856	2
368	2005	2
369	441	1
369	491	1
369	700	1
369	967	1
369	1234	2
369	1438	-2
369	1964	2
370	507	1
370	562	1
370	563	1
370	1000	1
370	1018	1
370	1276	2
370	1296	-2
370	1752	-2
371	400	1
371	821	1
371	924	1
371	1312	2
371	1488	-2
371	1920	2
372	394	1
372	677	1
372	720	1
372	943	1
372	1157	-2
372	1968	2
372	2030	-2
373	486	1
373	549	1
373	728	1
373	838	1
373	1208	2
373	1368	-2
373	1974	2
374	399	1
374	401	1
374	447	1
374	547	1
374	1359	-2
374	1901	2
374	1928	-2
375	395	1
375	663	1
375	818	1
375	1242	2
375	1772	2
375	1846	-2
376	483	1
376	622	1
376	677	1
376	779	1
376	1433	2
376	1444	-2
376	1637	-2
377	407	1
377	757	1
377	773	1
377	1184	2
377	1322	-2
377	1493	-2
378	578	1
378	595	1
378	777	1
378	902	1
378	974	1
378	1160	-2
378	1241	-2
378	1939	2
379	418	1
379	632	1
379	781	1
379	1015	1
379	1087	-2
379	1216	-2
379	1251	2
380	590	1
380	750	1
380	781	1
380	1523	-2
380	1537	-2
380	1884	-2
381	630	1
381	638	1
381	645	1
381	902	1
381	1906	2
381	1940	-2
381	2016	2
382	626	1
382	627	1
382	1282	-2
382	1331	2
382	1471	2
383	513	1
383	724	1
383	748	1
383	955	1
383	1012	1
383	1351	-2
383	1698	2
383	2037	-2
384	732	1
384	771	1
384	858	1
384	1425	2
384	1656	2
384	1776	-2
385	578	1
385	819	1
385	869	1
385	1082	-2
385	1187	2
385	1206	-2
386	564	1
386	573	1
386	861	1
386	1898	2
386	1904	-2
386	2041	-2
387	524	1
387	762	1
387	1185	-2
387	1289	-2
387	1559	-2
388	575	1
388	698	1
388	1725	-2
388	1745	2
388	1935	-2
389	531	1
389	755	1
389	835	1
389	961	1
389	1067	-2
389	1930	-2
389	2007	-2
390	484	1
390	594	1
390	728	1
390	785	1
390	1126	2
390	1306	2
390	1398	-2
391	402	1
391	475	1
391	483	1
391	821	1
391	851	1
391	1384	-2
391	1428	2
391	1931	2
392	726	1
392	846	1
392	1285	-2
392	1576	-2
392	1924	-2
393	503	1
393	705	1
393	782	1
393	962	1
393	1051	-2
393	1279	-2
393	1534	-2
394	467	1
394	506	1
394	1536	2
394	1968	2
394	1999	2
395	406	1
395	540	1
395	663	1
395	1081	2
395	1426	2
395	1772	2
396	516	1
396	648	1
396	665	1
396	1513	2
396	1767	2
396	1962	2
397	543	1
397	713	1
397	788	1
397	825	1
397	1164	2
397	1554	-2
397	1722	-2
398	490	1
398	621	1
398	631	1
398	1011	1
398	1147	2
398	1788	2
398	1917	-2
399	788	1
399	824	1
399	929	1
399	1015	1
399	1359	-2
399	1374	-2
399	1677	-2
400	502	1
400	821	1
400	1312	2
400	1706	-2
400	1909	-2
401	404	1
401	464	1
401	523	1
401	547	1
401	1436	-2
401	1648	-2
401	1928	-2
402	544	1
402	821	1
402	864	1
402	1074	-2
402	1292	-2
402	1428	2
403	535	1
403	637	1
403	719	1
403	914	1
403	1287	2
403	1392	2
403	2005	2
404	701	1
404	714	1
404	800	1
404	1648	-2
404	1724	-2
404	1805	2
405	625	1
405	686	1
405	810	1
405	1440	2
405	1541	2
405	1777	-2
406	543	1
406	740	1
406	812	1
406	1302	-2
406	1399	-2
406	1426	2
407	670	1
407	1468	2
407	1493	-2
407	1868	-2
408	465	1
408	494	1
408	691	1
408	871	1
408	928	1
408	1209	2
408	1526	-2
408	1825	2
409	420	1
409	579	1
409	582	1
409	878	1
409	1141	-2
409	1256	2
409	1793	2
410	706	1
410	827	1
410	860	1
410	1027	-2
410	1108	-2
410	1519	-2
411	498	1
411	525	1
411	1152	2
411	1446	-2
411	1910	-2
412	558	1
412	679	1
412	847	1
412	889	1
412	1347	-2
412	1963	-2
412	2019	2
413	448	1
413	556	1
413	635	1
413	1071	-2
413	1613	2
413	1726	2
414	782	1
414	789	1
414	879	1
414	998	1
414	1151	2
414	1525	2
414	1707	2
415	630	1
415	709	1
415	819	1
415	914	1
415	1041	-2
415	1538	-2
415	1583	-2
416	523	1
416	579	1
416	589	1
416	792	1
416	869	1
416	1284	2
416	1760	-2
416	2028	-2
417	539	1
417	548	1
417	565	1
417	1199	-2
417	1467	-2
417	1611	2
418	525	1
418	758	1
418	1003	1
418	1216	-2
418	1683	2
418	1953	-2
419	559	1
419	723	1
419	729	1
419	757	1
419	770	1
419	939	1
419	1129	2
419	1162	-2
419	1229	-2
420	505	1
420	608	1
420	659	1
420	878	1
420	916	1
420	1158	-2
420	1756	-2
420	1793	2
421	558	1
421	629	1
421	778	1
421	885	1
421	1290	-2
421	1354	-2
421	1796	-2
422	489	1
422	635	1
422	804	1
422	1004	1
422	1031	-2
422	1434	-2
422	1574	-2
423	659	1
423	673	2
423	876	1
423	934	1
423	990	1
423	1092	2
423	1212	2
423	1729	2
424	624	1
424	639	1
424	742	1
424	877	1
424	1301	2
424	1404	2
424	1544	-2
425	448	1
425	547	1
425	852	1
425	886	1
425	1040	-2
425	1264	2
425	1275	-2
426	565	1
426	568	1
426	726	1
426	932	1
426	1270	-2
426	1697	-2
426	1932	2
427	443	1
427	618	1
427	777	1
427	952	1
427	1512	-2
427	1765	-2
427	1915	-2
428	477	1
428	517	1
428	551	1
428	767	1
428	1025	-2
428	1336	-2
428	1998	-2
429	665	1
429	1252	-2
429	1577	2
429	1623	2
430	561	1
430	644	1
430	839	1
430	974	1
430	1450	-2
430	1455	-2
430	1758	-2
431	513	1
431	818	1
431	882	1
431	932	1
431	978	1
431	1011	1
431	1059	-2
431	1644	2
431	1702	-2
432	516	1
432	615	1
432	840	1
432	871	1
432	909	1
432	925	1
432	1221	-2
432	1774	2
432	1878	2
433	610	1
433	766	1
433	1021	1
433	1303	2
433	1509	-2
433	1799	-2
434	436	1
434	844	1
434	965	1
434	1507	-2
434	1913	-2
434	1995	-2
435	564	1
435	693	1
435	730	1
435	778	1
435	793	1
435	1418	2
435	1464	-2
435	1850	2
436	443	1
436	865	1
436	944	1
436	1317	-2
436	1507	-2
436	1981	2
437	749	1
437	800	1
437	1236	-2
437	1310	2
437	1358	-2
438	459	1
438	859	1
438	962	1
438	1030	2
438	1350	2
438	1859	-2
439	510	1
439	555	1
439	680	1
439	866	1
439	1140	2
439	1390	2
439	2014	2
440	633	1
440	691	1
440	832	1
440	1050	-2
440	1304	-2
440	1449	2
441	462	1
441	675	1
441	709	1
441	1056	-2
441	1234	2
441	1664	2
442	592	1
442	604	1
442	640	1
442	706	1
442	949	1
442	1022	1
442	1429	2
442	1617	2
442	1936	2
443	447	1
443	944	1
443	1317	-2
443	1512	-2
443	1785	2
444	640	1
444	739	1
444	869	1
444	1681	2
444	1926	2
444	2034	2
445	664	1
445	711	1
445	958	1
445	986	1
445	989	1
445	1007	1
445	1146	-2
445	1871	-2
445	1967	2
446	927	1
446	984	1
446	1165	-2
446	1490	-2
446	1934	2
447	611	1
447	802	1
447	1250	-2
447	1785	2
447	1901	2
448	616	1
448	1040	-2
448	1107	2
448	1613	2
449	529	1
449	684	1
449	872	1
449	941	1
449	1435	2
449	1528	-2
449	1957	-2
450	537	1
450	619	1
450	960	1
450	1015	1
450	1238	2
450	1531	-2
450	2044	2
451	515	1
451	774	1
451	1427	2
451	1907	2
451	1990	2
452	508	1
452	554	1
452	648	1
452	809	1
452	873	1
452	1330	-2
452	1520	-2
452	1665	2
453	469	1
453	1064	-2
453	1110	2
453	1144	2
454	527	1
454	1019	1
454	1266	2
454	1443	-2
454	2012	-2
455	542	1
455	559	1
455	613	1
455	734	1
455	955	1
455	1339	2
455	1800	-2
455	1848	-2
456	515	1
456	536	1
456	628	1
456	1590	-2
456	1591	2
456	1717	-2
457	468	1
457	552	1
457	559	1
457	569	1
457	603	1
457	1006	1
457	1218	2
457	1749	-2
457	1827	-2
458	526	1
458	538	1
458	585	1
458	1565	-2
458	1632	2
458	1965	2
459	946	1
459	1011	1
459	1350	2
459	1476	-2
459	1517	2
460	656	1
460	900	1
460	1564	-2
460	1587	2
460	1794	-2
461	471	1
461	533	1
461	827	1
461	1411	2
461	1596	-2
461	1912	-2
462	514	1
462	646	1
462	709	1
462	1226	-2
462	1664	2
462	1978	-2
463	746	1
463	864	1
463	967	1
463	1076	-2
463	1211	2
463	2024	2
464	523	1
464	587	1
464	824	1
464	828	1
464	1372	2
464	1436	-2
464	1869	2
465	622	1
465	691	1
465	761	1
465	1008	1
465	1209	2
465	1233	-2
465	1343	-2
466	610	1
466	919	1
466	1023	1
466	1153	2
466	1214	2
466	1671	2
467	477	1
467	894	1
467	1536	2
467	1828	2
467	1876	2
468	559	1
468	744	1
468	865	1
468	1244	2
468	1749	-2
468	1894	2
469	677	1
469	876	1
469	1144	2
469	1762	2
469	1882	-2
470	703	1
470	775	1
470	824	1
470	850	1
470	1009	1
470	1295	2
470	1704	2
470	1991	-2
471	550	1
471	1024	1
471	1411	2
471	1655	2
471	1885	-2
472	743	1
472	1004	1
472	1010	1
472	1033	-2
472	1610	-2
472	1889	2
473	877	1
473	981	1
473	1442	2
473	1622	-2
473	1691	2
474	737	1
474	749	1
474	803	1
474	945	1
474	1402	2
474	1770	2
474	1870	-2
475	727	1
475	851	1
475	909	1
475	1384	-2
475	1557	2
475	1969	-2
476	646	1
476	1176	-2
476	1422	2
476	1763	2
477	786	1
477	894	1
477	1183	-2
477	1336	-2
477	1876	2
478	684	1
478	721	1
478	829	1
478	1010	1
478	1086	2
478	1539	-2
478	1798	2
479	568	1
479	812	1
479	920	1
479	1272	-2
479	1379	-2
479	1558	2
480	722	1
480	970	1
480	1454	2
480	1572	-2
480	1711	2
481	646	1
481	901	1
481	922	1
481	1006	1
481	1308	2
481	1344	-2
481	1669	2
482	585	1
482	667	1
482	735	1
482	750	1
482	882	1
482	941	1
482	1257	2
482	1441	-2
482	2048	2
483	677	1
483	931	1
483	1012	1
483	1637	-2
483	1931	2
483	2029	2
484	728	1
484	763	1
484	895	1
484	918	1
484	982	1
484	1126	2
484	1267	-2
484	1288	-2
485	927	1
485	934	1
485	984	1
485	1098	-2
485	1286	2
485	1997	2
486	811	1
486	904	1
486	1368	-2
486	1524	-2
486	1566	2
487	624	1
487	674	1
487	1124	2
487	1300	2
487	1751	2
488	574	1
488	626	1
488	1486	2
488	1636	2
488	1983	-2
489	550	1
489	820	1
489	873	1
489	1031	-2
489	1213	-2
489	1472	2
490	518	1
490	531	1
490	631	1
490	708	1
490	1147	2
490	1367	2
490	1773	-2
491	672	1
491	773	1
491	967	1
491	1438	-2
491	1802	-2
491	1896	2
492	728	1
492	771	1
492	783	1
492	1047	2
492	1061	2
492	1366	2
493	730	1
493	834	1
493	849	1
493	1085	-2
493	1099	-2
493	1325	-2
494	634	1
494	871	1
494	1273	-2
494	1370	2
494	1825	2
495	690	1
495	708	1
495	737	1
495	987	1
495	1369	2
495	1705	-2
495	1782	2
496	919	1
496	985	1
496	1259	2
496	1545	2
496	1764	2
497	636	1
497	956	1
497	1716	-2
497	1841	2
497	1994	2
498	839	1
498	1152	2
498	1718	-2
498	1733	2
499	510	1
499	608	1
499	917	1
499	942	1
499	1166	-2
499	1258	-2
499	1899	-2
500	572	1
500	629	1
500	649	1
500	910	1
500	1246	-2
500	1550	2
500	1835	-2
501	583	1
501	658	1
501	833	1
501	1394	-2
501	1552	-2
501	1607	2
502	772	1
502	808	1
502	845	1
502	1364	-2
502	1371	2
502	1706	-2
503	683	1
503	705	1
503	739	1
503	795	1
503	903	1
503	1534	-2
503	1709	2
503	1816	-2
504	564	1
504	856	1
504	946	1
504	1254	2
504	1563	-2
504	1821	-2
505	916	1
505	1137	2
505	1158	-2
505	1791	-2
506	798	1
506	864	1
506	1605	-2
506	1676	2
506	1999	2
507	563	1
507	794	1
507	942	1
507	982	1
507	1192	2
507	1296	-2
507	1810	2
508	554	1
508	579	1
508	948	1
508	1197	-2
508	1330	-2
508	1349	2
509	614	1
509	851	1
509	880	1
509	1585	-2
509	1736	2
509	1811	-2
510	555	1
510	750	1
510	867	1
510	917	1
510	1899	-2
510	2004	2
510	2014	2
511	600	1
511	676	1
511	857	1
511	1356	2
511	1937	-2
511	1945	2
512	551	1
512	631	1
512	724	1
512	931	1
512	933	1
512	1262	-2
512	1494	-2
512	1797	2
513	744	1
513	748	1
513	818	1
513	906	1
513	1059	-2
513	1698	2
513	1833	-2
514	1007	1
514	1578	2
514	1975	2
514	1978	-2
515	714	1
515	1215	-2
515	1427	2
515	1717	-2
516	595	1
516	615	1
516	648	1
516	1172	2
516	1878	2
516	1962	2
517	697	1
517	875	1
517	1025	-2
517	1818	2
517	1873	2
518	531	1
518	760	1
518	1367	2
518	1594	2
518	1982	2
519	640	1
519	700	1
519	715	1
519	885	1
519	1261	2
519	1410	-2
519	1768	2
520	642	1
520	686	1
520	768	1
520	895	1
520	1456	2
520	1499	-2
520	1689	2
521	870	1
521	943	1
521	972	1
521	1602	-2
521	1614	-2
521	1808	-2
522	576	1
522	610	1
522	659	1
522	951	1
522	1154	-2
522	1403	-2
522	1445	2
523	717	1
523	935	1
523	1436	-2
523	1941	-2
523	2028	-2
524	812	1
524	1004	1
524	1185	-2
524	1365	2
524	1727	2
525	585	1
525	857	1
525	1003	1
525	1142	-2
525	1446	-2
525	1953	-2
526	585	1
526	900	1
526	986	1
526	1565	-2
526	1625	-2
526	1633	-2
527	539	1
527	881	1
527	1105	-2
527	1266	2
527	1373	-2
528	557	1
528	660	1
528	846	1
528	1088	-2
528	1498	-2
528	1640	-2
529	577	1
529	941	1
529	1363	2
529	1424	2
529	1435	2
530	612	1
530	652	1
530	1265	-2
530	1631	-2
530	1686	2
531	821	1
531	835	1
531	1006	1
531	1367	2
531	1401	-2
531	2007	-2
532	819	1
532	886	1
532	991	1
532	1115	-2
532	1408	2
532	1741	2
533	634	1
533	1596	-2
533	1814	2
533	1897	-2
534	742	1
534	884	1
534	964	1
534	1182	2
534	1979	2
534	1985	-2
535	738	1
535	830	1
535	978	1
535	1191	2
535	1316	2
535	2005	2
536	628	1
536	696	1
536	843	1
536	990	1
536	1414	-2
536	1515	2
536	1591	2
537	772	1
537	1015	1
537	1075	-2
537	1238	2
537	1911	2
538	726	1
538	1678	2
538	1740	2
538	1965	2
539	970	1
539	995	1
539	1105	-2
539	1611	2
539	1675	-2
540	552	1
540	641	1
540	899	1
540	1081	2
540	1462	2
540	1958	-2
541	799	1
541	817	1
541	831	1
541	1861	-2
541	1893	-2
541	2027	2
542	545	1
542	955	1
542	1685	-2
542	1800	-2
542	1854	2
543	911	1
543	962	1
543	1399	-2
543	1554	-2
543	1710	2
544	581	1
544	713	1
544	973	1
544	1292	-2
544	1335	-2
544	1954	-2
545	1589	-2
545	1593	-2
545	1685	-2
546	694	1
546	748	1
546	833	1
546	1168	-2
546	1567	2
546	1581	-2
547	852	1
547	1193	2
547	1264	2
547	1928	-2
548	565	1
548	790	1
548	930	1
548	1467	-2
548	1624	-2
548	1905	-2
549	838	1
549	875	1
549	1771	-2
549	1801	2
549	1974	2
550	820	1
550	926	1
550	1024	1
550	1213	-2
550	1500	-2
550	1655	2
551	767	1
551	1494	-2
551	1667	-2
551	1998	-2
552	603	1
552	685	1
552	891	1
552	899	1
552	1603	2
552	1827	-2
552	1958	-2
553	630	1
553	897	1
553	898	1
553	1077	2
553	1516	2
553	1571	-2
554	676	1
554	1235	-2
554	1330	-2
554	1668	-2
555	737	1
555	845	1
555	985	1
555	1820	-2
555	1837	2
555	2014	2
556	568	1
556	600	1
556	992	1
556	1071	-2
556	1812	-2
556	1970	-2
557	670	1
557	705	1
557	1640	-2
557	1661	-2
557	1775	-2
558	633	1
558	679	1
558	885	1
558	905	1
558	1290	-2
558	1347	-2
558	1620	2
559	734	1
559	939	1
559	1229	-2
559	1339	2
559	1749	-2
560	595	1
560	616	1
560	776	1
560	931	1
560	1150	-2
560	1491	-2
560	1845	-2
561	655	1
561	974	1
561	975	1
561	1450	-2
561	1530	-2
561	2045	-2
562	1732	2
562	1747	-2
562	1752	-2
563	606	1
563	637	1
563	999	1
563	1296	-2
563	1609	2
563	1887	-2
564	693	1
564	861	1
564	1418	2
564	1563	-2
564	1904	-2
565	668	1
565	696	1
565	1467	-2
565	1575	2
565	1697	-2
566	665	1
566	766	1
566	1510	2
566	1923	-2
566	1989	2
567	601	1
567	889	1
567	898	1
567	1687	-2
567	1838	2
567	1966	-2
568	920	1
568	932	1
568	1270	-2
568	1558	2
568	1812	-2
569	883	1
569	925	1
569	994	1
569	1006	1
569	1218	2
569	1309	-2
569	1849	-2
570	596	1
570	682	1
570	808	1
570	816	1
570	938	1
570	1778	-2
570	1792	2
570	1862	2
571	588	1
571	671	1
571	814	1
571	1253	2
571	1568	-2
571	1579	2
572	760	1
572	910	1
572	994	1
572	1246	-2
572	1291	-2
572	1522	-2
573	643	1
573	991	1
573	1174	-2
573	1569	2
573	1898	2
574	797	1
574	818	1
574	836	1
574	923	1
574	1540	2
574	1891	2
574	1983	-2
575	687	1
575	724	1
575	840	1
575	907	1
575	1619	2
575	1699	2
575	1745	2
576	763	1
576	772	1
576	809	1
576	1357	-2
576	1361	-2
576	1403	-2
577	603	1
577	972	1
577	998	1
577	1054	-2
577	1363	2
577	1984	-2
578	598	1
578	974	1
578	1082	-2
578	1160	-2
578	1376	2
579	589	1
579	1256	2
579	1284	2
579	1349	2
580	606	1
580	838	1
580	1018	1
580	1139	2
580	1227	2
580	1642	2
581	664	1
581	1210	2
581	1409	-2
581	1954	-2
582	844	1
582	1141	-2
582	1694	-2
582	1703	2
583	701	1
583	802	1
583	833	1
583	901	1
583	1588	2
583	1597	2
583	1607	2
584	721	1
584	784	1
584	971	1
584	1013	1
584	1599	2
584	1728	-2
584	1938	-2
585	667	1
585	857	1
585	1142	-2
585	1565	-2
585	2048	2
586	664	1
586	787	1
586	862	1
586	953	1
586	959	1
586	1447	2
586	1647	-2
586	2015	2
587	1000	1
587	1010	1
587	1372	2
587	1902	2
587	1961	2
588	653	1
588	999	1
588	1019	1
588	1122	-2
588	1190	-2
588	1253	2
589	685	1
589	725	1
589	890	1
589	1016	1
589	1177	-2
589	1284	2
589	1397	2
590	834	1
590	997	1
590	1243	2
590	1299	2
590	1537	-2
591	742	1
591	746	1
591	920	1
591	1024	1
591	1057	-2
591	1478	2
591	1738	-2
592	735	1
592	798	1
592	949	1
592	956	1
592	1135	-2
592	1202	-2
592	1936	2
593	601	1
593	805	1
593	839	1
593	1222	2
593	1615	-2
593	1714	-2
594	717	1
594	896	1
594	914	1
594	1143	2
594	1398	-2
594	1549	-2
595	777	1
595	1150	-2
595	1172	2
595	1939	2
596	638	1
596	915	1
596	923	1
596	1207	-2
596	1332	2
596	1862	2
597	670	1
597	770	1
597	963	1
597	988	1
597	1395	-2
597	1673	-2
597	1960	-2
598	858	1
598	1376	2
598	1388	-2
598	1483	-2
599	617	1
599	1016	1
599	1044	2
599	1130	2
599	1881	2
600	648	1
600	676	1
600	992	1
600	1356	2
600	1453	-2
600	1970	-2
601	839	1
601	1222	2
601	1687	-2
601	1943	2
602	672	1
602	751	1
602	966	1
602	973	1
602	1149	2
602	1518	2
602	1592	2
603	998	1
603	1034	2
603	1054	-2
603	1827	-2
604	623	1
604	640	1
604	801	1
604	1063	2
604	1617	2
604	1780	-2
605	633	1
605	651	1
605	663	1
605	1670	2
605	1715	-2
605	1803	2
606	958	1
606	1139	2
606	1239	2
606	1609	2
607	694	1
607	715	1
607	873	1
607	879	1
607	1102	-2
607	1159	2
607	1387	-2
608	659	1
608	890	1
608	942	1
608	1258	-2
608	1260	2
608	1756	-2
609	783	1
609	996	1
609	1036	2
609	1626	-2
609	1921	2
610	766	1
610	951	1
610	1154	-2
610	1214	2
610	1509	-2
611	717	1
611	802	1
611	815	1
611	853	1
611	1250	-2
611	1420	-2
611	1847	2
612	813	1
612	918	1
612	1527	2
612	1631	-2
612	1883	2
613	830	1
613	954	1
613	1457	-2
613	1692	2
613	1848	-2
614	617	1
614	851	1
614	900	1
614	935	1
614	1477	2
614	1720	2
614	1736	2
615	894	1
615	974	1
615	1178	2
615	1708	-2
615	1878	2
616	698	1
616	972	1
616	1107	2
616	1318	-2
616	1491	-2
617	900	1
617	1096	-2
617	1130	2
617	1477	2
618	792	1
618	1068	2
618	1128	2
618	1765	-2
619	936	1
619	960	1
619	1167	2
619	2033	2
619	2044	2
620	813	1
620	916	1
620	988	1
620	1824	-2
620	1877	-2
620	2023	2
621	758	1
621	837	1
621	1011	1
621	1378	-2
621	1423	-2
621	1788	2
622	758	1
622	761	1
622	948	1
622	1201	2
622	1233	-2
622	1444	-2
623	769	1
623	1063	2
623	1386	2
623	1458	2
624	742	1
624	761	1
624	891	1
624	1124	2
624	1404	2
624	2035	2
625	795	1
625	799	1
625	810	1
625	1421	-2
625	1541	2
625	1987	2
626	759	1
626	1037	2
626	1282	-2
626	1636	2
627	710	1
627	1331	2
627	1807	2
627	2018	-2
628	760	1
628	1020	1
628	1271	2
628	1591	2
628	1959	2
629	649	1
629	765	1
629	1007	1
629	1746	-2
629	1796	-2
629	1835	-2
630	645	1
630	709	1
630	898	1
630	1041	-2
630	1077	2
630	2016	2
631	707	1
631	724	1
631	921	1
631	1147	2
631	1293	2
631	1797	2
632	857	1
632	1015	1
632	1251	2
632	1742	2
632	1753	2
633	832	1
633	905	1
633	1050	-2
633	1620	2
633	1715	-2
634	894	1
634	1079	-2
634	1273	-2
634	1814	2
635	687	1
635	910	1
635	1004	1
635	1434	-2
635	1474	2
635	1726	2
636	718	1
636	1649	2
636	1716	-2
636	2046	-2
637	787	1
637	999	1
637	1392	2
637	1666	-2
637	1887	-2
638	843	1
638	902	1
638	923	1
638	1000	1
638	1332	2
638	1829	-2
638	1906	2
639	794	1
639	877	1
639	890	1
639	1301	2
639	1739	2
639	1815	2
640	715	1
640	1410	-2
640	1617	2
640	1681	2
641	826	1
641	855	1
641	1002	1
641	1462	2
641	1713	-2
641	2003	-2
642	686	1
642	863	1
642	929	1
642	945	1
642	1465	2
642	1689	2
642	1735	-2
643	746	1
643	1174	-2
643	1461	-2
643	1586	-2
644	701	1
644	866	1
644	1089	2
644	1448	2
644	1758	-2
645	969	1
645	1106	-2
645	1855	-2
645	2016	2
646	1006	1
646	1226	-2
646	1344	-2
646	1763	2
647	940	1
647	1237	2
647	1375	-2
647	1731	2
648	809	1
648	1453	-2
648	1665	2
648	1962	2
649	697	1
649	1103	-2
649	1321	2
649	1835	-2
650	757	1
650	929	1
650	1481	2
650	1511	-2
650	1679	2
651	663	1
651	766	1
651	950	1
651	993	1
651	1132	-2
651	1138	2
651	1670	2
652	825	1
652	1094	2
652	1265	-2
652	1832	2
653	959	1
653	1019	1
653	1122	-2
653	1181	-2
653	1949	-2
654	844	1
654	939	1
654	1065	2
654	1584	-2
654	1817	2
655	720	1
655	1035	2
655	1804	-2
655	2045	-2
656	870	1
656	1053	2
656	1587	2
656	1993	2
657	662	1
657	669	1
657	674	1
657	704	1
657	1417	-2
657	1723	-2
657	1880	-2
658	688	1
658	868	1
658	1552	-2
658	1786	-2
658	1875	2
659	673	1
659	1092	2
659	1445	2
659	1756	-2
660	790	1
660	796	1
660	815	1
660	846	1
660	1225	2
660	1498	-2
660	1922	2
661	747	1
661	842	1
661	883	1
661	995	1
661	1297	-2
661	1561	2
661	2010	2
662	669	1
662	1340	-2
662	1437	-2
662	1723	-2
663	856	1
663	1280	2
663	1670	2
663	1772	2
664	787	1
664	1007	1
664	1210	2
664	1871	-2
664	2015	2
665	766	1
665	1510	2
665	1623	2
665	1767	2
666	698	1
666	936	1
666	977	1
666	1017	1
666	1601	-2
666	1744	2
666	1795	2
667	891	1
667	1009	1
667	1432	-2
667	2047	2
667	2048	2
668	696	1
668	859	1
668	1001	1
668	1039	-2
668	1575	2
668	1743	-2
669	678	1
669	762	1
669	767	1
669	979	1
669	1080	-2
669	1133	-2
669	1723	-2
670	705	1
670	1395	-2
670	1775	-2
670	1868	-2
671	897	1
671	1579	2
671	1779	-2
671	1900	-2
672	751	1
672	1592	2
672	1802	-2
672	2039	2
673	739	1
673	754	1
673	876	1
673	1092	2
673	1169	-2
673	1212	2
674	733	1
674	779	1
674	1300	2
674	1690	-2
674	1880	-2
675	767	1
675	789	1
675	969	1
675	1018	1
675	1056	-2
675	1324	2
675	1872	-2
676	1235	-2
676	1356	2
676	2020	-2
677	943	1
677	1637	-2
677	1762	2
677	2030	-2
678	714	1
678	762	1
678	907	1
678	1080	-2
678	1136	2
678	1412	2
679	727	1
679	991	1
679	1347	-2
679	1348	2
679	1844	-2
680	741	1
680	866	1
680	968	1
680	992	1
680	1005	1
680	1140	2
680	1562	2
680	1634	-2
681	691	1
681	711	1
681	865	1
681	1002	1
681	1005	1
681	1062	2
681	1382	2
681	1646	2
682	922	1
682	938	1
682	1009	1
682	1405	2
682	1778	-2
682	1843	2
683	687	1
683	739	1
683	926	1
683	927	1
683	1543	-2
683	1709	2
683	1852	2
684	1010	1
684	1086	2
684	1504	2
684	1528	-2
685	805	1
685	835	1
685	890	1
685	891	1
685	1177	-2
685	1326	2
685	1603	2
686	847	1
686	1573	-2
686	1689	2
686	1777	-2
687	840	1
687	910	1
687	926	1
687	1474	2
687	1543	-2
687	1619	2
688	736	1
688	938	1
688	1020	1
688	1555	-2
688	1875	2
688	2022	2
689	976	1
689	1003	1
689	1058	-2
689	1553	2
689	1888	-2
690	723	1
690	737	1
690	754	1
690	913	1
690	1104	-2
690	1369	2
690	1419	2
691	1209	2
691	1449	2
691	1646	2
692	749	1
692	892	1
692	933	1
692	1055	2
692	1203	-2
692	1333	-2
693	778	1
693	1003	1
693	1219	-2
693	1418	2
693	1487	2
694	711	1
694	715	1
694	1102	-2
694	1168	-2
694	1224	2
695	911	1
695	1608	2
695	1680	2
695	2032	2
696	822	1
696	990	1
696	1298	2
696	1414	-2
696	1575	2
697	751	1
697	1032	-2
697	1321	2
697	1818	2
698	972	1
698	1318	-2
698	1795	2
698	1935	-2
699	793	1
699	898	1
699	919	1
699	1734	-2
699	1750	2
699	1955	2
700	885	1
700	1261	2
700	1638	2
700	1964	2
701	800	1
701	866	1
701	1448	2
701	1588	2
701	1724	-2
702	988	1
702	1171	-2
702	1853	2
702	1857	2
703	837	1
703	850	1
703	1013	1
703	1295	2
703	1383	2
703	1416	-2
704	866	1
704	935	1
704	957	1
704	1078	2
704	1417	-2
704	1748	2
705	801	1
705	936	1
705	1198	-2
705	1534	-2
705	1775	-2
706	734	1
706	893	1
706	1022	1
706	1027	-2
706	1429	2
706	1914	2
707	783	1
707	921	1
707	1180	2
707	1293	2
707	2006	-2
708	867	1
708	987	1
708	1705	-2
708	1773	-2
708	1890	2
709	756	1
709	1041	-2
709	1664	2
709	1712	-2
710	731	1
710	791	1
710	829	1
710	1029	2
710	1560	2
710	2018	-2
711	865	1
711	986	1
711	1224	2
711	1382	2
711	1967	2
712	941	1
712	1111	2
712	1175	-2
712	1879	2
713	788	1
713	924	1
713	973	1
713	1002	1
713	1335	-2
713	1502	-2
713	1722	-2
714	907	1
714	1215	-2
714	1412	2
714	1805	2
715	731	1
715	1102	-2
715	1230	-2
715	1410	-2
716	780	1
716	806	1
716	1093	2
716	1248	2
716	1342	-2
717	853	1
717	935	1
717	1549	-2
717	1847	2
717	1941	-2
718	822	1
718	825	1
718	878	1
718	1546	2
718	1895	2
718	2046	-2
719	872	1
719	914	1
719	980	1
719	1287	2
719	1460	-2
719	1508	2
720	1008	1
720	1035	2
720	1157	-2
720	1532	2
721	957	1
721	1112	-2
721	1599	2
721	1798	2
722	788	1
722	970	1
722	1163	2
722	1482	2
722	1711	2
723	729	1
723	754	1
723	932	1
723	1104	-2
723	1162	-2
723	1463	-2
724	907	1
724	1012	1
724	1351	-2
724	1699	2
724	1797	2
725	773	1
725	850	1
725	1016	1
725	1397	2
725	1674	-2
725	2025	-2
726	1740	2
726	1924	-2
726	1932	2
727	822	1
727	991	1
727	1844	-2
727	1969	-2
727	2038	2
728	1047	2
728	1126	2
728	1208	2
729	895	1
729	998	1
729	1162	-2
729	1480	2
729	1641	-2
730	847	1
730	849	1
730	1325	-2
730	1464	-2
730	1582	-2
731	829	1
731	959	1
731	969	1
731	1188	2
731	1230	-2
731	1560	2
732	738	1
732	765	1
732	807	1
732	860	1
732	1038	-2
732	1452	-2
732	1776	-2
733	779	1
733	1217	2
733	1391	2
733	1690	-2
734	893	1
734	1008	1
734	1339	2
734	1653	-2
734	1914	2
735	795	1
735	941	1
735	956	1
735	982	1
735	1120	2
735	1202	-2
735	1257	2
736	853	1
736	938	1
736	946	1
736	968	1
736	1315	2
736	1521	-2
736	2022	2
737	803	1
737	985	1
737	1369	2
737	1770	2
737	1820	-2
738	860	1
738	1038	-2
738	1316	2
738	1658	-2
739	754	1
739	1169	-2
739	1709	2
739	2034	2
740	807	1
740	812	1
740	942	1
740	1021	1
740	1145	2
740	1302	-2
740	1659	2
741	1005	1
741	1179	-2
741	1634	-2
741	1836	2
742	746	1
742	1182	2
742	1404	2
742	1478	2
743	902	1
743	1033	-2
743	1407	2
743	1700	2
744	906	1
744	1244	2
744	1278	-2
744	1833	-2
745	763	1
745	810	1
745	923	1
745	960	1
745	965	1
745	1131	2
745	1986	-2
745	2002	-2
746	1211	2
746	1461	-2
746	1478	2
747	937	1
747	995	1
747	1013	1
747	1186	-2
747	1249	2
747	2010	2
748	833	1
748	888	1
748	1567	2
748	1598	2
748	1698	2
749	1203	-2
749	1236	-2
749	1402	2
750	867	1
750	882	1
750	1441	-2
750	1523	-2
750	2004	2
751	848	1
751	1032	-2
751	1592	2
751	1823	-2
752	784	1
752	889	1
752	987	1
752	1547	2
752	1580	2
752	1663	2
753	797	1
753	817	1
753	874	1
753	893	1
753	909	1
753	910	1
753	1194	-2
753	1781	2
753	1784	-2
754	954	1
754	1104	-2
754	1169	-2
754	1269	-2
755	908	1
755	964	1
755	984	1
755	989	1
755	1338	2
755	1377	-2
755	1930	-2
756	836	1
756	1712	-2
756	1942	-2
756	2043	2
757	770	1
757	1129	2
757	1184	2
757	1511	-2
758	948	1
758	1201	2
758	1378	-2
758	1683	2
759	811	1
759	852	1
759	977	1
759	1037	2
759	1503	2
759	1916	-2
760	1522	-2
760	1594	2
760	1959	2
761	891	1
761	912	1
761	1233	-2
761	1396	2
761	2035	2
762	971	1
762	1080	-2
762	1559	-2
762	2008	-2
763	809	1
763	810	1
763	982	1
763	1288	-2
763	1361	-2
763	1986	-2
764	859	1
764	913	1
764	1017	1
764	1060	2
764	1189	2
764	1737	-2
765	807	1
765	828	1
765	978	1
765	1007	1
765	1328	2
765	1452	-2
765	1746	-2
766	950	1
766	1132	-2
766	1509	-2
766	1510	2
767	979	1
767	1018	1
767	1133	-2
767	1872	-2
767	1998	-2
768	1499	-2
768	1929	2
768	1973	-2
769	851	1
769	1415	-2
769	1458	2
769	1489	-2
770	1129	2
770	1864	-2
770	1960	-2
771	1061	2
771	1134	-2
771	1425	2
772	845	1
772	1357	-2
772	1371	2
772	1911	2
773	1322	-2
773	1674	-2
773	1896	2
774	843	1
774	904	1
774	1245	2
774	1684	2
774	1907	2
775	1019	1
775	1704	2
775	1766	2
775	2000	2
776	823	1
776	915	1
776	931	1
776	1652	2
776	1721	2
776	1845	-2
777	834	1
777	952	1
777	1915	-2
777	1939	2
777	2013	-2
778	793	1
778	1003	1
778	1354	-2
778	1487	2
778	1850	2
779	1014	1
779	1433	2
779	1690	-2
779	1988	-2
780	806	1
780	964	1
780	1046	2
780	1093	2
780	1629	2
781	1087	-2
781	1277	-2
781	1884	-2
782	789	1
782	962	1
782	1051	-2
782	1119	-2
782	1525	2
783	1036	2
783	1180	2
783	1366	2
784	884	1
784	971	1
784	1580	2
784	1630	2
784	1938	-2
785	874	1
785	887	1
785	996	1
785	1255	-2
785	1306	2
785	1475	2
786	992	1
786	1052	-2
786	1183	-2
786	1570	2
787	1100	2
787	1666	-2
787	2015	2
788	824	1
788	1163	2
788	1677	-2
788	1722	-2
789	940	1
789	969	1
789	1324	2
789	1525	2
789	1933	-2
790	930	1
790	1624	-2
790	1840	-2
790	1922	2
791	830	1
791	841	1
791	1024	1
791	1029	2
791	1048	2
791	1980	2
792	869	1
792	960	1
792	1128	2
792	1485	-2
792	1760	-2
793	801	1
793	956	1
793	1045	2
793	1850	2
793	1955	2
794	890	1
794	942	1
794	1380	2
794	1739	2
794	1810	2
795	799	1
795	903	1
795	982	1
795	1120	2
795	1816	-2
795	1987	2
796	815	1
796	863	1
796	1127	-2
796	1225	2
796	2021	2
797	850	1
797	874	1
797	923	1
797	1109	2
797	1194	-2
797	1540	2
798	831	1
798	918	1
798	1135	-2
798	1605	-2
798	1863	2
799	831	1
799	860	1
799	963	1
799	1730	2
799	1861	-2
799	1987	2
800	1358	-2
800	1724	-2
800	1851	2
801	936	1
801	956	1
801	1045	2
801	1198	-2
801	1780	-2
802	901	1
802	1250	-2
802	1597	2
802	1657	2
803	1043	2
803	1755	-2
803	1770	2
804	807	1
804	863	1
804	975	1
804	1091	2
804	1514	2
804	1574	-2
805	835	1
805	1326	2
805	1604	-2
805	1615	-2
806	814	1
806	901	1
806	1093	2
806	1635	-2
806	2031	-2
807	975	1
807	1021	1
807	1452	-2
807	1514	2
807	1659	2
808	816	1
808	1364	-2
808	1792	2
808	1834	-2
809	944	1
809	1361	-2
809	1665	2
809	1806	-2
810	820	1
810	1247	-2
810	1541	2
810	1986	-2
811	852	1
811	921	1
811	1049	2
811	1566	2
811	1916	-2
812	1272	-2
812	1302	-2
812	1365	2
813	887	1
813	988	1
813	1337	-2
813	1883	2
813	2023	2
814	854	1
814	1568	-2
814	1860	2
814	2031	-2
815	925	1
815	1225	2
815	1420	-2
815	1842	-2
816	831	1
816	951	1
816	1117	2
816	1200	-2
816	1792	2
817	875	1
817	893	1
817	1612	2
817	1784	-2
817	2027	2
818	836	1
818	1059	-2
818	1242	2
818	1891	2
819	914	1
819	1115	-2
819	1206	-2
819	1583	-2
820	835	1
820	1213	-2
820	1247	-2
820	1757	-2
821	1006	1
821	1312	2
821	1401	-2
821	1428	2
822	878	1
822	1298	2
822	1546	2
822	2038	2
823	836	1
823	1116	2
823	1459	-2
823	1652	2
824	828	1
824	1009	1
824	1677	-2
824	1869	2
824	1991	-2
825	1094	2
825	1164	2
825	1895	2
826	938	1
826	1001	1
826	1070	-2
826	1327	-2
826	2003	-2
827	1005	1
827	1121	-2
827	1519	-2
827	1912	-2
828	854	1
828	978	1
828	1232	2
828	1328	2
828	1869	2
829	1393	-2
829	1539	-2
829	1560	2
830	841	1
830	978	1
830	1191	2
830	1457	-2
830	1980	2
831	918	1
831	951	1
831	1200	-2
831	1861	-2
831	1863	2
832	906	1
832	993	1
832	1028	-2
832	1050	-2
832	1831	-2
833	1205	-2
833	1567	2
833	1607	2
834	1099	-2
834	1299	2
834	2013	-2
835	1326	2
835	1757	-2
835	2007	-2
836	1116	2
836	1891	2
836	1942	-2
837	971	1
837	1012	1
837	1013	1
837	1383	2
837	1423	-2
837	1672	2
838	879	1
838	1118	2
838	1227	2
838	1974	2
839	1222	2
839	1455	-2
839	1718	-2
840	909	1
840	961	1
840	1066	-2
840	1221	-2
840	1619	2
841	1947	2
841	1980	2
841	2026	2
842	883	1
842	966	1
842	1014	1
842	1496	2
842	1542	-2
842	1561	2
843	1000	1
843	1515	2
843	1684	2
843	1829	-2
844	1694	-2
844	1817	2
844	1913	-2
845	1353	2
845	1371	2
845	1837	2
846	1323	-2
846	1498	-2
846	1576	-2
847	1573	-2
847	1582	-2
847	2019	2
848	947	1
848	1346	-2
848	1701	2
848	1823	-2
849	881	1
849	966	1
849	990	1
849	1220	-2
849	1325	-2
849	1925	-2
850	1109	2
850	1295	2
850	2025	-2
851	1384	-2
851	1489	-2
851	1736	2
852	904	1
852	1264	2
852	1916	-2
852	2001	-2
853	946	1
853	1315	2
853	1400	-2
853	1847	2
854	881	1
854	930	1
854	1232	2
854	1860	2
854	1927	-2
855	920	1
855	1002	1
855	1173	2
855	1713	-2
855	1972	2
856	899	1
856	946	1
856	1280	2
856	1305	2
856	1821	-2
857	1142	-2
857	1753	2
857	1945	2
858	1388	-2
858	1656	2
858	1761	2
859	1001	1
859	1030	2
859	1039	-2
859	1189	2
860	963	1
860	1038	-2
860	1108	-2
860	1730	2
861	897	1
861	1114	2
861	1886	-2
861	1904	-2
862	959	1
862	1447	2
862	1783	2
862	1809	-2
863	929	1
863	1091	2
863	1735	-2
863	2021	2
864	1074	-2
864	1676	2
864	2024	2
865	1382	2
865	1894	2
865	1981	2
866	935	1
866	1140	2
866	1448	2
866	1748	2
867	987	1
867	1651	-2
867	1890	2
867	2004	2
868	999	1
868	1072	-2
868	1223	2
868	1786	-2
869	1187	2
869	1760	-2
869	1926	2
870	943	1
870	1053	2
870	1381	-2
870	1602	-2
871	921	1
871	925	1
871	1774	2
871	1819	-2
871	1825	2
872	1073	2
872	1460	-2
872	1957	-2
873	1159	2
873	1472	2
873	1520	-2
874	887	1
874	961	1
874	1194	-2
874	1195	-2
874	1475	2
875	1612	2
875	1801	2
875	1873	2
876	1212	2
876	1495	2
876	1882	-2
877	981	1
877	1301	2
877	1627	-2
877	1691	2
878	1101	-2
878	1546	2
878	1793	2
879	1118	2
879	1151	2
879	1387	-2
880	997	1
880	1307	-2
880	1811	-2
880	1866	-2
881	930	1
881	1220	-2
881	1373	-2
881	1927	-2
882	978	1
882	1441	-2
882	1644	2
882	1822	-2
883	1309	-2
883	1341	-2
883	1561	2
884	1320	-2
884	1630	2
884	1985	-2
885	944	1
885	1023	1
885	1170	-2
885	1261	2
885	1290	-2
886	1017	1
886	1275	-2
886	1645	-2
886	1741	2
887	976	1
887	994	1
887	1337	-2
887	1475	2
887	1769	-2
888	979	1
888	1469	2
888	1598	2
888	1992	2
889	1663	2
889	1963	-2
889	1966	-2
890	1177	-2
890	1260	2
890	1739	2
891	1432	-2
891	1603	2
891	2035	2
892	926	1
892	940	1
892	1055	2
892	1123	2
892	1413	-2
893	1754	2
893	1784	-2
893	1914	2
894	1079	-2
894	1708	-2
894	1876	2
895	918	1
895	1267	-2
895	1456	2
895	1641	-2
896	914	1
896	934	1
896	1143	2
896	1263	-2
896	1654	-2
897	1114	2
897	1516	2
897	1779	-2
898	1077	2
898	1734	-2
898	1838	2
899	985	1
899	1305	2
899	1696	-2
899	1958	-2
900	1477	2
900	1564	-2
900	1625	-2
901	1597	2
901	1635	-2
901	1669	2
902	1241	-2
902	1700	2
902	1906	2
903	981	1
903	1240	2
903	1430	2
903	1816	-2
904	1245	2
904	1524	-2
904	2001	-2
905	950	1
905	1283	-2
905	1313	2
905	1620	2
906	1281	-2
906	1831	-2
906	1833	-2
907	947	1
907	1412	2
907	1682	2
907	1699	2
908	917	1
908	964	1
908	1196	-2
908	1377	-2
908	1501	2
909	910	1
909	1221	-2
909	1557	2
909	1781	2
910	1246	-2
910	1474	2
910	1781	2
911	947	1
911	962	1
911	1680	2
911	1710	2
911	1826	-2
912	965	1
912	1231	2
912	1329	2
912	1396	2
913	1017	1
913	1060	2
913	1419	2
913	1431	-2
914	1143	2
914	1287	2
914	1583	-2
915	1207	-2
915	1492	-2
915	1721	2
916	1158	-2
916	1389	-2
916	1877	-2
917	1022	1
917	1196	-2
917	1874	-2
917	1899	-2
918	1267	-2
918	1527	2
918	1863	2
919	1153	2
919	1259	2
919	1750	2
920	1173	2
920	1558	2
920	1738	-2
921	1049	2
921	1293	2
921	1819	-2
922	970	1
922	1308	2
922	1551	2
922	1843	2
923	965	1
923	1131	2
923	1332	2
923	1540	2
924	1002	1
924	1439	2
924	1502	-2
924	1920	2
925	994	1
925	1774	2
925	1842	-2
925	1849	-2
926	940	1
926	1413	-2
926	1500	-2
926	1543	-2
927	934	1
927	1098	-2
927	1165	-2
927	1852	2
928	1505	-2
928	1526	-2
928	1892	2
929	1015	1
929	1374	-2
929	1481	2
929	1735	-2
930	1148	2
930	1624	-2
930	1927	-2
931	933	1
931	1012	1
931	1262	-2
931	1845	-2
931	2029	2
932	1011	1
932	1270	-2
932	1463	-2
932	1702	-2
933	1262	-2
933	1333	-2
933	1621	-2
934	990	1
934	1098	-2
934	1654	-2
934	1729	2
935	1720	2
935	1748	2
935	1941	-2
936	977	1
936	1167	2
936	1198	-2
936	1601	-2
937	948	1
937	981	1
937	1249	2
937	1451	-2
937	1946	2
938	1001	1
938	1070	-2
938	1778	-2
938	2022	2
939	1065	2
939	1229	-2
939	1600	-2
940	1237	2
940	1413	-2
940	1933	-2
941	1175	-2
941	1257	2
941	1435	2
942	1145	2
942	1258	-2
942	1810	2
943	1602	-2
943	1908	2
943	2030	-2
944	1023	1
944	1170	-2
944	1317	-2
944	1806	-2
945	1042	-2
945	1465	2
945	1870	-2
946	1011	1
946	1315	2
946	1476	-2
946	1821	-2
947	1682	2
947	1701	2
947	1826	-2
948	981	1
948	1197	-2
948	1201	2
948	1946	2
949	1314	2
949	1936	2
949	1951	2
950	1132	-2
950	1313	2
950	1977	-2
951	1154	-2
951	1200	-2
951	1606	-2
952	975	1
952	1319	2
952	1556	2
952	1915	-2
953	996	1
953	1083	-2
953	1647	-2
953	1787	2
954	1023	1
954	1269	-2
954	1692	2
954	2036	2
955	1294	2
955	1800	-2
955	2037	-2
956	1045	2
956	1202	-2
956	1841	2
957	1014	1
957	1078	2
957	1112	-2
957	1719	-2
958	989	1
958	1020	1
958	1146	-2
958	1239	2
958	1334	-2
959	969	1
959	1188	2
959	1447	2
959	1949	-2
960	1485	-2
960	2002	-2
960	2044	2
961	1066	-2
961	1067	-2
961	1195	-2
962	1051	-2
962	1710	2
962	1859	-2
963	988	1
963	1673	-2
963	1730	2
963	1759	-2
964	1377	-2
964	1629	2
964	1979	2
965	1131	2
965	1231	2
965	1995	-2
966	973	1
966	990	1
966	1149	2
966	1496	2
966	1925	-2
967	1076	-2
967	1438	-2
967	2009	-2
968	992	1
968	1479	2
968	1521	-2
968	1562	2
969	1106	-2
969	1188	2
969	1324	2
970	995	1
970	1551	2
970	1675	-2
970	1711	2
971	1012	1
971	1672	2
971	1938	-2
971	2008	-2
972	1318	-2
972	1808	-2
972	1984	-2
973	1149	2
973	1204	2
973	1335	-2
974	1160	-2
974	1178	2
974	1450	-2
975	1319	2
975	1514	2
975	1530	-2
976	994	1
976	1003	1
976	1090	-2
976	1553	2
976	1769	-2
977	983	1
977	1503	2
977	1601	-2
977	2040	2
978	1191	2
978	1328	2
978	1644	2
979	1133	-2
979	1469	2
979	1903	2
980	1069	2
980	1508	2
980	1529	2
981	1430	2
981	1691	2
981	1946	2
982	1120	2
982	1192	2
982	1288	-2
983	1125	-2
983	1274	2
983	2040	2
984	989	1
984	1286	2
984	1338	2
984	1934	2
985	1545	2
985	1696	-2
985	1820	-2
986	1633	-2
986	1650	2
986	1967	2
987	1547	2
987	1651	-2
987	1705	-2
988	1171	-2
988	1673	-2
988	2023	2
989	1026	2
989	1146	-2
989	1338	2
990	1414	-2
990	1729	2
990	1925	-2
991	1408	2
991	1569	2
991	1844	-2
992	1052	-2
992	1562	2
992	1970	-2
993	1028	-2
993	1138	2
993	1473	2
994	1291	-2
994	1769	-2
994	1849	-2
995	1675	-2
995	1858	-2
995	2010	2
996	1255	-2
996	1626	-2
996	1787	2
997	1243	2
997	1307	-2
997	1919	-2
998	1054	-2
998	1480	2
998	1707	2
999	1190	-2
999	1223	2
999	1887	-2
1000	1018	1
1000	1276	2
1000	1829	-2
1000	1902	2
1001	1021	1
1001	1039	-2
1001	1070	-2
1001	1643	2
1002	1005	1
1002	1062	2
1002	1502	-2
1002	1713	-2
1003	1487	2
1003	1553	2
1003	1953	-2
1004	1434	-2
1004	1727	2
1004	1889	2
1005	1062	2
1005	1121	-2
1005	1634	-2
1006	1218	2
1006	1344	-2
1006	1401	-2
1007	1746	-2
1007	1871	-2
1007	1975	2
1008	1343	-2
1008	1532	2
1008	1653	-2
1009	1405	2
1009	1991	-2
1009	2047	2
1010	1086	2
1010	1610	-2
1010	1961	2
1011	1476	-2
1011	1702	-2
1011	1788	2
1012	1351	-2
1012	1672	2
1012	2029	2
1013	1186	-2
1013	1383	2
1013	1728	-2
1014	1542	-2
1014	1719	-2
1014	1988	-2
1015	1238	2
1015	1251	2
1015	1374	-2
1016	1044	2
1016	1397	2
1016	1918	-2
1017	1060	2
1017	1645	-2
1017	1744	2
1018	1276	2
1018	1642	2
1018	1872	-2
1019	1122	-2
1019	1766	2
1019	2012	-2
1020	1271	2
1020	1334	-2
1020	1555	-2
1021	1303	2
1021	1643	2
1021	1659	2
1022	1429	2
1022	1595	-2
1022	1874	-2
1023	1170	-2
1023	1671	2
1023	2036	2
1024	1048	2
1024	1057	-2
1024	1655	2
