1	1	3
2	2	3
3	3	1
4	4	3
5	5	-3
6	6	1
7	7	3
8	8	-1
9	9	-1
10	10	1
11	11	-3
12	12	1
13	13	-3
14	14	1
15	15	3
16	16	-1
17	17	3
18	18	-1
19	19	-1
20	20	1
21	21	3
22	22	3
23	23	1
24	24	-1
25	25	1
26	26	-1
27	27	1
28	28	1
29	29	3
30	30	3
31	31	-1
32	32	1
33	33	1
34	34	1
35	35	-1
36	36	1
37	37	-1
38	38	1
39	39	3
40	40	1
41	41	-3
42	42	3
43	43	-1
44	44	-1
45	45	1
46	46	-1
47	47	-3
48	48	-1
49	49	3
50	50	1
51	51	-3
52	52	-1
53	53	-1
54	54	1
55	55	1
56	56	1
57	57	-1
58	58	1
59	59	1
60	60	1
61	61	1
62	62	3
63	63	1
64	64	3
65	65	1
66	66	3
67	67	1
68	68	1
69	69	-1
70	70	1
71	71	1
72	72	3
73	73	-1
74	74	3
75	75	-3
76	76	-1
77	77	1
78	78	1
79	79	1
80	80	3
81	81	-1
82	82	-1
83	83	-1
84	84	1
85	85	-3
86	86	1
87	87	1
88	88	1
89	89	-2
90	90	-2
91	91	2
92	92	-2
93	93	2
94	94	2
95	95	2
96	96	2
97	97	2
98	98	2
99	99	2
100	100	2
101	101	-2
102	102	2
103	103	-2
104	104	2
105	105	2
106	106	-2
107	107	-2
108	108	2
109	109	-2
110	110	-2
111	111	-2
112	112	2
113	113	2
114	114	2
115	115	-2
116	116	2
117	117	-2
118	118	-2
119	119	-2
120	120	2
121	121	2
122	122	-2
123	123	2
124	124	2
125	125	2
126	126	2
127	127	-2
128	128	-2
129	129	-2
130	130	2
131	131	2
132	132	-2
133	133	-2
134	134	-2
135	135	-2
136	136	2
137	137	-2
138	138	-2
139	139	-2
140	140	-2
141	141	2
142	142	-2
143	143	2
144	144	-2
145	145	2
146	146	2
147	147	-2
148	148	2
149	149	2
150	150	2
151	151	-2
152	152	2
153	153	2
154	154	-2
155	155	2
156	156	2
157	157	2
158	158	-2
159	159	2
160	160	-2
161	161	2
162	162	2
163	163	-2
164	164	-2
165	165	-2
166	166	2
167	167	2
168	168	-2
169	169	-2
170	170	2
171	171	2
172	172	2
173	173	-2
174	174	-2
175	175	-2
176	176	-2
1	9	1
1	21	1
1	25	1
1	28	1
1	58	1
1	66	1
1	104	2
1	112	2
1	119	-2
2	17	1
2	29	1
2	40	1
2	66	1
2	72	1
2	81	1
2	130	2
2	134	-2
2	137	-2
3	18	1
3	29	1
3	37	1
3	80	1
3	83	1
3	88	1
3	115	-2
3	121	-2
3	141	2
4	17	1
4	30	1
4	66	1
4	68	1
4	80	1
4	82	1
4	102	2
4	111	-2
4	140	-2
5	48	1
5	52	1
5	53	1
5	56	1
5	75	1
5	79	1
5	145	-2
5	162	-2
5	170	-2
6	9	1
6	12	1
6	37	1
6	38	1
6	65	1
6	71	1
6	103	2
6	108	2
6	161	2
7	14	1
7	23	1
7	45	1
7	61	1
7	68	1
7	74	1
7	124	2
7	126	2
7	133	-2
8	19	1
8	30	1
8	37	1
8	38	1
8	41	1
8	48	1
8	105	-2
8	167	2
8	171	-2
9	12	1
9	21	1
9	59	1
9	65	1
9	103	2
9	119	-2
9	138	2
10	41	1
10	43	1
10	64	1
10	72	1
10	78	1
10	81	1
10	98	-2
10	100	2
10	118	-2
11	44	1
11	46	1
11	69	1
11	77	1
11	81	1
11	82	1
11	107	2
11	125	-2
11	148	-2
12	15	1
12	26	1
12	52	1
12	54	1
12	92	-2
12	103	2
12	116	2
13	41	1
13	55	1
13	67	1
13	73	1
13	85	2
13	160	2
13	164	2
13	168	2
14	21	1
14	22	1
14	35	1
14	57	1
14	61	1
14	109	2
14	126	2
14	143	2
15	21	1
15	26	1
15	42	1
15	60	1
15	74	1
15	92	-2
15	96	2
15	142	-2
16	47	1
16	51	1
16	75	1
16	79	1
16	86	1
16	87	1
16	93	2
16	106	2
16	135	2
17	29	1
17	66	1
17	70	1
17	84	1
17	110	-2
17	130	2
17	140	-2
18	20	1
18	29	1
18	36	1
18	43	1
18	51	1
18	115	-2
18	152	-2
18	153	-2
19	37	1
19	56	1
19	62	1
19	70	1
19	82	1
19	89	2
19	101	-2
19	171	-2
20	36	2
20	50	1
20	70	1
20	87	1
20	120	2
20	150	2
20	152	-2
21	22	1
21	74	1
21	96	2
21	119	-2
21	143	2
22	34	1
22	56	1
22	64	1
22	83	1
22	143	2
22	149	2
22	166	2
23	27	1
23	28	1
23	31	1
23	68	1
23	75	1
23	124	2
23	127	-2
23	158	2
24	31	1
24	42	1
24	51	1
24	53	1
24	60	1
24	83	1
24	113	2
24	114	-2
24	174	2
25	39	1
25	40	1
25	43	1
25	58	1
25	67	1
25	112	2
25	131	2
25	136	-2
26	27	1
26	32	1
26	46	1
26	68	1
26	92	-2
26	129	2
26	173	2
27	28	1
27	68	1
27	72	1
27	77	1
27	127	-2
27	154	-2
27	173	2
28	63	1
28	66	1
28	73	1
28	104	2
28	127	-2
28	139	2
29	49	1
29	59	1
29	115	-2
29	130	2
29	132	-2
30	48	1
30	49	1
30	63	1
30	82	1
30	94	2
30	102	2
30	167	2
31	34	1
31	55	1
31	75	1
31	83	1
31	114	-2
31	128	-2
31	158	2
32	40	1
32	46	2
32	50	1
32	79	1
32	90	-2
32	129	2
32	169	-2
33	38	1
33	47	1
33	49	1
33	60	1
33	63	1
33	88	1
33	97	2
33	155	2
33	163	2
34	47	1
34	55	1
34	56	1
34	85	1
34	99	-2
34	128	-2
34	166	2
35	42	1
35	50	1
35	57	1
35	61	1
35	64	1
35	109	2
35	122	-2
35	157	-2
36	50	1
36	55	1
36	87	1
36	95	2
36	150	2
36	152	-2
37	38	1
37	83	1
37	108	2
37	121	-2
37	171	-2
38	41	1
38	88	1
38	97	2
38	105	-2
38	108	2
39	44	1
39	67	1
39	73	1
39	77	1
39	80	1
39	91	2
39	131	2
39	172	2
40	43	1
40	46	1
40	72	1
40	90	-2
40	134	-2
40	136	-2
41	55	1
41	81	1
41	98	-2
41	105	-2
41	168	2
42	60	2
42	64	1
42	113	2
42	122	-2
42	142	-2
43	51	1
43	78	1
43	118	-2
43	136	-2
43	153	-2
44	57	1
44	76	1
44	77	1
44	80	1
44	125	-2
44	156	-2
44	172	2
45	48	1
45	61	1
45	74	1
45	78	2
45	133	-2
45	151	2
45	176	-2
46	82	1
46	90	-2
46	129	2
46	148	-2
47	60	1
47	85	1
47	87	1
47	99	-2
47	135	2
47	163	2
48	75	1
48	78	1
48	145	-2
48	151	2
48	167	2
49	59	1
49	63	2
49	94	2
49	132	-2
49	155	2
50	61	1
50	79	1
50	150	2
50	157	-2
50	169	-2
51	53	1
51	75	1
51	106	2
51	153	-2
51	174	2
52	53	1
52	54	2
52	88	1
52	116	2
52	159	-2
52	170	-2
53	59	1
53	62	1
53	170	-2
53	174	2
53	175	-2
54	67	1
54	84	1
54	88	1
54	116	2
54	117	-2
54	159	-2
55	87	1
55	95	2
55	128	-2
55	168	2
56	62	1
56	79	1
56	101	-2
56	162	-2
56	166	2
57	65	1
57	69	1
57	76	1
57	109	2
57	146	2
57	156	-2
58	62	1
58	71	1
58	84	1
58	86	1
58	112	2
58	123	2
58	147	2
59	62	1
59	65	1
59	132	-2
59	138	2
59	175	-2
60	113	2
60	142	-2
60	163	2
61	78	1
61	126	2
61	157	-2
61	176	-2
62	71	1
62	101	-2
62	123	2
62	175	-2
63	73	1
63	94	2
63	139	2
63	155	2
64	72	1
64	83	1
64	100	2
64	122	-2
64	149	2
65	69	1
65	71	1
65	138	2
65	146	2
65	161	2
66	81	1
66	104	2
66	137	-2
66	140	-2
67	84	1
67	85	1
67	117	-2
67	131	2
67	160	2
68	80	1
68	111	-2
68	124	2
68	173	2
69	71	1
69	76	1
69	81	1
69	107	2
69	144	2
69	146	2
70	82	1
70	84	1
70	87	1
70	89	2
70	110	-2
70	120	2
71	76	1
71	123	2
71	144	2
71	161	2
72	77	1
72	100	2
72	134	-2
72	154	-2
73	77	1
73	85	1
73	91	2
73	139	2
73	164	2
74	76	1
74	86	1
74	96	2
74	133	-2
74	165	-2
75	106	2
75	145	-2
75	158	2
76	86	1
76	144	2
76	156	-2
76	165	-2
77	91	2
77	125	-2
77	154	-2
78	118	-2
78	151	2
78	176	-2
79	86	1
79	93	2
79	162	-2
79	169	-2
80	88	1
80	111	-2
80	141	2
80	172	2
81	98	-2
81	107	2
81	137	-2
82	89	2
82	102	2
82	148	-2
83	114	-2
83	121	-2
83	149	2
84	86	1
84	110	-2
84	117	-2
84	147	2
85	99	-2
85	160	2
85	164	2
86	93	2
86	147	2
86	165	-2
87	95	2
87	120	2
87	135	2
88	97	2
88	141	2
88	159	-2
