1	1	3
2	2	-1
3	3	-1
4	4	1
5	5	1
6	6	1
7	7	1
8	8	1
9	9	1
10	10	1
11	11	1
12	12	1
13	13	-1
14	14	3
15	15	-1
16	16	3
17	17	-1
18	18	-1
19	19	1
20	20	1
21	21	1
22	22	-1
23	23	-3
24	24	1
25	25	-1
26	26	-1
27	27	-1
28	28	-1
29	29	1
30	30	3
31	31	1
32	32	1
33	33	3
34	34	-1
35	35	3
36	36	-1
37	37	1
38	38	1
39	39	-1
40	40	3
41	41	1
42	42	1
43	43	3
44	44	-1
45	45	1
46	46	1
47	47	-1
48	48	1
49	49	1
50	50	3
51	51	1
52	52	-3
53	53	-1
54	54	1
55	55	1
56	56	1
57	57	-1
58	58	3
59	59	-1
60	60	-1
61	61	1
62	62	1
63	63	-1
64	64	1
65	65	1
66	66	1
67	67	1
68	68	1
69	69	-1
70	70	-1
71	71	3
72	72	-1
73	73	1
74	74	-1
75	75	1
76	76	-3
77	77	1
78	78	-1
79	79	3
80	80	1
81	81	1
82	82	1
83	83	3
84	84	1
85	85	1
86	86	-1
87	87	1
88	88	-1
89	89	1
90	90	-1
91	91	-3
92	92	3
93	93	-3
94	94	3
95	95	-1
96	96	3
97	97	2
98	98	-2
99	99	2
100	100	2
101	101	-2
102	102	2
103	103	-2
104	104	-2
105	105	-2
106	106	-2
107	107	2
108	108	-2
109	109	-2
110	110	-2
111	111	2
112	112	-2
113	113	2
114	114	2
115	115	-2
116	116	-2
117	117	-2
118	118	2
119	119	2
120	120	2
121	121	2
122	122	-2
123	123	2
124	124	-2
125	125	2
126	126	2
127	127	2
128	128	-2
129	129	-2
130	130	-2
131	131	-2
132	132	2
133	133	2
134	134	-2
135	135	-2
136	136	-2
137	137	2
138	138	2
139	139	2
140	140	2
141	141	2
142	142	-2
143	143	2
144	144	-2
145	145	-2
146	146	2
147	147	2
148	148	2
149	149	-2
150	150	2
151	151	2
152	152	-2
153	153	-2
154	154	-2
155	155	2
156	156	-2
157	157	2
158	158	-2
159	159	-2
160	160	-2
161	161	2
162	162	-2
163	163	-2
164	164	2
165	165	-2
166	166	2
167	167	2
168	168	-2
169	169	2
170	170	-2
171	171	-2
172	172	-2
173	173	-2
174	174	-2
175	175	-2
176	176	2
177	177	2
178	178	-2
179	179	2
180	180	-2
181	181	-2
182	182	2
183	183	-2
184	184	-2
185	185	-2
186	186	2
187	187	2
188	188	-2
189	189	2
190	190	-2
191	191	-2
192	192	-2
1	4	1
1	16	1
1	19	1
1	24	1
1	73	1
1	84	1
1	117	-2
1	135	-2
1	166	2
2	24	1
2	46	1
2	54	1
2	60	1
2	69	1
2	82	1
2	178	2
2	183	2
2	191	-2
3	14	1
3	21	1
3	48	1
3	51	1
3	57	1
3	60	1
3	113	2
3	160	2
3	162	2
4	10	1
4	24	1
4	30	1
4	64	1
4	93	1
4	150	2
4	154	2
4	166	2
5	29	1
5	42	1
5	60	1
5	66	1
5	76	1
5	94	1
5	142	-2
5	165	-2
5	185	2
6	37	1
6	58	1
6	71	1
6	72	1
6	81	1
6	91	1
6	131	-2
6	144	-2
6	158	2
7	35	1
7	44	1
7	62	1
7	85	1
7	86	1
7	92	1
7	116	-2
7	136	2
7	192	-2
8	22	1
8	39	1
8	45	2
8	79	1
8	81	1
8	134	-2
8	148	2
8	168	2
9	12	1
9	19	1
9	52	1
9	63	1
9	73	1
9	92	1
9	127	-2
9	138	2
9	159	-2
10	27	1
10	30	1
10	33	1
10	67	1
10	69	1
10	141	-2
10	150	2
10	156	-2
11	22	1
11	25	1
11	33	1
11	34	1
11	68	1
11	84	1
11	108	2
11	118	2
11	149	-2
12	43	1
12	51	1
12	53	1
12	73	1
12	74	1
12	138	2
12	161	-2
12	171	-2
13	17	1
13	47	1
13	59	1
13	94	1
13	95	1
13	96	1
13	146	-2
13	182	-2
13	188	-2
14	51	1
14	56	1
14	80	1
14	88	1
14	96	1
14	113	2
14	115	-2
14	119	2
15	27	1
15	38	1
15	47	1
15	70	1
15	89	1
15	95	1
15	122	2
15	125	2
15	167	-2
16	35	1
16	58	1
16	71	1
16	83	1
16	84	1
16	99	2
16	117	-2
16	177	2
17	29	1
17	53	1
17	57	1
17	59	1
17	74	1
17	121	-2
17	140	2
17	146	-2
18	23	1
18	26	1
18	61	1
18	64	1
18	67	1
18	76	1
18	107	-2
18	137	2
18	184	2
19	48	1
19	51	1
19	52	1
19	73	1
19	101	-2
19	127	-2
19	135	-2
20	28	1
20	37	1
20	42	1
20	58	1
20	80	1
20	90	1
20	100	2
20	132	2
20	139	-2
21	24	1
21	40	1
21	48	1
21	64	1
21	77	1
21	102	2
21	160	2
21	175	-2
22	25	1
22	34	1
22	44	1
22	79	1
22	108	2
22	148	2
22	186	-2
23	26	1
23	32	1
23	66	1
23	73	1
23	76	1
23	107	-2
23	143	-2
23	152	2
24	60	1
24	77	1
24	102	2
24	166	2
24	183	2
25	49	1
25	65	1
25	70	1
25	86	1
25	106	-2
25	108	2
25	120	-2
26	30	1
26	50	1
26	61	1
26	73	1
26	143	-2
26	170	-2
26	184	2
27	33	1
27	38	1
27	72	1
27	81	1
27	103	2
27	156	-2
27	167	-2
28	35	1
28	42	1
28	56	1
28	84	1
28	96	1
28	128	2
28	139	-2
28	145	-2
29	38	1
29	57	1
29	76	1
29	79	1
29	104	-2
29	140	2
29	185	2
30	36	1
30	50	1
30	92	1
30	150	2
30	170	-2
30	179	2
31	33	1
31	39	1
31	41	1
31	52	1
31	62	1
31	83	1
31	105	-2
31	111	2
31	169	-2
32	47	1
32	55	1
32	66	1
32	85	1
32	87	1
32	98	-2
32	152	2
32	174	-2
33	62	1
33	84	1
33	111	2
33	118	2
33	156	-2
34	44	1
34	68	2
34	89	1
34	149	-2
34	163	2
34	186	-2
35	83	1
35	92	1
35	96	1
35	116	-2
35	145	-2
35	177	2
36	55	1
36	62	1
36	63	1
36	87	1
36	92	1
36	124	2
36	151	-2
36	179	2
37	58	1
37	80	1
37	82	1
37	90	1
37	100	2
37	126	-2
37	144	-2
38	68	1
38	69	1
38	79	1
38	104	-2
38	147	2
38	167	-2
39	45	1
39	52	1
39	76	1
39	83	1
39	105	-2
39	168	2
39	190	2
40	53	1
40	54	1
40	64	1
40	66	1
40	72	1
40	130	-2
40	175	-2
40	176	2
41	46	1
41	52	1
41	87	1
41	89	1
41	94	1
41	164	2
41	169	-2
41	180	-2
42	44	1
42	60	1
42	70	1
42	114	2
42	139	-2
42	142	-2
43	56	1
43	61	2
43	74	1
43	75	1
43	171	-2
43	173	-2
43	187	2
44	70	1
44	86	1
44	114	2
44	136	2
44	186	-2
45	78	1
45	81	1
45	83	1
45	134	-2
45	153	-2
45	168	2
46	74	1
46	77	1
46	82	1
46	94	1
46	123	-2
46	164	2
46	191	-2
47	70	1
47	85	1
47	95	1
47	98	-2
47	122	2
47	182	-2
48	49	1
48	51	1
48	82	1
48	101	-2
48	109	-2
48	160	2
49	50	1
49	70	1
49	71	1
49	82	1
49	109	-2
49	120	-2
49	129	-2
50	71	1
50	77	1
50	79	1
50	110	-2
50	129	-2
50	170	-2
51	53	1
51	101	-2
51	113	2
51	161	-2
52	76	1
52	127	-2
52	169	-2
52	190	2
53	72	1
53	74	1
53	121	-2
53	161	-2
53	176	2
54	65	1
54	66	1
54	69	1
54	75	1
54	130	-2
54	133	2
54	178	2
55	59	1
55	63	1
55	67	1
55	87	1
55	151	-2
55	172	-2
55	174	-2
56	61	1
56	84	1
56	88	1
56	119	2
56	128	2
56	173	-2
57	60	1
57	63	1
57	95	1
57	140	2
57	157	-2
57	162	2
58	71	1
58	80	1
58	99	2
58	132	2
58	144	-2
59	67	1
59	85	1
59	88	1
59	146	-2
59	155	-2
59	172	-2
60	142	-2
60	162	2
60	183	2
61	75	1
61	173	-2
61	184	2
61	187	2
62	85	1
62	87	1
62	111	2
62	124	2
62	192	-2
63	92	1
63	95	1
63	151	-2
63	157	-2
63	159	-2
64	67	1
64	93	1
64	137	2
64	154	2
64	175	-2
65	75	1
65	78	1
65	86	1
65	91	1
65	106	-2
65	133	2
65	181	2
66	94	1
66	130	-2
66	152	2
66	165	-2
67	69	1
67	137	2
67	141	-2
67	172	-2
68	69	1
68	89	1
68	147	2
68	149	-2
68	163	2
69	141	-2
69	147	2
69	178	2
70	114	2
70	120	-2
70	122	2
71	81	1
71	99	2
71	129	-2
71	131	-2
72	81	1
72	91	1
72	103	2
72	158	2
72	176	2
73	135	-2
73	138	2
73	143	-2
74	77	1
74	121	-2
74	123	-2
74	171	-2
75	90	1
75	93	1
75	133	2
75	187	2
75	189	-2
76	107	-2
76	185	2
76	190	2
77	79	1
77	102	2
77	110	-2
77	123	-2
78	83	1
78	86	1
78	91	2
78	97	-2
78	153	-2
78	181	2
79	104	-2
79	110	-2
79	148	2
80	82	1
80	96	1
80	115	-2
80	126	-2
80	132	2
81	103	2
81	131	-2
81	134	-2
82	109	-2
82	126	-2
82	191	-2
83	105	-2
83	153	-2
83	177	2
84	117	-2
84	118	2
84	128	2
85	88	1
85	98	-2
85	155	-2
85	192	-2
86	91	1
86	97	-2
86	106	-2
86	136	2
87	89	1
87	124	2
87	174	-2
87	180	-2
88	90	1
88	93	1
88	112	2
88	119	2
88	155	-2
89	95	1
89	125	2
89	163	2
89	180	-2
90	93	2
90	100	2
90	112	2
90	189	-2
91	97	-2
91	158	2
91	181	2
92	116	-2
92	159	-2
92	179	2
93	112	2
93	154	2
93	189	-2
94	96	1
94	164	2
94	165	-2
94	188	-2
95	125	2
95	157	-2
95	182	-2
96	115	-2
96	145	-2
96	188	-2
