1	1	1
2	2	3
3	3	-1
4	4	-1
5	5	1
6	6	-3
7	7	-1
8	8	1
9	9	-1
10	10	1
11	11	1
12	12	1
13	13	1
14	14	1
15	15	-1
16	16	-1
17	17	-1
18	18	-1
19	19	3
20	20	-3
21	21	1
22	22	-1
23	23	1
24	24	-3
25	25	1
26	26	1
27	27	-1
28	28	-1
29	29	1
30	30	-1
31	31	-1
32	32	3
33	33	3
34	34	3
35	35	-3
36	36	1
37	37	-1
38	38	-1
39	39	3
40	40	1
41	41	-1
42	42	-1
43	43	-1
44	44	3
45	45	3
46	46	-1
47	47	1
48	48	1
49	49	1
50	50	1
51	51	1
52	52	-3
53	53	1
54	54	-1
55	55	1
56	56	-3
57	57	-1
58	58	-3
59	59	-3
60	60	1
61	61	-3
62	62	-1
63	63	-3
64	64	3
65	65	1
66	66	-1
67	67	-1
68	68	-1
69	69	3
70	70	1
71	71	-3
72	72	3
73	73	1
74	74	1
75	75	-3
76	76	1
77	77	1
78	78	-3
79	79	-1
80	80	1
81	81	-1
82	82	1
83	83	1
84	84	-1
85	85	1
86	86	1
87	87	1
88	88	-1
89	89	-1
90	90	-3
91	91	1
92	92	-3
93	93	-3
94	94	-1
95	95	1
96	96	3
97	97	1
98	98	1
99	99	-1
100	100	1
101	101	3
102	102	-3
103	103	-1
104	104	-1
105	105	1
106	106	1
107	107	1
108	108	1
109	109	-1
110	110	-1
111	111	-1
112	112	-1
113	113	1
114	114	-3
115	115	3
116	116	1
117	117	1
118	118	1
119	119	3
120	120	1
121	121	1
122	122	-1
123	123	-1
124	124	-3
125	125	-1
126	126	-1
127	127	3
128	128	-3
129	129	1
130	130	-1
131	131	-1
132	132	1
133	133	-1
134	134	-3
135	135	-3
136	136	-1
137	137	3
138	138	1
139	139	-1
140	140	1
141	141	-1
142	142	1
143	143	-1
144	144	1
145	145	1
146	146	1
147	147	-3
148	148	1
149	149	3
150	150	-1
151	151	1
152	152	1
153	153	1
154	154	3
155	155	-3
156	156	1
157	157	-1
158	158	1
159	159	3
160	160	1
161	161	-1
162	162	1
163	163	1
164	164	-1
165	165	-1
166	166	3
167	167	-1
168	168	-1
169	169	-3
170	170	3
171	171	1
172	172	-3
173	173	-3
174	174	1
175	175	-1
176	176	-3
177	177	-3
178	178	1
179	179	1
180	180	-3
181	181	1
182	182	1
183	183	-1
184	184	-1
185	185	3
186	186	3
187	187	-1
188	188	1
189	189	1
190	190	1
191	191	-1
192	192	-1
193	193	3
194	194	-1
195	195	-3
196	196	1
197	197	-1
198	198	-1
199	199	-1
200	200	-1
201	201	1
202	202	1
203	203	-1
204	204	1
205	205	-1
206	206	-1
207	207	1
208	208	-1
209	209	-1
210	210	1
211	211	1
212	212	3
213	213	-1
214	214	-1
215	215	3
216	216	1
217	217	3
218	218	1
219	219	-1
220	220	-1
221	221	-1
222	222	1
223	223	-3
224	224	-1
225	225	1
226	226	1
227	227	1
228	228	1
229	229	1
230	230	1
231	231	-1
232	232	1
233	233	-1
234	234	1
235	235	-1
236	236	-1
237	237	1
238	238	-3
239	239	-1
240	240	-1
241	241	-1
242	242	1
243	243	-1
244	244	-3
245	245	1
246	246	-1
247	247	1
248	248	1
249	249	1
250	250	-1
251	251	-1
252	252	1
253	253	-1
254	254	1
255	255	1
256	256	1
257	257	3
258	258	-1
259	259	-3
260	260	1
261	261	-3
262	262	-3
263	263	3
264	264	1
265	265	1
266	266	1
267	267	-1
268	268	1
269	269	1
270	270	3
271	271	-1
272	272	-1
273	273	-1
274	274	-1
275	275	1
276	276	-1
277	277	-1
278	278	3
279	279	-1
280	280	1
281	281	-1
282	282	3
283	283	-3
284	284	-1
285	285	-1
286	286	-1
287	287	-1
288	288	1
289	289	-1
290	290	3
291	291	1
292	292	-1
293	293	-1
294	294	-1
295	295	-1
296	296	1
297	297	1
298	298	-1
299	299	1
300	300	-1
301	301	1
302	302	1
303	303	-3
304	304	-1
305	305	1
306	306	-3
307	307	1
308	308	1
309	309	-3
310	310	-1
311	311	-1
312	312	-1
313	313	1
314	314	-1
315	315	1
316	316	-1
317	317	-1
318	318	3
319	319	1
320	320	-3
321	321	-3
322	322	-1
323	323	1
324	324	-3
325	325	1
326	326	1
327	327	1
328	328	-1
329	329	-1
330	330	-1
331	331	1
332	332	3
333	333	1
334	334	-3
335	335	1
336	336	1
337	337	-1
338	338	-1
339	339	1
340	340	1
341	341	-1
342	342	-3
343	343	-1
344	344	-1
345	345	3
346	346	-1
347	347	1
348	348	-1
349	349	-1
350	350	3
351	351	1
352	352	1
353	353	1
354	354	1
355	355	-1
356	356	-1
357	357	1
358	358	-1
359	359	-1
360	360	-3
361	361	1
362	362	-1
363	363	-1
364	364	1
365	365	-1
366	366	-1
367	367	-1
368	368	-1
369	369	1
370	370	1
371	371	1
372	372	-3
373	373	1
374	374	1
375	375	-1
376	376	3
377	377	1
378	378	1
379	379	-1
380	380	1
381	381	3
382	382	3
383	383	1
384	384	1
385	385	-1
386	386	3
387	387	1
388	388	1
389	389	1
390	390	-1
391	391	-1
392	392	3
393	393	-1
394	394	-1
395	395	1
396	396	-1
397	397	1
398	398	-1
399	399	1
400	400	1
401	401	-1
402	402	1
403	403	3
404	404	-1
405	405	3
406	406	1
407	407	1
408	408	-3
409	409	1
410	410	-3
411	411	1
412	412	3
413	413	1
414	414	1
415	415	3
416	416	3
417	417	3
418	418	-1
419	419	-1
420	420	-1
421	421	1
422	422	-3
423	423	1
424	424	1
425	425	-3
426	426	-1
427	427	1
428	428	-1
429	429	-1
430	430	1
431	431	1
432	432	3
433	433	-1
434	434	1
435	435	-1
436	436	1
437	437	-1
438	438	-1
439	439	1
440	440	1
441	441	-3
442	442	-3
443	443	-3
444	444	-1
445	445	-1
446	446	-1
447	447	1
448	448	-3
449	449	-1
450	450	1
451	451	1
452	452	-3
453	453	-1
454	454	1
455	455	-1
456	456	-1
457	457	3
458	458	1
459	459	1
460	460	1
461	461	-1
462	462	-3
463	463	1
464	464	-1
465	465	-1
466	466	-1
467	467	-1
468	468	-1
469	469	1
470	470	-1
471	471	-1
472	472	-1
473	473	1
474	474	3
475	475	-1
476	476	-3
477	477	1
478	478	1
479	479	-1
480	480	1
481	481	1
482	482	3
483	483	-1
484	484	-1
485	485	-3
486	486	3
487	487	-3
488	488	-1
489	489	3
490	490	3
491	491	1
492	492	1
493	493	1
494	494	1
495	495	-3
496	496	-1
497	497	-1
498	498	1
499	499	-1
500	500	1
501	501	-1
502	502	1
503	503	-3
504	504	-1
505	505	1
506	506	1
507	507	3
508	508	-1
509	509	1
510	510	1
511	511	1
512	512	-3
513	513	1
514	514	1
515	515	-1
516	516	1
517	517	-1
518	518	-1
519	519	1
520	520	1
521	521	1
522	522	-3
523	523	-1
524	524	-1
525	525	3
526	526	3
527	527	-3
528	528	3
529	529	1
530	530	1
531	531	-1
532	532	-1
533	533	-1
534	534	1
535	535	1
536	536	1
537	537	1
538	538	-1
539	539	3
540	540	-1
541	541	-3
542	542	-1
543	543	-1
544	544	-1
545	545	1
546	546	1
547	547	1
548	548	-1
549	549	3
550	550	1
551	551	1
552	552	-1
553	553	3
554	554	1
555	555	1
556	556	-3
557	557	-3
558	558	1
559	559	3
560	560	-1
561	561	-3
562	562	-3
563	563	-1
564	564	-1
565	565	-3
566	566	1
567	567	-1
568	568	3
569	569	-1
570	570	3
571	571	-1
572	572	1
573	573	3
574	574	1
575	575	1
576	576	1
577	577	3
578	578	-3
579	579	-1
580	580	-1
581	581	-1
582	582	1
583	583	1
584	584	-1
585	585	1
586	586	3
587	587	1
588	588	1
589	589	-1
590	590	3
591	591	-3
592	592	1
593	593	1
594	594	1
595	595	-1
596	596	1
597	597	3
598	598	-1
599	599	1
600	600	-3
601	601	1
602	602	-1
603	603	1
604	604	-1
605	605	1
606	606	-1
607	607	3
608	608	-1
609	609	1
610	610	3
611	611	-1
612	612	1
613	613	1
614	614	1
615	615	3
616	616	-1
617	617	-1
618	618	-1
619	619	-1
620	620	-3
621	621	3
622	622	-1
623	623	1
624	624	-3
625	625	1
626	626	-1
627	627	1
628	628	-1
629	629	1
630	630	-3
631	631	1
632	632	3
633	633	1
634	634	-3
635	635	1
636	636	1
637	637	3
638	638	1
639	639	1
640	640	-1
641	641	-1
642	642	-1
643	643	-1
644	644	1
645	645	-3
646	646	1
647	647	-3
648	648	1
649	649	3
650	650	1
651	651	-1
652	652	-3
653	653	1
654	654	1
655	655	-1
656	656	3
657	657	-1
658	658	3
659	659	3
660	660	-1
661	661	-3
662	662	1
663	663	-3
664	664	1
665	665	1
666	666	1
667	667	1
668	668	1
669	669	1
670	670	-1
671	671	3
672	672	3
673	673	1
674	674	1
675	675	1
676	676	1
677	677	1
678	678	3
679	679	1
680	680	1
681	681	-3
682	682	-1
683	683	1
684	684	1
685	685	1
686	686	-1
687	687	3
688	688	-1
689	689	-3
690	690	-1
691	691	-1
692	692	-3
693	693	-1
694	694	-1
695	695	-3
696	696	-3
697	697	-1
698	698	-1
699	699	-1
700	700	-1
701	701	1
702	702	1
703	703	-1
704	704	-3
705	705	1
706	706	1
707	707	-1
708	708	-1
709	709	1
710	710	-1
711	711	-1
712	712	1
713	713	1
714	714	-1
715	715	1
716	716	-1
717	717	1
718	718	1
719	719	3
720	720	1
721	721	3
722	722	-1
723	723	-1
724	724	-1
725	725	-1
726	726	-1
727	727	-1
728	728	-3
729	729	1
730	730	1
731	731	1
732	732	1
733	733	1
734	734	1
735	735	-1
736	736	1
737	737	3
738	738	-1
739	739	3
740	740	-3
741	741	3
742	742	-1
743	743	3
744	744	-3
745	745	1
746	746	1
747	747	3
748	748	-1
749	749	-1
750	750	1
751	751	1
752	752	-1
753	753	1
754	754	1
755	755	-1
756	756	-1
757	757	-1
758	758	1
759	759	-1
760	760	-1
761	761	1
762	762	1
763	763	1
764	764	3
765	765	-3
766	766	1
767	767	3
768	768	-3
769	769	-1
770	770	-1
771	771	3
772	772	3
773	773	-1
774	774	-3
775	775	-1
776	776	1
777	777	1
778	778	-1
779	779	-1
780	780	1
781	781	1
782	782	1
783	783	-1
784	784	-1
785	785	1
786	786	3
787	787	-1
788	788	-1
789	789	3
790	790	-1
791	791	1
792	792	1
793	793	-1
794	794	3
795	795	1
796	796	-1
797	797	1
798	798	1
799	799	3
800	800	3
801	801	-1
802	802	1
803	803	1
804	804	1
805	805	1
806	806	1
807	807	1
808	808	-1
809	809	-1
810	810	-1
811	811	-1
812	812	3
813	813	1
814	814	1
815	815	1
816	816	-1
817	817	3
818	818	-1
819	819	1
820	820	3
821	821	1
822	822	3
823	823	1
824	824	1
825	825	-1
826	826	3
827	827	1
828	828	1
829	829	1
830	830	1
831	831	3
832	832	-1
833	833	1
834	834	1
835	835	1
836	836	-1
837	837	-1
838	838	1
839	839	3
840	840	-1
841	841	1
842	842	-1
843	843	3
844	844	1
845	845	1
846	846	1
847	847	1
848	848	-1
849	849	-3
850	850	1
851	851	1
852	852	1
853	853	-1
854	854	3
855	855	1
856	856	1
857	857	3
858	858	-1
859	859	3
860	860	1
861	861	-1
862	862	-3
863	863	-3
864	864	-1
865	865	1
866	866	-1
867	867	-1
868	868	-1
869	869	-3
870	870	-1
871	871	3
872	872	-1
873	873	-1
874	874	1
875	875	3
876	876	1
877	877	-3
878	878	-1
879	879	-1
880	880	1
881	881	3
882	882	-3
883	883	1
884	884	1
885	885	-1
886	886	3
887	887	3
888	888	-1
889	889	-1
890	890	-1
891	891	1
892	892	-1
893	893	1
894	894	-1
895	895	-1
896	896	1
897	897	1
898	898	3
899	899	-1
900	900	-1
901	901	1
902	902	-3
903	903	1
904	904	1
905	905	-1
906	906	1
907	907	1
908	908	1
909	909	1
910	910	1
911	911	-3
912	912	1
913	913	3
914	914	-1
915	915	1
916	916	1
917	917	1
918	918	1
919	919	-3
920	920	-1
921	921	-1
922	922	1
923	923	1
924	924	-1
925	925	1
926	926	-3
927	927	-1
928	928	3
929	929	-1
930	930	-1
931	931	1
932	932	-1
933	933	1
934	934	3
935	935	-1
936	936	-1
937	937	-1
938	938	1
939	939	-3
940	940	-1
941	941	-1
942	942	1
943	943	1
944	944	1
945	945	-1
946	946	1
947	947	-1
948	948	-3
949	949	1
950	950	1
951	951	3
952	952	1
953	953	1
954	954	-1
955	955	3
956	956	-1
957	957	-1
958	958	-1
959	959	-1
960	960	1
961	961	-3
962	962	-3
963	963	-3
964	964	1
965	965	1
966	966	-1
967	967	-1
968	968	3
969	969	-3
970	970	1
971	971	-1
972	972	-3
973	973	1
974	974	-1
975	975	-1
976	976	1
977	977	1
978	978	1
979	979	-1
980	980	1
981	981	-3
982	982	-1
983	983	1
984	984	-1
985	985	1
986	986	-1
987	987	-1
988	988	-1
989	989	3
990	990	-1
991	991	1
992	992	1
993	993	-1
994	994	-1
995	995	1
996	996	-1
997	997	-1
998	998	-1
999	999	3
1000	1000	1
1001	1001	3
1002	1002	-3
1003	1003	3
1004	1004	1
1005	1005	1
1006	1006	-3
1007	1007	-1
1008	1008	-1
1009	1009	1
1010	1010	-1
1011	1011	1
1012	1012	-3
1013	1013	1
1014	1014	3
1015	1015	-1
1016	1016	3
1017	1017	-1
1018	1018	3
1019	1019	-1
1020	1020	-1
1021	1021	1
1022	1022	-1
1023	1023	3
1024	1024	-3
1025	1025	-2
1026	1026	-2
1027	1027	-2
1028	1028	-2
1029	1029	-2
1030	1030	-2
1031	1031	2
1032	1032	2
1033	1033	-2
1034	1034	2
1035	1035	-2
1036	1036	-2
1037	1037	-2
1038	1038	2
1039	1039	-2
1040	1040	2
1041	1041	-2
1042	1042	-2
1043	1043	-2
1044	1044	-2
1045	1045	-2
1046	1046	-2
1047	1047	-2
1048	1048	2
1049	1049	2
1050	1050	-2
1051	1051	2
1052	1052	-2
1053	1053	2
1054	1054	2
1055	1055	2
1056	1056	2
1057	1057	2
1058	1058	-2
1059	1059	2
1060	1060	2
1061	1061	-2
1062	1062	2
1063	1063	2
1064	1064	-2
1065	1065	2
1066	1066	2
1067	1067	2
1068	1068	-2
1069	1069	-2
1070	1070	-2
1071	1071	-2
1072	1072	2
1073	1073	-2
1074	1074	2
1075	1075	-2
1076	1076	-2
1077	1077	-2
1078	1078	2
1079	1079	2
1080	1080	2
1081	1081	-2
1082	1082	-2
1083	1083	2
1084	1084	-2
1085	1085	2
1086	1086	2
1087	1087	-2
1088	1088	-2
1089	1089	2
1090	1090	-2
1091	1091	-2
1092	1092	-2
1093	1093	-2
1094	1094	2
1095	1095	2
1096	1096	2
1097	1097	-2
1098	1098	2
1099	1099	2
1100	1100	2
1101	1101	2
1102	1102	-2
1103	1103	2
1104	1104	-2
1105	1105	2
1106	1106	2
1107	1107	2
1108	1108	-2
1109	1109	2
1110	1110	-2
1111	1111	2
1112	1112	2
1113	1113	-2
1114	1114	-2
1115	1115	-2
1116	1116	2
1117	1117	-2
1118	1118	2
1119	1119	-2
1120	1120	2
1121	1121	-2
1122	1122	2
1123	1123	2
1124	1124	-2
1125	1125	2
1126	1126	2
1127	1127	-2
1128	1128	2
1129	1129	2
1130	1130	-2
1131	1131	-2
1132	1132	2
1133	1133	2
1134	1134	2
1135	1135	2
1136	1136	-2
1137	1137	-2
1138	1138	2
1139	1139	-2
1140	1140	2
1141	1141	-2
1142	1142	-2
1143	1143	-2
1144	1144	2
1145	1145	-2
1146	1146	2
1147	1147	2
1148	1148	-2
1149	1149	-2
1150	1150	2
1151	1151	2
1152	1152	2
1153	1153	2
1154	1154	2
1155	1155	-2
1156	1156	-2
1157	1157	-2
1158	1158	2
1159	1159	2
1160	1160	2
1161	1161	-2
1162	1162	-2
1163	1163	-2
1164	1164	2
1165	1165	-2
1166	1166	-2
1167	1167	2
1168	1168	2
1169	1169	2
1170	1170	2
1171	1171	2
1172	1172	-2
1173	1173	-2
1174	1174	-2
1175	1175	-2
1176	1176	-2
1177	1177	2
1178	1178	-2
1179	1179	-2
1180	1180	2
1181	1181	-2
1182	1182	-2
1183	1183	-2
1184	1184	2
1185	1185	2
1186	1186	-2
1187	1187	2
1188	1188	2
1189	1189	2
1190	1190	-2
1191	1191	-2
1192	1192	-2
1193	1193	-2
1194	1194	-2
1195	1195	2
1196	1196	2
1197	1197	-2
1198	1198	2
1199	1199	2
1200	1200	2
1201	1201	-2
1202	1202	-2
1203	1203	-2
1204	1204	2
1205	1205	2
1206	1206	-2
1207	1207	-2
1208	1208	2
1209	1209	-2
1210	1210	-2
1211	1211	2
1212	1212	2
1213	1213	-2
1214	1214	2
1215	1215	2
1216	1216	2
1217	1217	-2
1218	1218	2
1219	1219	2
1220	1220	2
1221	1221	2
1222	1222	2
1223	1223	-2
1224	1224	-2
1225	1225	2
1226	1226	-2
1227	1227	-2
1228	1228	2
1229	1229	-2
1230	1230	-2
1231	1231	-2
1232	1232	-2
1233	1233	-2
1234	1234	2
1235	1235	2
1236	1236	2
1237	1237	2
1238	1238	-2
1239	1239	2
1240	1240	2
1241	1241	2
1242	1242	-2
1243	1243	-2
1244	1244	-2
1245	1245	-2
1246	1246	2
1247	1247	-2
1248	1248	-2
1249	1249	2
1250	1250	-2
1251	1251	-2
1252	1252	2
1253	1253	2
1254	1254	2
1255	1255	2
1256	1256	2
1257	1257	-2
1258	1258	2
1259	1259	2
1260	1260	2
1261	1261	2
1262	1262	-2
1263	1263	-2
1264	1264	-2
1265	1265	2
1266	1266	-2
1267	1267	2
1268	1268	2
1269	1269	2
1270	1270	2
1271	1271	2
1272	1272	-2
1273	1273	2
1274	1274	-2
1275	1275	-2
1276	1276	2
1277	1277	2
1278	1278	-2
1279	1279	-2
1280	1280	2
1281	1281	-2
1282	1282	2
1283	1283	-2
1284	1284	2
1285	1285	-2
1286	1286	2
1287	1287	2
1288	1288	2
1289	1289	2
1290	1290	2
1291	1291	2
1292	1292	-2
1293	1293	2
1294	1294	2
1295	1295	-2
1296	1296	2
1297	1297	2
1298	1298	-2
1299	1299	-2
1300	1300	2
1301	1301	2
1302	1302	-2
1303	1303	-2
1304	1304	-2
1305	1305	2
1306	1306	-2
1307	1307	-2
1308	1308	2
1309	1309	-2
1310	1310	2
1311	1311	-2
1312	1312	-2
1313	1313	2
1314	1314	-2
1315	1315	-2
1316	1316	-2
1317	1317	-2
1318	1318	2
1319	1319	-2
1320	1320	-2
1321	1321	2
1322	1322	-2
1323	1323	2
1324	1324	-2
1325	1325	-2
1326	1326	-2
1327	1327	2
1328	1328	2
1329	1329	-2
1330	1330	-2
1331	1331	-2
1332	1332	2
1333	1333	2
1334	1334	2
1335	1335	-2
1336	1336	-2
1337	1337	-2
1338	1338	2
1339	1339	-2
1340	1340	-2
1341	1341	2
1342	1342	2
1343	1343	2
1344	1344	2
1345	1345	-2
1346	1346	2
1347	1347	-2
1348	1348	2
1349	1349	-2
1350	1350	-2
1351	1351	-2
1352	1352	-2
1353	1353	2
1354	1354	-2
1355	1355	2
1356	1356	2
1357	1357	-2
1358	1358	2
1359	1359	2
1360	1360	-2
1361	1361	2
1362	1362	-2
1363	1363	2
1364	1364	-2
1365	1365	2
1366	1366	-2
1367	1367	2
1368	1368	-2
1369	1369	-2
1370	1370	2
1371	1371	-2
1372	1372	-2
1373	1373	-2
1374	1374	2
1375	1375	-2
1376	1376	-2
1377	1377	-2
1378	1378	-2
1379	1379	2
1380	1380	-2
1381	1381	2
1382	1382	-2
1383	1383	-2
1384	1384	2
1385	1385	2
1386	1386	2
1387	1387	-2
1388	1388	-2
1389	1389	2
1390	1390	2
1391	1391	-2
1392	1392	-2
1393	1393	2
1394	1394	2
1395	1395	-2
1396	1396	-2
1397	1397	-2
1398	1398	2
1399	1399	2
1400	1400	-2
1401	1401	-2
1402	1402	2
1403	1403	2
1404	1404	-2
1405	1405	-2
1406	1406	2
1407	1407	-2
1408	1408	2
1409	1409	-2
1410	1410	-2
1411	1411	-2
1412	1412	2
1413	1413	2
1414	1414	-2
1415	1415	-2
1416	1416	-2
1417	1417	2
1418	1418	-2
1419	1419	2
1420	1420	-2
1421	1421	2
1422	1422	-2
1423	1423	2
1424	1424	-2
1425	1425	2
1426	1426	-2
1427	1427	-2
1428	1428	-2
1429	1429	2
1430	1430	-2
1431	1431	2
1432	1432	-2
1433	1433	-2
1434	1434	-2
1435	1435	-2
1436	1436	-2
1437	1437	-2
1438	1438	-2
1439	1439	2
1440	1440	2
1441	1441	-2
1442	1442	-2
1443	1443	-2
1444	1444	-2
1445	1445	-2
1446	1446	2
1447	1447	2
1448	1448	-2
1449	1449	2
1450	1450	2
1451	1451	-2
1452	1452	-2
1453	1453	-2
1454	1454	-2
1455	1455	2
1456	1456	-2
1457	1457	2
1458	1458	-2
1459	1459	-2
1460	1460	-2
1461	1461	2
1462	1462	2
1463	1463	2
1464	1464	2
1465	1465	-2
1466	1466	2
1467	1467	-2
1468	1468	2
1469	1469	2
1470	1470	-2
1471	1471	-2
1472	1472	2
1473	1473	-2
1474	1474	2
1475	1475	2
1476	1476	-2
1477	1477	-2
1478	1478	-2
1479	1479	2
1480	1480	-2
1481	1481	2
1482	1482	-2
1483	1483	-2
1484	1484	-2
1485	1485	2
1486	1486	2
1487	1487	-2
1488	1488	2
1489	1489	-2
1490	1490	-2
1491	1491	2
1492	1492	-2
1493	1493	2
1494	1494	2
1495	1495	2
1496	1496	2
1497	1497	-2
1498	1498	2
1499	1499	-2
1500	1500	2
1501	1501	2
1502	1502	-2
1503	1503	2
1504	1504	2
1505	1505	2
1506	1506	-2
1507	1507	2
1508	1508	2
1509	1509	-2
1510	1510	2
1511	1511	2
1512	1512	2
1513	1513	-2
1514	1514	2
1515	1515	2
1516	1516	-2
1517	1517	2
1518	1518	2
1519	1519	-2
1520	1520	2
1521	1521	2
1522	1522	-2
1523	1523	2
1524	1524	2
1525	1525	-2
1526	1526	-2
1527	1527	2
1528	1528	-2
1529	1529	-2
1530	1530	2
1531	1531	-2
1532	1532	-2
1533	1533	-2
1534	1534	-2
1535	1535	2
1536	1536	-2
1537	1537	-2
1538	1538	-2
1539	1539	2
1540	1540	2
1541	1541	-2
1542	1542	2
1543	1543	-2
1544	1544	-2
1545	1545	2
1546	1546	-2
1547	1547	2
1548	1548	-2
1549	1549	2
1550	1550	-2
1551	1551	2
1552	1552	-2
1553	1553	2
1554	1554	2
1555	1555	2
1556	1556	-2
1557	1557	2
1558	1558	-2
1559	1559	-2
1560	1560	2
1561	1561	-2
1562	1562	2
1563	1563	2
1564	1564	-2
1565	1565	-2
1566	1566	2
1567	1567	-2
1568	1568	2
1569	1569	2
1570	1570	2
1571	1571	-2
1572	1572	-2
1573	1573	2
1574	1574	2
1575	1575	-2
1576	1576	2
1577	1577	2
1578	1578	-2
1579	1579	-2
1580	1580	-2
1581	1581	2
1582	1582	2
1583	1583	2
1584	1584	2
1585	1585	2
1586	1586	2
1587	1587	-2
1588	1588	-2
1589	1589	-2
1590	1590	2
1591	1591	2
1592	1592	-2
1593	1593	2
1594	1594	2
1595	1595	2
1596	1596	2
1597	1597	-2
1598	1598	2
1599	1599	2
1600	1600	2
1601	1601	-2
1602	1602	2
1603	1603	-2
1604	1604	-2
1605	1605	2
1606	1606	2
1607	1607	-2
1608	1608	-2
1609	1609	-2
1610	1610	2
1611	1611	-2
1612	1612	-2
1613	1613	-2
1614	1614	-2
1615	1615	2
1616	1616	-2
1617	1617	2
1618	1618	2
1619	1619	2
1620	1620	-2
1621	1621	-2
1622	1622	-2
1623	1623	2
1624	1624	-2
1625	1625	-2
1626	1626	2
1627	1627	-2
1628	1628	-2
1629	1629	2
1630	1630	-2
1631	1631	2
1632	1632	-2
1633	1633	-2
1634	1634	-2
1635	1635	2
1636	1636	2
1637	1637	-2
1638	1638	-2
1639	1639	2
1640	1640	-2
1641	1641	2
1642	1642	2
1643	1643	-2
1644	1644	-2
1645	1645	2
1646	1646	2
1647	1647	-2
1648	1648	2
1649	1649	2
1650	1650	2
1651	1651	2
1652	1652	2
1653	1653	-2
1654	1654	2
1655	1655	-2
1656	1656	2
1657	1657	2
1658	1658	-2
1659	1659	-2
1660	1660	2
1661	1661	-2
1662	1662	-2
1663	1663	-2
1664	1664	2
1665	1665	-2
1666	1666	-2
1667	1667	2
1668	1668	-2
1669	1669	-2
1670	1670	2
1671	1671	2
1672	1672	-2
1673	1673	2
1674	1674	-2
1675	1675	-2
1676	1676	2
1677	1677	2
1678	1678	-2
1679	1679	-2
1680	1680	2
1681	1681	2
1682	1682	-2
1683	1683	2
1684	1684	-2
1685	1685	-2
1686	1686	2
1687	1687	2
1688	1688	-2
1689	1689	-2
1690	1690	2
1691	1691	-2
1692	1692	2
1693	1693	-2
1694	1694	2
1695	1695	-2
1696	1696	2
1697	1697	2
1698	1698	-2
1699	1699	-2
1700	1700	-2
1701	1701	-2
1702	1702	-2
1703	1703	2
1704	1704	2
1705	1705	2
1706	1706	-2
1707	1707	2
1708	1708	-2
1709	1709	2
1710	1710	2
1711	1711	2
1712	1712	-2
1713	1713	-2
1714	1714	-2
1715	1715	-2
1716	1716	2
1717	1717	2
1718	1718	2
1719	1719	2
1720	1720	2
1721	1721	-2
1722	1722	2
1723	1723	2
1724	1724	-2
1725	1725	-2
1726	1726	-2
1727	1727	2
1728	1728	-2
1729	1729	-2
1730	1730	-2
1731	1731	2
1732	1732	2
1733	1733	-2
1734	1734	-2
1735	1735	2
1736	1736	2
1737	1737	-2
1738	1738	2
1739	1739	-2
1740	1740	2
1741	1741	2
1742	1742	-2
1743	1743	-2
1744	1744	-2
1745	1745	-2
1746	1746	2
1747	1747	2
1748	1748	-2
1749	1749	-2
1750	1750	-2
1751	1751	2
1752	1752	2
1753	1753	2
1754	1754	2
1755	1755	2
1756	1756	2
1757	1757	2
1758	1758	-2
1759	1759	2
1760	1760	-2
1761	1761	-2
1762	1762	2
1763	1763	2
1764	1764	-2
1765	1765	2
1766	1766	-2
1767	1767	-2
1768	1768	2
1769	1769	-2
1770	1770	2
1771	1771	-2
1772	1772	2
1773	1773	-2
1774	1774	2
1775	1775	-2
1776	1776	-2
1777	1777	2
1778	1778	-2
1779	1779	2
1780	1780	2
1781	1781	2
1782	1782	-2
1783	1783	2
1784	1784	2
1785	1785	-2
1786	1786	-2
1787	1787	2
1788	1788	-2
1789	1789	-2
1790	1790	2
1791	1791	2
1792	1792	2
1793	1793	2
1794	1794	-2
1795	1795	2
1796	1796	-2
1797	1797	2
1798	1798	2
1799	1799	-2
1800	1800	2
1801	1801	-2
1802	1802	2
1803	1803	-2
1804	1804	2
1805	1805	2
1806	1806	2
1807	1807	2
1808	1808	-2
1809	1809	2
1810	1810	-2
1811	1811	-2
1812	1812	-2
1813	1813	-2
1814	1814	2
1815	1815	-2
1816	1816	2
1817	1817	2
1818	1818	-2
1819	1819	-2
1820	1820	2
1821	1821	-2
1822	1822	-2
1823	1823	-2
1824	1824	-2
1825	1825	2
1826	1826	2
1827	1827	-2
1828	1828	-2
1829	1829	-2
1830	1830	-2
1831	1831	-2
1832	1832	-2
1833	1833	-2
1834	1834	-2
1835	1835	2
1836	1836	2
1837	1837	2
1838	1838	2
1839	1839	2
1840	1840	-2
1841	1841	2
1842	1842	-2
1843	1843	-2
1844	1844	2
1845	1845	-2
1846	1846	2
1847	1847	2
1848	1848	-2
1849	1849	2
1850	1850	-2
1851	1851	-2
1852	1852	-2
1853	1853	-2
1854	1854	2
1855	1855	-2
1856	1856	2
1857	1857	2
1858	1858	2
1859	1859	2
1860	1860	-2
1861	1861	-2
1862	1862	2
1863	1863	2
1864	1864	2
1865	1865	-2
1866	1866	2
1867	1867	2
1868	1868	-2
1869	1869	2
1870	1870	-2
1871	1871	2
1872	1872	-2
1873	1873	-2
1874	1874	-2
1875	1875	2
1876	1876	-2
1877	1877	-2
1878	1878	2
1879	1879	-2
1880	1880	2
1881	1881	2
1882	1882	2
1883	1883	-2
1884	1884	2
1885	1885	-2
1886	1886	-2
1887	1887	-2
1888	1888	2
1889	1889	-2
1890	1890	2
1891	1891	2
1892	1892	2
1893	1893	-2
1894	1894	-2
1895	1895	2
1896	1896	-2
1897	1897	-2
1898	1898	2
1899	1899	2
1900	1900	-2
1901	1901	-2
1902	1902	2
1903	1903	-2
1904	1904	2
1905	1905	-2
1906	1906	-2
1907	1907	-2
1908	1908	2
1909	1909	-2
1910	1910	2
1911	1911	-2
1912	1912	2
1913	1913	-2
1914	1914	-2
1915	1915	-2
1916	1916	-2
1917	1917	-2
1918	1918	-2
1919	1919	-2
1920	1920	2
1921	1921	-2
1922	1922	2
1923	1923	2
1924	1924	2
1925	1925	-2
1926	1926	2
1927	1927	2
1928	1928	-2
1929	1929	-2
1930	1930	2
1931	1931	-2
1932	1932	2
1933	1933	-2
1934	1934	-2
1935	1935	2
1936	1936	-2
1937	1937	2
1938	1938	-2
1939	1939	2
1940	1940	-2
1941	1941	2
1942	1942	2
1943	1943	-2
1944	1944	2
1945	1945	2
1946	1946	-2
1947	1947	-2
1948	1948	2
1949	1949	-2
1950	1950	-2
1951	1951	-2
1952	1952	2
1953	1953	2
1954	1954	-2
1955	1955	-2
1956	1956	2
1957	1957	-2
1958	1958	2
1959	1959	2
1960	1960	2
1961	1961	2
1962	1962	2
1963	1963	-2
1964	1964	2
1965	1965	2
1966	1966	2
1967	1967	-2
1968	1968	2
1969	1969	2
1970	1970	2
1971	1971	2
1972	1972	-2
1973	1973	2
1974	1974	-2
1975	1975	-2
1976	1976	-2
1977	1977	2
1978	1978	-2
1979	1979	2
1980	1980	-2
1981	1981	-2
1982	1982	-2
1983	1983	-2
1984	1984	-2
1985	1985	2
1986	1986	2
1987	1987	-2
1988	1988	2
1989	1989	2
1990	1990	2
1991	1991	2
1992	1992	2
1993	1993	-2
1994	1994	2
1995	1995	2
1996	1996	2
1997	1997	2
1998	1998	-2
1999	1999	-2
2000	2000	2
2001	2001	2
2002	2002	-2
2003	2003	2
2004	2004	-2
2005	2005	-2
2006	2006	-2
2007	2007	-2
2008	2008	2
2009	2009	-2
2010	2010	2
2011	2011	-2
2012	2012	-2
2013	2013	2
2014	2014	2
2015	2015	2
2016	2016	2
2017	2017	-2
2018	2018	2
2019	2019	-2
2020	2020	-2
2021	2021	2
2022	2022	-2
2023	2023	-2
2024	2024	-2
2025	2025	2
2026	2026	-2
2027	2027	2
2028	2028	2
2029	2029	2
2030	2030	-2
2031	2031	-2
2032	2032	2
2033	2033	-2
2034	2034	-2
2035	2035	2
2036	2036	-2
2037	2037	-2
2038	2038	2
2039	2039	-2
2040	2040	-2
2041	2041	-2
2042	2042	2
2043	2043	-2
2044	2044	2
2045	2045	2
2046	2046	2
2047	2047	-2
2048	2048	2
1	199	1
1	348	1
1	504	1
1	898	1
1	937	1
1	989	1
1	1070	-2
1	1271	2
1	1431	-2
2	341	1
2	384	1
2	616	1
2	656	1
2	760	1
2	992	1
2	1371	-2
2	1376	-2
2	1750	-2
3	42	1
3	114	1
3	535	1
3	622	1
3	630	1
3	746	1
3	1734	2
3	1986	2
3	2000	-2
4	25	1
4	152	1
4	433	1
4	782	1
4	845	1
4	941	1
4	1038	-2
4	1345	2
4	1982	-2
5	119	1
5	168	1
5	303	1
5	331	1
5	550	1
5	592	1
5	1203	-2
5	1456	2
5	1660	2
6	135	1
6	341	1
6	479	1
6	565	1
6	735	1
6	748	1
6	1258	-2
6	1623	-2
6	2021	-2
7	79	1
7	441	1
7	510	1
7	836	1
7	882	1
7	1019	1
7	1061	-2
7	1164	-2
7	1690	-2
8	98	1
8	115	1
8	434	1
8	725	1
8	989	1
8	1023	1
8	1399	2
8	1960	2
8	1971	-2
9	183	1
9	296	1
9	808	1
9	842	1
9	910	1
9	1012	1
9	1320	2
9	1527	-2
9	1659	-2
10	39	1
10	224	1
10	238	1
10	659	1
10	679	1
10	902	1
10	1099	2
10	1631	2
10	1958	-2
11	251	1
11	315	1
11	534	1
11	602	1
11	677	1
11	1001	1
11	1336	-2
11	1505	-2
11	1728	-2
12	562	1
12	569	1
12	574	1
12	777	1
12	793	1
12	1023	1
12	1111	-2
12	1278	-2
12	1740	2
13	174	1
13	186	1
13	258	1
13	658	1
13	902	1
13	1017	1
13	1254	2
13	1605	2
13	1716	-2
14	189	1
14	194	1
14	427	1
14	603	1
14	641	1
14	894	1
14	1077	-2
14	1119	-2
14	1887	2
15	60	1
15	139	1
15	356	1
15	463	1
15	528	1
15	842	1
15	1316	2
15	1541	-2
15	1910	-2
16	27	1
16	696	1
16	780	1
16	916	1
16	937	1
16	949	1
16	1050	-2
16	1441	2
16	1844	-2
17	223	1
17	229	1
17	466	1
17	514	1
17	630	1
17	809	1
17	1084	-2
17	1672	2
17	1992	-2
18	214	1
18	362	1
18	503	1
18	652	1
18	670	1
18	725	1
18	1027	-2
18	1285	2
18	1588	2
19	231	1
19	431	1
19	535	1
19	822	1
19	853	1
19	954	1
19	1486	2
19	1675	-2
19	1942	2
20	57	1
20	169	1
20	199	1
20	579	1
20	626	1
20	676	1
20	1088	2
20	1113	2
20	1703	-2
21	117	1
21	308	1
21	367	1
21	531	1
21	815	1
21	944	1
21	1914	-2
21	1962	-2
21	2046	2
22	309	1
22	333	1
22	398	1
22	522	1
22	591	1
22	917	1
22	1755	2
22	1935	-2
22	2004	2
23	218	1
23	245	1
23	302	1
23	654	1
23	835	1
23	976	1
23	1765	2
23	1784	2
23	2035	-2
24	37	1
24	139	1
24	532	1
24	861	1
24	927	1
24	956	1
24	1511	-2
24	1564	2
24	1763	-2
25	60	1
25	433	1
25	821	1
25	928	1
25	1002	1
25	1026	-2
25	1736	-2
25	1982	-2
26	112	1
26	374	1
26	536	1
26	711	1
26	762	1
26	776	1
26	1031	-2
26	1599	2
26	1786	-2
27	364	1
27	367	1
27	857	1
27	922	1
27	937	1
27	1085	-2
27	1441	2
27	1743	-2
28	189	1
28	310	1
28	467	1
28	530	1
28	924	1
28	985	1
28	1595	-2
28	1717	-2
28	1983	-2
29	86	1
29	181	1
29	212	1
29	909	1
29	910	1
29	1012	1
29	1343	2
29	1905	2
29	2022	-2
30	159	1
30	488	1
30	723	1
30	860	1
30	949	1
30	953	1
30	1223	-2
30	1906	2
30	1931	2
31	296	1
31	556	1
31	575	1
31	614	1
31	863	1
31	1006	1
31	1044	2
31	1174	-2
31	1725	2
32	263	1
32	332	1
32	373	1
32	554	1
32	716	1
32	806	1
32	1617	2
32	1773	-2
32	1880	2
33	156	1
33	380	1
33	482	1
33	763	1
33	844	1
33	971	1
33	1196	2
33	1246	2
33	1866	2
34	83	1
34	103	1
34	190	1
34	383	1
34	477	1
34	915	1
34	1555	2
34	1556	-2
34	1594	2
35	208	1
35	485	1
35	502	1
35	594	1
35	725	1
35	793	1
35	1776	2
35	1785	2
35	1826	-2
36	391	1
36	409	1
36	608	1
36	694	1
36	726	1
36	750	1
36	1712	-2
36	1739	2
36	1806	2
37	115	1
37	142	1
37	593	1
37	892	1
37	927	1
37	1511	-2
37	1536	2
37	1610	2
38	107	1
38	138	1
38	281	1
38	645	1
38	655	1
38	840	1
38	1601	2
38	1602	2
38	2025	-2
39	83	1
39	224	1
39	273	1
39	625	1
39	682	1
39	1099	2
39	1397	-2
39	1683	2
40	105	1
40	142	1
40	304	1
40	337	1
40	440	1
40	959	1
40	1043	2
40	1173	-2
40	1591	2
41	113	1
41	375	1
41	398	1
41	634	1
41	871	1
41	1022	1
41	1032	-2
41	1142	-2
41	1453	2
42	196	1
42	471	1
42	560	1
42	622	1
42	839	1
42	1165	2
42	1176	-2
42	1734	2
43	52	1
43	119	1
43	407	1
43	519	1
43	599	1
43	1003	1
43	1240	-2
43	1731	-2
43	1933	-2
44	163	1
44	167	1
44	197	1
44	619	1
44	852	1
44	997	1
44	1361	2
44	1377	-2
44	1957	-2
45	121	1
45	201	1
45	839	1
45	855	1
45	857	1
45	985	1
45	1583	2
45	1611	-2
45	1924	2
46	77	1
46	145	1
46	544	1
46	673	1
46	979	1
46	996	1
46	1263	2
46	1577	-2
46	1934	-2
47	263	1
47	355	1
47	414	1
47	482	1
47	683	1
47	886	1
47	1202	2
47	1956	2
47	2024	-2
48	158	1
48	313	1
48	354	1
48	416	1
48	461	1
48	786	1
48	1191	-2
48	1385	-2
48	1640	-2
49	160	1
49	607	1
49	825	1
49	828	1
49	863	1
49	1015	1
49	1372	2
49	1518	2
49	1666	-2
50	392	1
50	557	1
50	687	1
50	824	1
50	825	1
50	835	1
50	1243	2
50	1346	2
50	1872	-2
51	68	1
51	232	1
51	293	1
51	373	1
51	631	1
51	913	1
51	1578	2
51	1955	-2
51	2029	2
52	128	1
52	150	1
52	505	1
52	519	1
52	885	1
52	1240	-2
52	1386	-2
52	1748	2
53	76	1
53	212	1
53	363	1
53	583	1
53	917	1
53	975	1
53	1288	-2
53	1576	2
53	1596	2
54	163	1
54	200	1
54	307	1
54	310	1
54	337	1
54	359	1
54	1643	2
54	1715	-2
54	1930	-2
55	301	1
55	429	1
55	788	1
55	847	1
55	888	1
55	916	1
55	1029	-2
55	1497	2
55	1833	-2
56	136	1
56	314	1
56	348	1
56	442	1
56	516	1
56	711	1
56	1308	-2
56	1387	2
56	1753	-2
57	115	1
57	626	1
57	688	1
57	794	1
57	962	1
57	1703	-2
57	1751	-2
57	1899	2
58	260	1
58	420	1
58	530	1
58	598	1
58	998	1
58	1020	1
58	1450	-2
58	1451	2
58	1757	-2
59	372	1
59	419	1
59	602	1
59	808	1
59	810	1
59	939	1
59	1482	2
59	1509	2
59	1821	2
60	65	1
60	139	1
60	622	1
60	928	1
60	1026	-2
60	1316	2
60	1562	2
61	142	1
61	447	1
61	487	1
61	606	1
61	744	1
61	1024	1
61	1148	2
61	1291	-2
61	1846	-2
62	79	1
62	275	1
62	360	1
62	550	1
62	641	1
62	913	1
62	1280	-2
62	1688	-2
62	1827	2
63	134	1
63	292	1
63	433	1
63	463	1
63	547	1
63	557	1
63	1489	2
63	1991	-2
63	1994	-2
64	208	1
64	397	1
64	770	1
64	846	1
64	955	1
64	1023	1
64	1082	-2
64	1144	2
64	1592	-2
65	102	1
65	388	1
65	500	1
65	549	1
65	622	1
65	1272	-2
65	1562	2
65	1706	2
66	87	1
66	324	1
66	412	1
66	611	1
66	668	1
66	927	1
66	1079	-2
66	1162	2
66	1260	2
67	110	1
67	125	1
67	146	1
67	245	1
67	653	1
67	869	1
67	1035	2
67	1227	2
67	1245	-2
68	96	1
68	197	1
68	219	1
68	293	1
68	788	1
68	1115	-2
68	1396	2
68	1578	2
69	483	1
69	528	1
69	554	1
69	597	1
69	866	1
69	935	1
69	1445	-2
69	1569	2
69	1936	-2
70	541	1
70	673	1
70	754	1
70	775	1
70	786	1
70	856	1
70	1180	2
70	1241	-2
70	1984	-2
71	169	1
71	314	1
71	780	1
71	792	1
71	940	1
71	987	1
71	1195	-2
71	1523	-2
71	1943	2
72	168	1
72	239	1
72	513	1
72	545	1
72	555	1
72	718	1
72	1395	-2
72	1553	2
72	1769	-2
73	132	1
73	211	1
73	352	1
73	500	1
73	562	1
73	946	1
73	1425	-2
73	1636	2
73	1711	2
74	161	1
74	313	1
74	468	1
74	511	1
74	979	1
74	992	1
74	1145	-2
74	1265	2
74	1369	2
75	294	1
75	393	1
75	484	1
75	501	1
75	655	1
75	963	1
75	1231	2
75	1477	2
75	1921	2
76	228	1
76	450	1
76	686	1
76	756	1
76	917	1
76	1332	2
76	1576	2
76	1969	-2
77	497	1
77	663	1
77	726	1
77	795	1
77	996	1
77	1398	2
77	1585	-2
77	1934	-2
78	198	1
78	442	1
78	468	1
78	895	1
78	972	1
78	979	1
78	1187	-2
78	1219	-2
78	1238	2
79	275	1
79	359	1
79	650	1
79	882	1
79	1164	-2
79	1280	-2
79	1721	-2
80	323	1
80	387	1
80	390	1
80	573	1
80	877	1
80	884	1
80	1028	-2
80	1495	2
80	1996	-2
81	248	1
81	414	1
81	534	1
81	575	1
81	618	1
81	763	1
81	1123	-2
81	1242	-2
81	1466	-2
82	148	1
82	190	1
82	257	1
82	614	1
82	634	1
82	785	1
82	1366	-2
82	1850	2
82	2023	-2
83	383	1
83	682	1
83	726	1
83	759	1
83	1138	-2
83	1594	2
83	1683	2
84	231	1
84	293	1
84	698	1
84	713	1
84	848	1
84	970	1
84	1274	2
84	1455	2
84	1907	2
85	132	1
85	315	1
85	595	1
85	852	1
85	895	1
85	1007	1
85	1225	2
85	1475	-2
85	1593	2
86	272	1
86	587	1
86	787	1
86	976	1
86	1012	1
86	1313	2
86	1423	2
86	1905	2
87	179	1
87	576	1
87	664	1
87	927	1
87	998	1
87	1079	-2
87	1268	2
87	1966	2
88	339	1
88	478	1
88	480	1
88	720	1
88	724	1
88	813	1
88	1181	2
88	1189	2
88	1973	-2
89	121	1
89	124	1
89	271	1
89	667	1
89	814	1
89	915	1
89	1052	2
89	1158	-2
89	1816	2
90	112	1
90	372	1
90	699	1
90	751	1
90	758	1
90	923	1
90	1230	2
90	1434	2
90	1616	2
91	557	1
91	666	1
91	701	1
91	760	1
91	776	1
91	970	1
91	1159	2
91	1266	-2
91	1299	2
92	164	1
92	172	1
92	515	1
92	566	1
92	969	1
92	981	1
92	1719	-2
92	2033	2
92	2047	2
93	336	1
93	344	1
93	346	1
93	353	1
93	443	1
93	939	1
93	1612	2
93	1787	-2
93	2045	-2
94	221	1
94	360	1
94	476	1
94	802	1
94	863	1
94	925	1
94	1614	2
94	1635	2
94	1777	-2
95	219	1
95	537	1
95	574	1
95	579	1
95	856	1
95	968	1
95	1153	2
95	1368	-2
95	1457	-2
96	125	1
96	127	1
96	219	1
96	292	1
96	941	1
96	1115	-2
96	1147	2
96	1709	2
97	266	1
97	594	1
97	744	1
97	757	1
97	944	1
97	959	1
97	1394	2
97	1479	-2
97	1530	2
98	186	1
98	249	1
98	434	1
98	544	1
98	798	1
98	1493	2
98	1630	-2
98	1971	-2
99	409	1
99	580	1
99	596	1
99	730	1
99	951	1
99	1002	1
99	1526	2
99	1832	2
99	2027	2
100	189	1
100	213	1
100	379	1
100	652	1
100	756	1
100	848	1
100	1501	-2
100	1927	2
100	1975	-2
101	175	1
101	286	1
101	368	1
101	376	1
101	553	1
101	747	1
101	1156	-2
101	1637	-2
101	1849	2
102	206	1
102	388	1
102	410	1
102	634	1
102	694	1
102	1154	-2
102	1694	-2
102	1706	2
103	550	1
103	620	1
103	797	1
103	906	1
103	915	1
103	1182	2
103	1555	2
103	1760	2
104	245	1
104	490	1
104	577	1
104	617	1
104	624	1
104	1013	1
104	1293	-2
104	1642	-2
104	1834	-2
105	108	1
105	142	1
105	312	1
105	943	1
105	953	1
105	1173	-2
105	1319	2
105	1567	-2
106	193	1
106	267	1
106	625	1
106	700	1
106	763	1
106	876	1
106	1179	-2
106	1232	2
106	1528	-2
107	149	1
107	194	1
107	216	1
107	840	1
107	924	1
107	1101	2
107	1602	2
107	1825	-2
108	360	1
108	627	1
108	703	1
108	781	1
108	953	1
108	1192	2
108	1567	-2
108	1652	2
109	122	1
109	244	1
109	473	1
109	576	1
109	765	1
109	882	1
109	1072	-2
109	1234	2
109	1647	2
110	125	1
110	185	1
110	236	1
110	340	1
110	771	1
110	1035	2
110	1535	2
110	1952	-2
111	151	1
111	192	1
111	284	1
111	612	1
111	799	1
111	838	1
111	1092	2
111	1309	-2
111	1378	2
112	180	1
112	387	1
112	536	1
112	751	1
112	1364	2
112	1599	2
112	1616	2
113	156	1
113	346	1
113	388	1
113	513	1
113	871	1
113	1139	-2
113	1142	-2
113	1664	-2
114	544	1
114	630	1
114	724	1
114	890	1
114	936	1
114	1235	-2
114	1668	2
114	2000	-2
115	142	1
115	794	1
115	989	1
115	1399	2
115	1610	2
115	1899	2
116	322	1
116	340	1
116	419	1
116	583	1
116	747	1
116	945	1
116	1571	-2
116	1893	2
116	1945	2
117	325	1
117	366	1
117	905	1
117	944	1
117	982	1
117	1379	2
117	1794	2
117	2046	2
118	151	1
118	305	1
118	313	1
118	359	1
118	403	1
118	893	1
118	1239	2
118	1879	-2
118	1883	2
119	240	1
119	435	1
119	550	1
119	1003	1
119	1660	2
119	1933	-2
119	2030	-2
120	143	1
120	366	1
120	486	1
120	571	1
120	605	1
120	615	1
120	1391	2
120	1774	2
120	1889	-2
121	201	1
121	378	1
121	549	1
121	814	1
121	1052	2
121	1583	2
121	1897	-2
122	492	1
122	765	1
122	882	1
122	893	1
122	902	1
122	1072	-2
122	1348	-2
122	1438	-2
123	284	1
123	558	1
123	604	1
123	874	1
123	894	1
123	921	1
123	1454	-2
123	1922	-2
123	2012	2
124	271	1
124	418	1
124	560	1
124	905	1
124	919	1
124	1158	-2
124	1726	2
124	1999	2
125	127	1
125	409	1
125	922	1
125	1035	2
125	1656	-2
125	1709	2
126	180	1
126	188	1
126	288	1
126	404	1
126	757	1
126	951	1
126	1051	-2
126	1323	-2
126	1513	-2
127	143	1
127	436	1
127	629	1
127	646	1
127	1321	2
127	1709	2
127	1967	-2
128	461	1
128	505	1
128	512	1
128	647	1
128	1000	1
128	1381	-2
128	1543	2
128	1748	2
129	145	1
129	163	1
129	240	1
129	248	1
129	875	1
129	975	1
129	1500	-2
129	1506	-2
129	1812	-2
130	155	1
130	208	1
130	289	1
130	390	1
130	417	1
130	639	1
130	1185	-2
130	1354	-2
130	1705	-2
131	164	1
131	177	1
131	316	1
131	350	1
131	485	1
131	991	1
131	1404	2
131	1468	2
131	1521	-2
132	315	1
132	352	1
132	448	1
132	738	1
132	1131	2
132	1225	2
132	1636	2
133	239	1
133	372	1
133	382	1
133	442	1
133	630	1
133	991	1
133	1041	2
133	1276	2
133	1657	-2
134	443	1
134	557	1
134	766	1
134	833	1
134	885	1
134	1277	-2
134	1489	2
134	2026	2
135	334	1
135	565	1
135	748	1
135	775	1
135	984	1
135	1155	2
135	1258	-2
135	1772	-2
136	225	1
136	516	1
136	559	1
136	590	1
136	627	1
136	1387	2
136	1558	2
136	1669	-2
137	323	1
137	649	1
137	719	1
137	938	1
137	956	1
137	977	1
137	1210	-2
137	1322	-2
137	1891	2
138	278	1
138	290	1
138	300	1
138	354	1
138	645	1
138	1108	-2
138	1954	-2
138	2025	-2
139	384	1
139	508	1
139	861	1
139	1316	2
139	1564	2
139	1670	2
140	198	1
140	320	1
140	381	1
140	920	1
140	934	1
140	969	1
140	1067	2
140	1133	2
140	1707	-2
141	282	1
141	296	1
141	570	1
141	778	1
141	848	1
141	904	1
141	1289	-2
141	1560	-2
141	2015	2
142	1024	1
142	1148	2
142	1173	-2
142	1610	2
143	605	1
143	629	1
143	779	1
143	1006	1
143	1391	2
143	1791	-2
143	1967	-2
144	165	1
144	170	1
144	542	1
144	592	1
144	741	1
144	926	1
144	1626	-2
144	1645	2
144	1913	-2
145	520	1
145	673	1
145	875	2
145	1205	2
145	1263	2
145	1812	-2
146	210	1
146	486	1
146	851	1
146	869	1
146	1011	1
146	1227	2
146	1393	2
146	1928	-2
147	266	1
147	273	1
147	362	1
147	411	1
147	581	1
147	987	1
147	1392	2
147	1864	-2
147	2019	2
148	224	1
148	605	1
148	785	1
148	805	1
148	988	1
148	1037	2
148	1366	-2
148	1789	-2
149	216	1
149	627	1
149	677	1
149	684	1
149	897	1
149	1101	2
149	1842	-2
149	1959	2
150	617	1
150	733	1
150	820	1
150	885	1
150	933	1
150	1076	2
150	1386	-2
150	1940	-2
151	284	1
151	403	1
151	621	1
151	800	1
151	1092	2
151	1239	2
151	1586	2
152	178	1
152	335	1
152	493	1
152	526	1
152	782	1
152	1038	-2
152	1281	-2
152	1783	2
153	338	1
153	388	1
153	653	1
153	770	1
153	796	2
153	1106	2
153	1146	2
153	1550	2
154	206	1
154	357	1
154	581	1
154	745	1
154	892	1
154	991	1
154	1775	-2
154	1884	2
154	1886	-2
155	208	1
155	209	1
155	259	1
155	967	1
155	1008	1
155	1185	-2
155	1680	-2
155	2040	2
156	346	1
156	363	1
156	887	1
156	971	1
156	1246	2
156	1664	-2
156	1838	2
157	202	1
157	270	1
157	331	1
157	356	1
157	581	1
157	978	1
157	1566	2
157	1882	-2
157	2037	2
158	393	1
158	416	1
158	644	1
158	715	1
158	1019	1
158	1191	-2
158	1469	-2
158	1946	-2
159	215	1
159	597	1
159	676	1
159	865	1
159	949	1
159	1223	-2
159	1233	-2
159	1828	-2
160	455	1
160	472	1
160	607	1
160	749	1
160	864	1
160	1449	-2
160	1666	-2
160	1890	2
161	167	1
161	468	1
161	481	1
161	705	1
161	806	1
161	1314	2
161	1369	2
161	1761	-2
162	423	1
162	487	1
162	528	1
162	664	1
162	723	1
162	741	1
162	1662	-2
162	1771	-2
162	2042	-2
163	359	1
163	975	1
163	997	1
163	1377	-2
163	1506	-2
163	1643	2
164	172	1
164	350	1
164	832	1
164	982	1
164	1310	-2
164	1468	2
164	1719	-2
165	228	1
165	545	1
165	891	1
165	926	1
165	980	1
165	1130	2
165	1626	-2
165	1841	2
166	203	1
166	268	1
166	335	1
166	378	1
166	923	1
166	934	1
166	1030	-2
166	1861	-2
166	1953	2
167	237	1
167	481	1
167	846	1
167	852	1
167	1055	-2
167	1314	2
167	1361	2
168	235	1
168	303	1
168	513	1
168	773	1
168	1456	2
168	1769	-2
168	2031	2
169	609	1
169	676	1
169	780	1
169	909	1
169	1113	2
169	1195	-2
169	1517	-2
170	349	1
170	684	1
170	741	1
170	783	1
170	789	1
170	1318	2
170	1645	2
170	1714	-2
171	322	1
171	444	1
171	482	1
171	518	1
171	708	1
171	734	1
171	1081	-2
171	1298	-2
171	1547	-2
172	198	1
172	524	1
172	562	1
172	858	1
172	1071	2
172	1719	-2
172	1978	2
173	319	1
173	535	1
173	613	1
173	686	1
173	692	1
173	774	1
173	1135	-2
173	1811	2
173	1876	2
174	247	1
174	314	1
174	658	1
174	669	1
174	1021	1
174	1254	2
174	1353	2
174	1708	2
175	252	1
175	267	1
175	553	1
175	914	1
175	1007	1
175	1103	-2
175	1156	-2
175	1840	2
176	267	1
176	494	1
176	533	1
176	718	1
176	761	1
176	973	1
176	1200	-2
176	1515	-2
176	1545	-2
177	375	1
177	395	1
177	681	1
177	889	1
177	991	1
177	1053	-2
177	1404	2
177	1681	-2
178	326	1
178	404	1
178	493	1
178	572	1
178	969	1
178	1559	-2
178	1720	-2
178	1783	2
179	332	1
179	431	1
179	541	1
179	576	1
179	615	1
179	1226	2
179	1813	-2
179	1966	2
180	387	1
180	404	1
180	666	1
180	680	1
180	1051	-2
180	1364	2
180	1481	-2
181	440	1
181	834	1
181	897	1
181	909	1
181	1004	1
181	1343	2
181	1525	-2
181	1874	2
182	282	1
182	311	1
182	344	1
182	715	1
182	755	1
182	772	1
182	1338	2
182	1418	-2
182	1815	2
183	536	1
183	542	1
183	701	1
183	842	1
183	899	1
183	1150	2
183	1320	2
183	1384	-2
184	389	1
184	396	1
184	698	1
184	708	1
184	818	1
184	886	1
184	1650	-2
184	1759	2
184	1808	2
185	217	1
185	401	1
185	611	1
185	675	1
185	771	1
185	1535	2
185	1539	2
185	1766	-2
186	243	1
186	798	1
186	938	1
186	1017	1
186	1492	-2
186	1605	2
186	1630	-2
187	228	1
187	291	1
187	308	1
187	768	1
187	1010	1
187	1021	1
187	1140	2
187	1405	2
187	1503	-2
188	273	1
188	560	1
188	621	1
188	793	1
188	951	1
188	1513	-2
188	1853	-2
188	1867	-2
189	194	1
189	530	1
189	848	1
189	1887	2
189	1975	-2
189	1983	-2
190	263	1
190	477	1
190	634	1
190	668	1
190	1208	2
190	1556	-2
190	1850	2
191	237	1
191	337	1
191	464	1
191	578	1
191	652	1
191	784	1
191	1429	-2
191	1533	2
191	1950	-2
192	386	1
192	480	1
192	510	1
192	784	1
192	838	1
192	1378	2
192	1823	-2
192	1868	2
193	226	1
193	357	1
193	610	1
193	700	1
193	847	1
193	1419	2
193	1528	-2
193	1908	2
194	457	1
194	821	1
194	924	1
194	1633	-2
194	1825	-2
194	1887	2
195	201	1
195	546	1
195	604	1
195	740	1
195	744	1
195	931	1
195	1452	2
195	1682	2
195	1790	-2
196	525	1
196	560	1
196	633	1
196	709	1
196	1001	1
196	1165	2
196	1249	2
196	1351	-2
197	277	1
197	619	1
197	662	1
197	788	1
197	1396	2
197	1520	-2
197	1957	-2
198	562	1
198	920	1
198	979	1
198	1067	2
198	1238	2
198	1978	2
199	348	1
199	509	1
199	579	1
199	1021	1
199	1070	-2
199	1088	2
199	1678	2
200	281	1
200	337	1
200	527	1
200	570	1
200	804	1
200	1878	2
200	1918	2
200	1930	-2
201	516	1
201	546	1
201	838	1
201	1452	2
201	1464	2
201	1583	2
202	270	1
202	287	1
202	771	1
202	822	1
202	911	1
202	1141	2
202	1566	2
202	1698	-2
203	328	1
203	428	1
203	882	1
203	934	1
203	948	1
203	1409	2
203	1953	2
203	2014	-2
204	265	1
204	310	1
204	348	1
204	609	1
204	664	1
204	786	1
204	1292	-2
204	1340	2
204	2039	-2
205	235	1
205	311	1
205	420	1
205	524	1
205	833	1
205	852	1
205	1025	2
205	1091	-2
205	1184	-2
206	634	1
206	866	1
206	892	1
206	963	1
206	1532	2
206	1694	-2
206	1884	2
207	471	1
207	805	1
207	862	1
207	871	1
207	874	1
207	947	1
207	1283	-2
207	1561	-2
207	1801	2
208	397	1
208	502	1
208	1082	-2
208	1185	-2
208	1785	2
209	259	1
209	548	1
209	636	1
209	908	1
209	932	1
209	1244	2
209	1628	-2
209	1680	-2
210	368	1
210	559	1
210	752	1
210	839	1
210	1011	1
210	1068	-2
210	1393	2
210	1820	-2
211	441	1
211	491	1
211	492	1
211	500	1
211	588	1
211	1040	2
211	1279	2
211	1711	2
212	583	1
212	819	1
212	879	1
212	910	1
212	1335	-2
212	1596	2
212	2022	-2
213	334	1
213	358	1
213	466	1
213	756	1
213	862	1
213	1420	2
213	1862	-2
213	1927	2
214	333	1
214	362	1
214	694	1
214	722	1
214	986	1
214	1027	-2
214	1516	2
214	1779	-2
215	220	1
215	318	1
215	597	1
215	785	1
215	791	1
215	1096	2
215	1233	-2
215	1778	-2
216	462	1
216	496	1
216	510	1
216	1005	1
216	1101	2
216	1213	2
216	2018	2
217	611	1
217	683	1
217	731	1
217	950	1
217	952	1
217	1487	-2
217	1514	2
217	1766	-2
218	302	1
218	382	1
218	626	1
218	812	1
218	903	1
218	1056	2
218	1086	2
218	2035	-2
219	274	1
219	579	1
219	585	1
219	1115	-2
219	1457	-2
219	1473	2
220	318	1
220	512	1
220	564	1
220	697	1
220	929	1
220	1096	2
220	1152	-2
220	1447	-2
221	287	1
221	331	1
221	370	1
221	863	1
221	965	1
221	1216	2
221	1777	-2
221	2038	-2
222	285	1
222	291	1
222	302	1
222	385	1
222	423	1
222	432	1
222	1062	-2
222	1580	-2
222	1732	2
223	300	1
223	503	1
223	630	1
223	836	1
223	1006	1
223	1658	2
223	1672	2
223	2032	-2
224	265	1
224	307	1
224	805	1
224	1037	2
224	1083	-2
224	1099	2
225	430	1
225	599	1
225	627	1
225	865	1
225	973	1
225	1558	2
225	1600	2
225	1990	2
226	400	1
226	495	1
226	534	1
226	737	1
226	847	1
226	1049	-2
226	1443	-2
226	1908	2
227	384	1
227	395	1
227	492	1
227	591	1
227	829	1
227	999	1
227	1433	-2
227	1548	2
227	1749	-2
228	756	1
228	980	1
228	1021	1
228	1140	2
228	1841	2
228	1969	-2
229	466	1
229	706	1
229	816	1
229	820	1
229	885	1
229	1084	-2
229	1792	2
229	1881	-2
230	241	1
230	483	1
230	635	1
230	656	1
230	734	1
230	737	1
230	1134	2
230	1186	2
230	1900	-2
231	451	1
231	535	1
231	879	1
231	970	1
231	1860	2
231	1907	2
231	1942	2
232	457	1
232	613	1
232	631	1
232	686	1
232	690	1
232	1066	2
232	1474	-2
232	1955	-2
233	443	1
233	472	1
233	540	1
233	635	1
233	637	1
233	930	1
233	1036	2
233	1644	-2
233	2009	2
234	370	1
234	645	1
234	688	1
234	807	1
234	887	1
234	1020	1
234	1315	-2
234	1389	-2
234	2048	2
235	305	1
235	524	1
235	773	1
235	795	1
235	1184	-2
235	1676	2
235	2031	2
236	340	1
236	352	1
236	401	1
236	585	1
236	974	1
236	1311	-2
236	1604	2
236	1952	-2
237	329	1
237	337	1
237	813	1
237	846	1
237	1055	-2
237	1824	-2
237	1950	-2
238	365	1
238	422	1
238	745	1
238	902	1
238	948	1
238	1229	2
238	1590	-2
238	1958	-2
239	301	1
239	442	1
239	513	1
239	545	1
239	1430	2
239	1553	2
239	1657	-2
240	248	1
240	367	1
240	435	1
240	775	1
240	1500	-2
240	1671	-2
240	2030	-2
241	264	1
241	483	1
241	643	1
241	872	1
241	1018	1
241	1186	2
241	1663	2
241	1857	2
242	251	1
242	499	1
242	649	1
242	714	1
242	950	1
242	1024	1
242	1168	2
242	1796	-2
242	1974	2
243	329	1
243	584	1
243	892	1
243	938	1
243	1005	1
243	1492	-2
243	1873	2
243	1997	-2
244	589	1
244	638	1
244	644	1
244	765	1
244	938	1
244	1408	-2
244	1647	2
244	1989	-2
245	617	1
245	653	1
245	835	1
245	1245	-2
245	1293	-2
245	1765	2
246	272	1
246	411	1
246	435	1
246	529	1
246	628	1
246	773	1
246	1222	2
246	1741	-2
246	1804	-2
247	479	1
247	669	1
247	834	1
247	925	1
247	952	1
247	1646	2
247	1708	2
247	2043	-2
248	414	1
248	680	1
248	898	1
248	1107	2
248	1242	-2
248	1500	-2
249	261	1
249	276	1
249	504	1
249	544	1
249	601	1
249	1467	-2
249	1493	2
249	1904	-2
250	377	1
250	459	1
250	470	1
250	589	1
250	816	1
250	868	1
250	1269	-2
250	1333	-2
250	1358	2
251	446	1
251	497	1
251	602	1
251	649	1
251	1424	2
251	1505	-2
251	1796	-2
252	267	1
252	294	1
252	418	1
252	507	1
252	741	1
252	1103	-2
252	1370	2
252	1730	-2
253	279	1
253	448	1
253	670	1
253	678	1
253	728	1
253	941	1
253	1132	-2
253	1463	2
253	1870	2
254	494	1
254	701	1
254	781	1
254	883	1
254	905	1
254	907	1
254	1058	2
254	1128	2
254	1331	-2
255	305	1
255	353	1
255	437	1
255	635	1
255	736	1
255	988	1
255	1347	-2
255	1858	2
255	1888	-2
256	508	1
256	539	1
256	613	1
256	755	1
256	821	1
256	1016	1
256	1284	2
256	1373	2
256	1693	-2
257	376	1
257	573	1
257	614	1
257	808	1
257	964	1
257	1116	2
257	1798	2
257	2023	-2
258	543	1
258	582	1
258	672	1
258	902	1
258	976	1
258	1198	-2
258	1544	-2
258	1716	-2
259	277	1
259	869	1
259	942	1
259	1022	1
259	1287	-2
259	1680	-2
259	1780	-2
260	420	1
260	577	1
260	599	1
260	633	1
260	718	1
260	1039	-2
260	1190	-2
260	1451	2
261	396	1
261	583	1
261	595	1
261	601	1
261	992	1
261	1294	-2
261	1349	2
261	1904	-2
262	269	1
262	300	1
262	497	1
262	551	1
262	619	1
262	950	1
262	1341	-2
262	1494	-2
262	1691	2
263	482	1
263	668	1
263	806	1
263	1208	2
263	1880	2
263	1956	2
264	705	1
264	867	1
264	900	1
264	960	1
264	1018	1
264	1301	-2
264	1360	-2
264	1857	2
265	307	1
265	664	1
265	766	1
265	1016	1
265	1083	-2
265	1292	-2
265	1436	-2
266	332	1
266	362	1
266	757	1
266	929	1
266	1394	2
266	1802	2
266	2019	2
267	718	1
267	763	1
267	1103	-2
267	1179	-2
267	1200	-2
268	335	1
268	368	1
268	467	1
268	564	1
268	742	1
268	1030	-2
268	1157	-2
268	1877	2
269	399	1
269	568	1
269	625	1
269	736	1
269	950	1
269	1494	-2
269	1687	2
269	1835	2
270	280	1
270	287	1
270	687	1
270	815	1
270	1262	-2
270	1531	-2
270	1566	2
271	437	1
271	488	1
271	505	1
271	966	1
271	1065	-2
271	1158	-2
271	1898	2
272	685	1
272	773	1
272	790	1
272	976	1
272	1313	2
272	1723	-2
272	1804	-2
273	625	1
273	793	1
273	987	1
273	1397	-2
273	1864	-2
273	1867	-2
274	334	1
274	585	1
274	601	1
274	605	1
274	982	1
274	1473	2
274	1552	-2
274	1938	2
275	691	1
275	807	1
275	823	1
275	871	1
275	1201	-2
275	1280	-2
275	1810	-2
276	298	1
276	504	1
276	717	1
276	769	1
276	827	1
276	1467	-2
276	1634	2
276	1807	-2
277	604	1
277	662	1
277	942	1
277	1018	1
277	1287	-2
277	1432	-2
277	1520	-2
278	300	1
278	343	1
278	717	1
278	846	1
278	859	1
278	1108	-2
278	1909	-2
278	1916	-2
279	351	1
279	647	1
279	678	1
279	776	1
279	972	1
279	1339	2
279	1463	2
279	1925	2
280	287	1
280	422	1
280	461	1
280	787	1
280	986	1
280	1046	2
280	1102	-2
280	1531	-2
281	538	1
281	570	1
281	655	1
281	727	1
281	1411	2
281	1601	2
281	1878	2
282	524	1
282	570	1
282	755	1
282	970	1
282	1418	-2
282	1619	2
282	2015	2
283	295	1
283	397	1
283	401	1
283	704	1
283	890	1
283	940	1
283	1209	2
283	1422	2
283	1598	-2
284	421	1
284	604	1
284	949	1
284	1092	2
284	1117	-2
284	2012	2
285	423	1
285	424	1
285	538	1
285	623	1
285	659	1
285	1062	-2
285	1253	-2
285	1412	2
286	376	1
286	471	1
286	517	1
286	569	1
286	869	1
286	1637	-2
286	1641	-2
286	1932	-2
287	370	1
287	911	1
287	1141	2
287	1531	-2
287	2038	-2
288	407	1
288	526	1
288	593	1
288	666	1
288	757	1
288	1114	-2
288	1169	2
288	1323	-2
289	417	1
289	651	1
289	760	1
289	880	1
289	966	1
289	1151	-2
289	1256	-2
289	1354	-2
290	354	1
290	417	1
290	678	1
290	748	1
290	803	1
290	1087	-2
290	1472	2
290	1954	-2
291	308	1
291	432	1
291	525	1
291	847	1
291	1405	2
291	1476	-2
291	1580	-2
292	463	1
292	941	1
292	957	1
292	994	1
292	1147	2
292	1754	-2
292	1991	-2
293	662	1
293	743	1
293	848	1
293	1089	2
293	1274	2
293	1578	2
294	452	1
294	499	1
294	507	1
294	963	1
294	1231	2
294	1370	2
294	1442	2
295	437	1
295	737	1
295	765	1
295	890	1
295	1016	1
295	1166	2
295	1598	-2
295	1901	-2
296	575	1
296	904	1
296	910	1
296	1174	-2
296	1289	-2
296	1659	-2
297	509	1
297	673	1
297	732	1
297	783	1
297	827	1
297	853	1
297	1267	2
297	1406	2
297	1638	2
298	363	1
298	425	1
298	827	1
298	860	1
298	955	1
298	1634	2
298	1845	2
298	1929	-2
299	302	1
299	505	1
299	521	1
299	543	1
299	551	1
299	728	1
299	1057	-2
299	1499	-2
299	1606	2
300	497	1
300	1006	1
300	1108	-2
300	1691	2
300	2032	-2
301	419	1
301	429	1
301	513	1
301	789	1
301	1029	-2
301	1093	-2
301	1430	2
302	385	1
302	543	1
302	1499	-2
302	1732	2
302	2035	-2
303	654	1
303	692	1
303	983	1
303	1015	1
303	1197	2
303	1456	2
303	1673	-2
304	336	1
304	337	1
304	473	1
304	700	1
304	870	1
304	1043	2
304	1047	2
304	1713	-2
305	353	1
305	359	1
305	795	1
305	1676	2
305	1858	2
305	1883	2
306	441	1
306	448	1
306	689	1
306	691	1
306	712	1
306	903	1
306	1149	2
306	1478	2
306	1615	-2
307	310	1
307	609	1
307	805	1
307	1083	-2
307	1296	2
307	1715	-2
308	367	1
308	379	1
308	390	1
308	1328	2
308	1405	2
308	1914	-2
309	379	1
309	522	1
309	828	1
309	975	1
309	1010	1
309	1078	-2
309	1496	-2
309	2004	2
310	348	1
310	985	1
310	1340	2
310	1595	-2
310	1715	-2
311	420	1
311	710	1
311	715	1
311	769	1
311	1025	2
311	1136	-2
311	1815	2
312	342	1
312	735	1
312	873	1
312	886	1
312	943	1
312	1319	2
312	1738	2
312	1903	2
313	461	1
313	893	1
313	979	1
313	1145	-2
313	1385	-2
313	1879	-2
314	711	1
314	987	1
314	1021	1
314	1353	2
314	1753	-2
314	1943	2
315	534	1
315	675	1
315	729	1
315	1225	2
315	1326	2
315	1336	-2
316	476	1
316	485	1
316	521	1
316	810	1
316	935	1
316	1521	-2
316	1722	-2
316	1818	-2
317	404	1
317	479	1
317	521	1
317	552	1
317	566	1
317	867	1
317	1172	-2
317	1327	-2
317	1337	2
318	632	1
318	669	1
318	709	1
318	1014	1
318	1096	2
318	1491	2
318	1817	2
319	509	1
319	535	1
319	655	1
319	845	1
319	880	1
319	1135	-2
319	1282	2
319	1854	2
320	749	1
320	929	1
320	939	1
320	969	1
320	974	1
320	1307	2
320	1415	2
320	1707	-2
321	377	1
321	444	1
321	473	1
321	533	1
321	823	1
321	984	1
321	1305	-2
321	1551	-2
321	1699	2
322	419	1
322	444	1
322	690	1
322	972	1
322	1081	-2
322	1465	2
322	1893	2
323	341	1
323	387	1
323	542	1
323	938	1
323	1028	-2
323	1306	2
323	1891	2
324	446	1
324	499	1
324	512	1
324	548	1
324	611	1
324	1162	2
324	1211	-2
324	1692	-2
325	354	1
325	612	1
325	799	1
325	982	1
325	997	1
325	1325	-2
325	1379	2
325	1653	2
326	496	1
326	637	1
326	841	1
326	843	1
326	969	1
326	1300	2
326	1380	-2
326	1720	-2
327	501	1
327	506	1
327	767	1
327	800	1
327	849	1
327	962	1
327	1129	2
327	1471	-2
327	1819	2
328	371	1
328	458	1
328	618	1
328	783	1
328	882	1
328	1124	-2
328	1439	-2
328	2014	-2
329	394	1
329	462	1
329	813	1
329	892	1
329	1824	-2
329	1997	-2
329	2007	2
330	586	1
330	641	1
330	703	1
330	795	1
330	851	1
330	1024	1
330	1073	2
330	1270	-2
330	1939	2
331	581	1
331	592	1
331	965	1
331	1203	-2
331	1216	2
331	1882	-2
332	615	1
332	716	1
332	929	1
332	1773	-2
332	1802	2
332	1813	-2
333	398	1
333	432	1
333	694	1
333	828	1
333	1755	2
333	1779	-2
333	1839	2
334	466	1
334	565	1
334	982	1
334	1155	2
334	1420	2
334	1938	2
335	391	1
335	394	1
335	526	1
335	1030	-2
335	1281	-2
335	1304	2
336	346	1
336	427	1
336	473	1
336	928	1
336	1259	2
336	1713	-2
336	1787	-2
337	1043	2
337	1930	-2
337	1950	-2
338	388	1
338	467	1
338	832	1
338	945	1
338	1009	1
338	1146	2
338	1618	-2
338	1896	2
339	371	1
339	377	1
339	478	1
339	553	1
339	994	1
339	1189	2
339	1290	2
339	1365	-2
340	583	1
340	618	1
340	754	1
340	1571	-2
340	1803	-2
340	1952	-2
341	384	1
341	542	1
341	735	1
341	1306	2
341	1623	-2
341	1750	-2
342	536	1
342	600	1
342	663	1
342	873	1
342	945	1
342	1199	-2
342	1252	-2
342	1903	2
343	445	1
343	674	1
343	695	1
343	846	1
343	959	1
343	1421	-2
343	1916	-2
343	1919	2
344	353	1
344	660	1
344	772	1
344	883	1
344	1338	2
344	1902	-2
344	2045	-2
345	415	1
345	553	1
345	722	1
345	764	1
345	780	1
345	896	1
345	1797	2
345	1799	-2
345	1892	2
346	671	1
346	739	1
346	1664	-2
346	1695	-2
346	1787	-2
347	408	1
347	493	1
347	669	1
347	794	1
347	855	1
347	868	1
347	1357	2
347	1622	-2
347	1795	2
348	442	1
348	1070	-2
348	1308	-2
348	1340	2
349	385	1
349	563	1
349	681	1
349	704	1
349	789	1
349	1318	2
349	1362	2
349	1697	-2
350	781	1
350	782	1
350	794	1
350	857	1
350	1295	-2
350	1468	2
350	1704	2
351	393	1
351	539	1
351	776	1
351	922	1
351	1022	1
351	1286	2
351	1339	2
351	1401	-2
352	401	1
352	531	1
352	990	1
352	1604	2
352	1636	2
352	1968	2
353	403	1
353	526	1
353	1858	2
353	1976	-2
353	2045	-2
354	786	1
354	997	1
354	1640	-2
354	1653	2
354	1954	-2
355	436	1
355	665	1
355	683	1
355	930	1
355	1009	1
355	1202	2
355	1212	2
355	1701	2
356	395	1
356	842	1
356	904	1
356	978	1
356	1793	2
356	1910	-2
356	2037	2
357	571	1
357	610	1
357	894	1
357	991	1
357	1204	-2
357	1419	2
357	1775	-2
358	468	1
358	477	1
358	569	1
358	819	1
358	862	1
358	1665	-2
358	1768	-2
358	1862	-2
359	650	1
359	1643	2
359	1721	-2
359	1883	2
360	476	1
360	641	1
360	703	1
360	1192	2
360	1614	2
360	1827	2
361	572	1
361	685	1
361	689	1
361	732	1
361	799	1
361	994	1
361	1400	-2
361	1470	-2
361	1508	-2
362	834	1
362	907	1
362	1027	-2
362	1575	2
362	2019	2
363	425	1
363	887	1
363	975	1
363	1288	-2
363	1838	2
363	1845	2
364	367	1
364	431	1
364	474	1
364	537	1
364	817	1
364	1085	-2
364	1427	-2
364	2008	2
365	400	1
365	410	1
365	518	1
365	561	1
365	745	1
365	1229	2
365	1250	2
365	1998	-2
366	444	1
366	486	1
366	628	1
366	905	1
366	1794	2
366	1889	-2
366	1911	2
367	775	1
367	1085	-2
367	1671	-2
367	1914	-2
368	742	1
368	747	1
368	752	1
368	1820	-2
368	1849	2
368	1877	2
369	568	1
369	603	1
369	704	1
369	752	1
369	789	1
369	901	1
369	1126	2
369	1207	-2
369	1574	-2
370	719	1
370	887	1
370	989	1
370	1587	-2
370	2038	-2
370	2048	2
371	445	1
371	458	1
371	960	1
371	994	1
371	1124	-2
371	1365	-2
371	2013	2
372	602	1
372	630	1
372	699	1
372	1041	2
372	1434	2
372	1509	2
373	493	1
373	554	1
373	873	1
373	913	1
373	1218	-2
373	1617	2
373	2029	2
374	452	1
374	776	1
374	779	1
374	858	1
374	1000	1
374	1054	2
374	1537	2
374	1786	-2
375	421	1
375	634	1
375	681	1
375	831	1
375	1032	-2
375	1651	2
375	1681	-2
376	628	1
376	808	1
376	946	1
376	1116	2
376	1637	-2
376	1674	-2
377	553	1
377	816	1
377	984	1
377	1290	2
377	1358	2
377	1551	-2
378	549	1
378	713	1
378	756	1
378	923	1
378	1737	2
378	1861	-2
378	1897	-2
379	390	1
379	652	1
379	828	1
379	1328	2
379	1496	-2
379	1501	-2
380	520	1
380	523	1
380	582	1
380	614	1
380	844	1
380	1178	-2
380	1196	2
380	1661	2
381	412	1
381	455	1
381	570	1
381	906	1
381	934	1
381	1133	2
381	1609	-2
381	2041	-2
382	439	1
382	812	1
382	906	1
382	991	1
382	1056	2
382	1257	-2
382	1276	2
383	399	1
383	464	1
383	648	1
383	796	1
383	1297	2
383	1594	2
383	1700	2
384	508	1
384	591	1
384	1548	2
384	1670	2
384	1750	-2
385	563	1
385	642	1
385	759	1
385	1697	-2
385	1732	2
385	1987	2
386	438	1
386	480	1
386	506	1
386	964	1
386	968	1
386	1127	-2
386	1565	-2
386	1823	-2
387	784	1
387	983	1
387	1028	-2
387	1170	2
387	1364	2
388	513	1
388	1139	-2
388	1146	2
388	1706	2
389	394	1
389	498	1
389	636	1
389	747	1
389	818	1
389	1104	-2
389	1639	2
389	1650	-2
390	639	1
390	877	1
390	1328	2
390	1705	-2
390	1996	-2
391	394	1
391	459	1
391	602	1
391	608	1
391	1304	2
391	1352	-2
391	1739	2
392	519	1
392	659	1
392	674	1
392	824	1
392	872	1
392	1118	2
392	1735	2
392	1872	-2
393	539	1
393	655	1
393	1019	1
393	1286	2
393	1469	-2
393	1921	2
394	462	1
394	498	1
394	1304	2
394	1639	2
394	2007	2
395	829	1
395	889	1
395	904	1
395	1053	-2
395	1749	-2
395	1793	2
396	481	1
396	583	1
396	698	1
396	750	1
396	1294	-2
396	1808	2
396	1869	2
397	401	1
397	623	1
397	895	1
397	1082	-2
397	1422	2
397	1507	2
398	918	1
398	981	1
398	1022	1
398	1440	-2
398	1453	2
398	1755	2
399	568	1
399	796	1
399	838	1
399	851	1
399	1221	2
399	1687	2
399	1700	2
400	495	1
400	518	1
400	790	1
400	820	1
400	1049	-2
400	1980	-2
400	1998	-2
401	675	1
401	1422	2
401	1539	2
401	1604	2
402	490	1
402	514	1
402	547	1
402	819	1
402	911	1
402	971	1
402	1607	-2
402	1963	2
402	1972	-2
403	526	1
403	856	1
403	921	1
403	1239	2
403	1534	-2
403	1976	-2
404	479	1
404	572	1
404	1051	-2
404	1327	-2
404	1559	-2
405	470	1
405	525	1
405	589	1
405	733	1
405	827	1
405	843	1
405	1034	2
405	1426	-2
405	1724	-2
406	424	1
406	465	1
406	489	1
406	596	1
406	899	1
406	900	1
406	1302	-2
406	1689	-2
406	1863	-2
407	458	1
407	593	1
407	599	1
407	717	1
407	1169	2
407	1718	2
407	1731	-2
408	746	1
408	855	1
408	911	1
408	914	1
408	1008	1
408	1357	2
408	1684	2
408	1944	-2
409	750	1
409	922	1
409	951	1
409	1656	-2
409	1712	-2
409	2027	2
410	561	1
410	603	1
410	653	1
410	694	1
410	1154	-2
410	1250	2
410	1756	-2
411	491	1
411	529	1
411	581	1
411	657	1
411	1161	-2
411	1222	2
411	1392	2
412	529	1
412	570	1
412	610	1
412	668	1
412	1260	2
412	1609	-2
412	1679	-2
413	555	1
413	671	1
413	772	1
413	804	1
413	884	1
413	995	1
413	1334	-2
413	1629	2
413	1747	2
414	651	1
414	864	1
414	886	1
414	1242	-2
414	1582	-2
414	2024	-2
415	450	1
415	519	1
415	722	1
415	743	1
415	759	1
415	1608	-2
415	1799	-2
415	1949	-2
416	451	1
416	507	1
416	727	1
416	771	1
416	1191	-2
416	1627	-2
416	1686	2
417	517	1
417	678	1
417	697	1
417	1087	-2
417	1354	-2
417	1446	2
418	560	1
418	667	1
418	741	1
418	877	1
418	1462	-2
418	1726	2
418	1730	-2
419	789	1
419	939	1
419	1093	-2
419	1482	2
419	1893	2
420	545	1
420	913	1
420	1025	2
420	1451	2
420	1917	-2
421	439	1
421	831	1
421	850	1
421	949	1
421	1117	-2
421	1444	2
421	1651	2
422	558	1
422	620	1
422	787	1
422	948	1
422	1046	2
422	1590	-2
422	1770	-2
423	640	1
423	723	1
423	1004	1
423	1062	-2
423	1662	-2
423	1805	2
424	538	1
424	596	1
424	813	1
424	1010	1
424	1253	-2
424	1302	-2
424	1781	2
425	755	1
425	824	1
425	872	1
425	926	1
425	1625	2
425	1742	2
425	1845	2
426	554	1
426	566	1
426	689	1
426	792	1
426	868	1
426	878	1
426	1064	-2
426	1160	-2
426	1483	2
427	641	1
427	684	1
427	801	1
427	928	1
427	1075	2
427	1077	-2
427	1259	2
428	597	1
428	648	1
428	767	1
428	948	1
428	961	1
428	1383	2
428	1409	2
428	1655	-2
429	453	1
429	506	1
429	511	1
429	643	1
429	1029	-2
429	1856	-2
429	1894	2
430	447	1
430	559	1
430	919	1
430	973	1
430	1017	1
430	1171	2
430	1600	2
430	1843	2
431	474	1
431	541	1
431	822	1
431	1226	2
431	1427	-2
431	1675	-2
432	791	1
432	828	1
432	937	1
432	1413	2
432	1580	-2
432	1839	2
433	547	1
433	990	1
433	993	1
433	1923	-2
433	1982	-2
433	1994	-2
434	563	1
434	817	1
434	887	1
434	987	1
434	1461	2
434	1865	-2
434	1971	-2
435	628	1
435	896	1
435	1017	1
435	1741	-2
435	1948	-2
435	2030	-2
436	469	1
436	646	1
436	961	1
436	1009	1
436	1212	2
436	1321	2
436	1498	-2
437	736	1
437	765	1
437	966	1
437	1065	-2
437	1166	2
437	1347	-2
438	452	1
438	561	1
438	647	1
438	677	1
438	968	1
438	1127	-2
438	1597	2
438	2017	2
439	850	1
439	906	1
439	930	1
439	965	1
439	1257	-2
439	1444	2
439	1745	-2
440	565	1
440	834	1
440	959	1
440	981	1
440	1220	-2
440	1525	-2
440	1591	2
441	492	1
441	903	1
441	1019	1
441	1279	2
441	1615	-2
441	1690	-2
442	972	1
442	1187	-2
442	1308	-2
442	1657	-2
443	540	1
443	885	1
443	939	1
443	1612	2
443	2009	2
443	2026	2
444	473	1
444	628	1
444	1081	-2
444	1305	-2
444	1911	2
445	691	1
445	695	1
445	699	1
445	960	1
445	1421	-2
445	1620	2
445	2013	2
446	497	1
446	512	1
446	551	1
446	712	1
446	1424	2
446	1524	2
446	1692	-2
447	559	1
447	568	1
447	606	1
447	933	1
447	1171	2
447	1390	2
447	1846	-2
448	689	1
448	738	1
448	941	1
448	1131	2
448	1478	2
448	1870	2
449	508	1
449	695	1
449	826	1
449	829	1
449	918	1
449	954	1
449	1355	-2
449	1830	2
449	1981	-2
450	501	1
450	686	1
450	743	1
450	926	1
450	1273	-2
450	1332	2
450	1949	-2
451	727	1
451	800	1
451	879	1
451	891	1
451	1627	-2
451	1829	-2
451	1860	2
452	499	1
452	561	1
452	779	1
452	1442	2
452	1537	2
452	2017	2
453	491	1
453	643	1
453	782	1
453	995	2
453	1224	2
453	1856	-2
453	2034	-2
454	484	1
454	517	1
454	579	1
454	639	1
454	661	1
454	818	1
454	1122	-2
454	1255	2
454	1733	-2
455	515	1
455	749	1
455	862	1
455	906	1
455	1449	-2
455	1752	-2
455	2041	-2
456	556	1
456	679	1
456	801	1
456	825	1
456	859	1
456	942	1
456	1375	-2
456	1502	2
456	1937	-2
457	613	1
457	724	1
457	802	1
457	821	1
457	1066	2
457	1382	-2
457	1633	-2
458	717	1
458	866	1
458	916	1
458	1124	-2
458	1718	2
458	2001	-2
459	602	1
459	667	1
459	868	1
459	880	1
459	1333	-2
459	1352	-2
459	1654	2
460	646	1
460	678	1
460	727	1
460	824	1
460	983	1
460	1007	1
460	1109	2
460	1403	2
460	1667	-2
461	986	1
461	1000	1
461	1102	-2
461	1385	-2
461	1543	2
462	466	1
462	496	1
462	802	1
462	1048	-2
462	1213	2
462	2007	2
463	528	1
463	702	1
463	831	1
463	1541	-2
463	1568	2
463	1991	-2
464	578	1
464	648	1
464	661	1
464	695	1
464	1297	2
464	1402	-2
464	1533	2
465	469	1
465	485	1
465	642	1
465	672	1
465	900	1
465	1624	2
465	1863	-2
465	2006	-2
466	802	1
466	1048	-2
466	1084	-2
466	1420	2
467	564	1
467	832	1
467	924	1
467	1157	-2
467	1717	-2
467	1896	2
468	477	1
468	895	1
468	1219	-2
468	1369	2
468	1665	-2
469	672	1
469	761	1
469	829	1
469	961	1
469	1137	-2
469	1498	-2
469	2006	-2
470	525	1
470	589	1
470	697	1
470	788	1
470	1034	2
470	1112	-2
470	1269	-2
471	569	1
471	839	1
471	862	1
471	1176	-2
471	1641	-2
471	1801	2
472	600	1
472	836	1
472	864	1
472	930	1
472	1036	2
472	1685	2
472	1890	2
473	576	1
473	1234	2
473	1305	-2
473	1713	-2
474	699	1
474	713	1
474	814	1
474	1014	1
474	1251	-2
474	1427	-2
474	1504	2
475	541	1
475	671	1
475	687	1
475	738	1
475	770	1
475	803	1
475	1342	-2
475	1484	2
475	1875	2
476	592	1
476	623	1
476	935	1
476	1215	-2
476	1614	2
476	1722	-2
477	500	1
477	522	1
477	1549	-2
477	1556	-2
477	1665	-2
478	632	1
478	682	1
478	858	1
478	968	1
478	1189	2
478	1193	2
478	1581	2
479	565	1
479	834	1
479	1327	-2
479	1646	2
479	2021	-2
480	650	1
480	683	1
480	720	1
480	1823	-2
480	1855	-2
480	1973	-2
481	489	1
481	750	1
481	812	1
481	1217	-2
481	1314	2
481	1869	2
482	734	1
482	763	1
482	1298	-2
482	1866	2
482	1956	2
483	622	1
483	935	1
483	980	1
483	1186	2
483	1445	-2
483	1851	2
484	501	1
484	591	1
484	692	1
484	818	1
484	1312	2
484	1477	2
484	1733	-2
485	642	1
485	725	1
485	1521	-2
485	1624	2
485	1776	2
486	738	1
486	851	1
486	1019	1
486	1540	2
486	1889	-2
486	1928	-2
487	664	1
487	736	1
487	744	1
487	996	1
487	1291	-2
487	1941	-2
487	2042	-2
488	505	1
488	571	1
488	742	1
488	860	1
488	1080	-2
488	1898	2
488	1931	2
489	764	1
489	812	1
489	899	1
489	977	1
489	1217	-2
489	1689	-2
489	2016	2
490	540	1
490	577	1
490	719	1
490	819	1
490	1607	-2
490	1834	-2
490	1970	2
491	588	1
491	657	1
491	995	1
491	1040	2
491	1161	-2
491	1224	2
492	893	1
492	999	1
492	1279	2
492	1433	-2
492	1438	-2
493	868	1
493	873	1
493	1218	-2
493	1622	-2
493	1783	2
494	533	1
494	674	1
494	762	1
494	905	1
494	1128	2
494	1407	-2
494	1515	-2
495	531	1
495	636	1
495	707	1
495	791	1
495	1049	-2
495	1359	-2
495	1848	2
496	710	1
496	843	1
496	899	1
496	1213	2
496	1380	-2
496	1871	-2
497	795	1
497	1398	2
497	1424	2
497	1691	2
498	504	1
498	580	1
498	610	1
498	927	1
498	1639	2
498	1764	-2
498	1837	-2
499	548	1
499	950	1
499	1168	2
499	1211	-2
499	1442	2
500	522	1
500	549	1
500	1272	-2
500	1549	-2
500	1711	2
501	767	1
501	926	1
501	1273	-2
501	1471	-2
501	1477	2
502	632	1
502	675	1
502	811	1
502	958	1
502	1512	2
502	1785	2
502	2005	-2
503	670	1
503	714	1
503	836	1
503	861	1
503	1285	2
503	1658	2
503	1995	-2
504	580	1
504	937	1
504	1431	-2
504	1467	-2
504	1837	-2
505	551	1
505	1606	2
505	1748	2
505	1898	2
506	511	1
506	800	1
506	964	1
506	1129	2
506	1565	-2
506	1894	2
507	586	1
507	771	1
507	907	1
507	1370	2
507	1460	-2
507	1686	2
508	755	1
508	829	1
508	1373	2
508	1670	2
508	1830	2
509	827	1
509	845	1
509	1021	1
509	1282	2
509	1406	2
509	1678	2
510	784	1
510	836	1
510	1005	1
510	1061	-2
510	1868	2
510	2018	2
511	596	1
511	656	1
511	992	1
511	1265	2
511	1894	2
511	1961	2
512	647	1
512	697	1
512	1152	-2
512	1381	-2
512	1692	-2
513	1139	-2
513	1430	2
513	1769	-2
514	547	1
514	803	1
514	809	1
514	867	1
514	1972	-2
514	1979	2
514	1992	-2
515	588	1
515	859	1
515	862	1
515	981	1
515	1459	-2
515	1752	-2
515	2047	2
516	838	1
516	967	1
516	1005	1
516	1387	2
516	1464	2
516	1677	2
517	661	1
517	697	1
517	869	1
517	1122	-2
517	1446	2
517	1932	-2
518	708	1
518	965	1
518	998	1
518	1095	-2
518	1547	-2
518	1998	-2
519	659	1
519	759	1
519	1118	2
519	1240	-2
519	1608	-2
520	523	1
520	855	1
520	875	1
520	891	1
520	1205	2
520	1572	-2
520	1661	2
521	566	1
521	728	1
521	810	1
521	1057	-2
521	1172	-2
521	1818	-2
522	693	1
522	837	1
522	1317	2
522	1549	-2
522	2004	2
523	707	1
523	761	1
523	816	1
523	920	1
523	1522	2
523	1661	2
523	2036	-2
524	858	1
524	970	1
524	1071	2
524	1184	-2
524	1619	2
525	847	1
525	1001	1
525	1034	2
525	1249	2
525	1476	-2
526	666	1
526	1114	-2
526	1281	-2
526	1976	-2
527	702	1
527	804	1
527	900	1
527	908	1
527	958	1
527	1248	2
527	1557	-2
527	1918	2
528	597	1
528	741	1
528	1541	-2
528	1771	-2
528	1936	-2
529	610	1
529	864	1
529	889	1
529	1222	2
529	1679	-2
529	2003	-2
530	598	1
530	831	1
530	978	1
530	1450	-2
530	1951	-2
530	1983	-2
531	791	1
531	815	1
531	990	1
531	1848	2
531	1962	-2
531	1968	2
532	587	1
532	903	1
532	953	1
532	956	1
532	990	1
532	1264	-2
532	1763	-2
532	2011	2
533	629	1
533	665	1
533	823	1
533	1515	-2
533	1699	2
533	1977	2
534	618	1
534	737	1
534	1123	-2
534	1336	-2
534	1443	-2
535	746	1
535	1135	-2
535	1942	2
535	1986	2
536	701	1
536	945	1
536	1150	2
536	1199	-2
536	1599	2
537	578	1
537	774	1
537	817	1
537	968	1
537	1153	2
537	1847	-2
537	2008	2
538	548	1
538	598	1
538	727	1
538	1094	2
538	1253	-2
538	1411	2
539	638	1
539	1004	1
539	1016	1
539	1284	2
539	1286	2
539	1363	2
540	650	1
540	719	1
540	768	1
540	1188	-2
540	1970	2
540	2009	2
541	803	1
541	856	1
541	1226	2
541	1241	-2
541	1342	-2
542	592	1
542	899	1
542	1306	2
542	1384	-2
542	1913	-2
543	663	1
543	976	1
543	1015	1
543	1198	-2
543	1499	-2
543	1746	-2
544	890	1
544	979	1
544	1493	2
544	1577	-2
544	1668	2
545	891	1
545	913	1
545	1130	2
545	1553	2
545	1917	-2
546	679	1
546	830	1
546	881	1
546	985	1
546	1275	-2
546	1452	2
546	1762	2
547	764	1
547	1001	1
547	1538	-2
547	1972	-2
547	1994	-2
548	598	1
548	932	1
548	1094	2
548	1211	-2
548	1244	2
549	638	1
549	854	1
549	1272	-2
549	1852	-2
549	1897	-2
550	620	1
550	913	1
550	1660	2
550	1688	-2
550	1760	2
551	619	1
551	712	1
551	1341	-2
551	1524	2
551	1606	2
552	574	1
552	575	1
552	668	1
552	706	1
552	867	1
552	1045	2
552	1206	-2
552	1337	2
553	780	1
553	1156	-2
553	1290	2
553	1797	2
554	866	1
554	868	1
554	1483	2
554	1569	2
554	1617	2
555	639	1
555	718	1
555	884	1
555	993	1
555	1334	-2
555	1395	-2
555	1589	-2
556	614	1
556	681	1
556	825	1
556	993	1
556	1042	2
556	1725	2
556	1937	-2
557	760	1
557	835	1
557	1243	2
557	1299	2
557	1489	2
558	620	1
558	751	1
558	772	1
558	874	1
558	1388	-2
558	1454	-2
558	1770	-2
559	590	1
559	839	1
559	1068	-2
559	1171	2
559	1669	-2
560	621	1
560	1165	2
560	1726	2
560	1853	-2
561	753	1
561	1020	1
561	1250	2
561	1356	-2
561	2017	2
562	777	1
562	946	1
562	1111	-2
562	1425	-2
562	1978	2
563	567	1
563	967	1
563	987	1
563	1183	2
563	1697	-2
563	1865	-2
564	612	1
564	929	1
564	964	1
564	1157	-2
564	1437	2
564	1447	-2
565	981	1
565	1155	2
565	1220	-2
565	2021	-2
566	792	1
566	969	1
566	1064	-2
566	1172	-2
566	2033	2
567	608	1
567	721	1
567	840	1
567	931	1
567	967	1
567	1074	-2
567	1183	2
567	1729	-2
568	789	1
568	933	1
568	1207	-2
568	1390	2
568	1687	2
569	793	1
569	819	1
569	1278	-2
569	1641	-2
569	1768	-2
570	1609	-2
570	1878	2
570	2015	2
571	615	1
571	742	1
571	894	1
571	1080	-2
571	1204	-2
571	1774	2
572	696	1
572	874	1
572	994	1
572	1400	-2
572	1410	2
572	1559	-2
573	884	1
573	901	1
573	964	1
573	999	1
573	1090	-2
573	1495	2
573	1798	2
574	668	1
574	856	1
574	1023	1
574	1045	2
574	1368	-2
574	1740	2
575	706	1
575	763	1
575	1174	-2
575	1206	-2
575	1466	-2
576	582	1
576	595	1
576	1234	2
576	1966	2
576	2044	-2
577	718	1
577	742	1
577	844	1
577	1039	-2
577	1303	-2
577	1834	-2
578	708	1
578	774	1
578	798	1
578	1059	-2
578	1533	2
578	1847	-2
579	639	1
579	1088	2
579	1255	2
579	1457	-2
580	720	1
580	730	1
580	762	1
580	1214	2
580	1526	2
580	1837	-2
581	745	1
581	1392	2
581	1882	-2
581	1886	-2
582	595	1
582	614	1
582	672	1
582	1178	-2
582	1544	-2
582	2044	-2
583	1294	-2
583	1571	-2
583	1596	2
584	721	1
584	768	1
584	844	1
584	957	1
584	1005	1
584	1329	2
584	1417	2
584	1873	2
585	702	1
585	974	1
585	1009	1
585	1311	-2
585	1473	2
585	1648	2
586	637	1
586	703	1
586	907	1
586	928	1
586	1460	-2
586	1490	-2
586	1939	2
587	787	1
587	850	1
587	896	1
587	990	1
587	1423	2
587	1485	2
587	2011	2
588	774	1
588	811	1
588	859	1
588	1040	2
588	1459	-2
588	1782	2
589	843	1
589	938	1
589	1269	-2
589	1408	-2
589	1724	-2
590	658	1
590	797	1
590	908	1
590	978	1
590	1120	2
590	1350	-2
590	1669	-2
591	692	1
591	917	1
591	1312	2
591	1548	2
591	1935	-2
592	623	1
592	1203	-2
592	1215	-2
592	1913	-2
593	670	1
593	746	1
593	892	1
593	1169	2
593	1536	2
593	1542	2
594	793	1
594	942	1
594	944	1
594	1013	1
594	1143	-2
594	1530	2
594	1826	-2
595	992	1
595	1007	1
595	1349	2
595	1593	2
595	2044	-2
596	656	1
596	1002	1
596	1302	-2
596	1832	2
596	1961	2
597	767	1
597	1233	-2
597	1655	-2
597	1936	-2
598	809	1
598	947	1
598	1094	2
598	1450	-2
598	1480	2
599	633	1
599	865	1
599	1190	-2
599	1731	-2
599	1990	2
600	663	1
600	836	1
600	936	1
600	963	1
600	1252	-2
600	1563	-2
600	1685	2
601	605	1
601	888	1
601	898	1
601	1552	-2
601	1836	2
601	1904	-2
602	1352	-2
602	1505	-2
602	1509	2
603	653	1
603	752	1
603	894	1
603	1119	-2
603	1126	2
603	1756	-2
604	744	1
604	1018	1
604	1432	-2
604	1790	-2
604	2012	2
605	988	1
605	1391	2
605	1552	-2
605	1789	-2
606	690	1
606	840	1
606	854	1
606	948	1
606	1448	-2
606	1846	-2
606	2020	2
607	662	1
607	720	1
607	835	1
607	966	1
607	1100	2
607	1554	2
607	1666	-2
608	733	1
608	840	1
608	854	1
608	1074	-2
608	1584	2
608	1739	2
609	786	1
609	805	1
609	909	1
609	1296	2
609	1517	-2
609	2039	-2
610	927	1
610	1419	2
610	1679	-2
610	1764	-2
611	754	1
611	952	1
611	1125	-2
611	1162	2
611	1766	-2
612	799	2
612	964	1
612	1309	-2
612	1325	-2
612	1437	2
613	774	1
613	821	1
613	1066	2
613	1693	-2
613	1876	2
614	1178	-2
614	1725	2
614	2023	-2
615	745	1
615	889	1
615	1774	2
615	1813	-2
615	2002	-2
616	716	1
616	760	1
616	806	1
616	853	1
616	933	1
616	1376	-2
616	1570	-2
616	2010	-2
617	685	1
617	733	1
617	860	1
617	1076	2
617	1293	-2
617	1831	-2
618	754	1
618	783	1
618	1123	-2
618	1439	-2
618	1803	-2
619	971	1
619	977	1
619	1341	-2
619	1727	-2
619	1957	-2
620	919	1
620	921	1
620	1435	2
620	1760	2
620	1770	-2
621	751	1
621	758	1
621	800	1
621	1228	2
621	1586	2
621	1853	-2
622	980	1
622	1562	2
622	1734	2
622	1851	2
623	659	1
623	895	1
623	1215	-2
623	1412	2
623	1507	2
624	682	1
624	698	1
624	710	1
624	740	1
624	1013	1
624	1163	2
624	1642	-2
624	1885	2
625	736	1
625	876	1
625	1232	2
625	1397	-2
625	1835	2
626	785	1
626	893	1
626	903	1
626	1086	2
626	1696	-2
626	1703	-2
627	677	1
627	781	1
627	1558	2
627	1652	2
627	1842	-2
628	946	1
628	1674	-2
628	1741	-2
628	1911	2
629	665	1
629	707	1
629	811	1
629	1416	2
629	1967	-2
629	1977	2
630	1041	2
630	1672	2
630	2000	-2
631	711	1
631	843	1
631	925	1
631	962	1
631	1702	2
631	1814	2
631	1955	-2
632	675	1
632	968	1
632	1014	1
632	1491	2
632	1512	2
632	1581	2
633	709	1
633	787	1
633	849	1
633	1190	-2
633	1351	-2
633	1964	-2
634	1032	-2
634	1694	-2
634	1850	2
635	637	1
635	656	1
635	988	1
635	1134	2
635	1644	-2
635	1888	-2
636	707	1
636	747	1
636	908	1
636	1104	-2
636	1359	-2
636	1628	-2
637	841	1
637	928	1
637	1300	2
637	1490	-2
637	1644	-2
638	644	1
638	854	1
638	1004	1
638	1363	2
638	1852	-2
638	1989	-2
639	993	1
639	1255	2
639	1589	-2
639	1705	-2
640	722	1
640	740	1
640	750	1
640	1002	1
640	1004	1
640	1175	2
640	1805	2
640	1947	2
641	851	1
641	1077	-2
641	1270	-2
641	1827	2
642	759	1
642	873	1
642	904	1
642	1573	2
642	1624	2
642	1987	2
643	842	1
643	872	1
643	875	1
643	1663	2
643	1744	-2
643	1856	-2
644	715	1
644	730	1
644	817	1
644	1788	-2
644	1946	-2
644	1989	-2
645	657	1
645	807	1
645	837	1
645	1330	2
645	1389	-2
645	2025	-2
646	810	1
646	824	1
646	958	1
646	1105	-2
646	1321	2
646	1403	2
647	677	1
647	972	1
647	1381	-2
647	1597	2
647	1925	2
648	665	1
648	881	1
648	961	1
648	1297	2
648	1383	2
648	1428	-2
649	719	1
649	729	1
649	766	1
649	1322	-2
649	1519	-2
649	1796	-2
650	683	1
650	768	1
650	1188	-2
650	1721	-2
650	1855	-2
651	654	1
651	760	1
651	864	1
651	999	1
651	1151	-2
651	1582	-2
651	1915	-2
652	725	1
652	784	1
652	1429	-2
652	1501	-2
652	1588	2
653	796	1
653	1106	2
653	1245	-2
653	1756	-2
654	692	1
654	976	1
654	999	1
654	1197	2
654	1784	2
654	1915	-2
655	880	1
655	1601	2
655	1854	2
655	1921	2
656	992	1
656	1134	2
656	1371	-2
656	1961	2
657	837	1
657	910	1
657	947	1
657	1161	-2
657	1330	2
657	1603	2
658	797	2
658	830	1
658	1120	2
658	1254	2
658	1579	-2
659	679	1
659	1118	2
659	1412	2
659	1631	2
660	730	1
660	818	1
660	845	1
660	883	1
660	997	1
660	1374	-2
660	1458	-2
660	1902	-2
661	695	1
661	841	1
661	1012	1
661	1122	-2
661	1367	-2
661	1402	-2
662	743	1
662	835	1
662	1089	2
662	1520	-2
662	1554	2
663	726	1
663	1015	1
663	1252	-2
663	1585	-2
663	1746	-2
664	998	1
664	1268	2
664	1292	-2
664	2042	-2
665	881	1
665	930	1
665	1428	-2
665	1701	2
665	1977	2
666	680	1
666	776	1
666	1114	-2
666	1159	2
666	1481	-2
667	877	1
667	880	1
667	915	1
667	1462	-2
667	1654	2
667	1816	2
668	1045	2
668	1208	2
668	1260	2
669	709	1
669	794	1
669	1708	2
669	1795	2
669	1817	2
670	728	1
670	746	1
670	1132	-2
670	1285	2
670	1542	2
671	687	1
671	739	1
671	804	1
671	1695	-2
671	1747	2
671	1875	2
672	850	1
672	878	1
672	1544	-2
672	1621	-2
672	2006	-2
673	732	1
673	775	1
673	1180	2
673	1263	2
673	1267	2
674	762	1
674	872	1
674	959	1
674	1407	-2
674	1735	2
674	1919	2
675	729	1
675	1326	2
675	1512	2
675	1539	2
676	865	1
676	934	1
676	1013	1
676	1060	2
676	1113	2
676	1828	-2
677	1001	1
677	1597	2
677	1728	-2
677	1842	-2
678	983	1
678	1087	-2
678	1109	2
678	1463	2
679	801	1
679	881	1
679	1275	-2
679	1502	2
679	1631	2
680	777	1
680	812	1
680	898	1
680	1107	2
680	1481	-2
680	1965	2
681	704	1
681	993	1
681	1042	2
681	1362	2
681	1681	-2
682	740	1
682	858	1
682	1193	2
682	1683	2
682	1885	2
683	950	1
683	1202	2
683	1487	-2
683	1855	-2
684	783	1
684	801	1
684	897	1
684	1075	2
684	1714	-2
684	1959	2
685	790	1
685	799	1
685	860	1
685	1470	-2
685	1723	-2
685	1831	-2
686	690	1
686	692	1
686	1332	2
686	1474	-2
686	1811	2
687	815	1
687	825	1
687	1262	-2
687	1346	2
687	1875	2
688	735	1
688	920	1
688	962	1
688	1020	1
688	1315	-2
688	1751	-2
688	2028	-2
689	732	1
689	878	1
689	1160	-2
689	1478	2
689	1508	-2
690	854	1
690	972	1
690	1448	-2
690	1465	2
690	1474	-2
691	699	1
691	712	1
691	807	1
691	1149	2
691	1201	-2
691	1620	2
692	1197	2
692	1312	2
692	1811	2
693	731	1
693	837	1
693	849	1
693	954	1
693	1003	1
693	1069	-2
693	1317	2
693	1920	-2
694	726	1
694	1154	-2
694	1779	-2
694	1806	2
695	954	1
695	1355	-2
695	1402	-2
695	1421	-2
696	865	1
696	874	1
696	878	1
696	949	1
696	1167	-2
696	1410	2
696	1844	-2
697	788	1
697	1112	-2
697	1152	-2
697	1446	2
698	710	1
698	713	1
698	1163	2
698	1455	2
698	1808	2
699	713	1
699	1434	2
699	1504	2
699	1620	2
700	769	1
700	870	1
700	956	1
700	1047	2
700	1121	2
700	1528	-2
701	781	1
701	970	1
701	1058	2
701	1150	2
701	1266	-2
702	831	1
702	900	1
702	1009	1
702	1557	-2
702	1568	2
702	1648	2
703	830	1
703	988	1
703	1192	2
703	1939	2
703	1985	-2
704	901	1
704	940	1
704	1209	2
704	1362	2
704	1574	-2
705	767	1
705	806	1
705	867	1
705	912	1
705	1301	-2
705	1761	-2
705	1988	2
706	753	1
706	816	1
706	1011	1
706	1206	-2
706	1881	-2
706	1993	-2
707	761	1
707	811	1
707	1359	-2
707	1416	2
707	2036	-2
708	798	1
708	886	1
708	1059	-2
708	1547	-2
708	1759	2
709	723	1
709	877	1
709	1351	-2
709	1758	2
709	1817	2
710	769	1
710	899	1
710	1136	-2
710	1163	2
710	1871	-2
711	762	1
711	843	1
711	1031	-2
711	1753	-2
711	1814	2
712	792	1
712	809	1
712	1149	2
712	1524	2
712	1710	2
713	756	1
713	1455	2
713	1504	2
713	1737	2
714	798	1
714	861	1
714	1003	1
714	1024	1
714	1613	-2
714	1974	2
714	1995	-2
715	807	1
715	890	1
715	1767	-2
715	1815	2
715	1946	-2
716	734	1
716	933	1
716	974	1
716	1097	2
716	1773	-2
716	2010	-2
717	769	1
717	859	1
717	1718	2
717	1807	-2
717	1909	-2
718	1039	-2
718	1200	-2
718	1395	-2
719	989	1
719	1322	-2
719	1587	-2
719	1970	2
720	762	1
720	966	1
720	1100	2
720	1214	2
720	1973	-2
721	749	1
721	779	1
721	931	1
721	957	1
721	1177	2
721	1417	2
721	1729	-2
722	986	1
722	1002	1
722	1175	2
722	1516	2
722	1799	-2
723	877	1
723	953	1
723	1662	-2
723	1758	2
723	1906	2
724	802	1
724	813	1
724	936	1
724	1181	2
724	1235	-2
724	1382	-2
725	1023	1
725	1588	2
725	1776	2
725	1960	2
726	759	1
726	1138	-2
726	1585	-2
726	1806	2
727	1007	1
727	1411	2
727	1627	-2
727	1667	-2
728	870	1
728	961	1
728	1057	-2
728	1132	-2
728	1194	2
729	758	1
729	766	1
729	814	1
729	1326	2
729	1519	-2
729	1895	2
730	817	1
730	845	1
730	1458	-2
730	1526	2
730	1788	-2
731	790	1
731	915	1
731	952	1
731	1003	1
731	1069	-2
731	1414	2
731	1514	2
732	801	1
732	918	1
732	1267	2
732	1508	-2
732	1649	2
733	827	1
733	854	1
733	1076	2
733	1426	-2
733	1584	2
734	737	1
734	974	1
734	1097	2
734	1298	-2
734	1900	-2
735	886	1
735	920	1
735	1623	-2
735	1738	2
735	2028	-2
736	996	1
736	1347	-2
736	1835	2
736	1941	-2
737	1016	1
737	1443	-2
737	1900	-2
737	1901	-2
738	770	1
738	1019	1
738	1131	2
738	1484	2
738	1540	2
739	773	1
739	897	1
739	917	1
739	973	1
739	1632	-2
739	1695	-2
739	1822	-2
740	750	1
740	931	1
740	1682	2
740	1885	2
740	1947	2
741	1645	2
741	1730	-2
741	1771	-2
742	844	1
742	1080	-2
742	1303	-2
742	1877	2
743	822	1
743	946	1
743	1089	2
743	1110	-2
743	1949	-2
744	959	1
744	1291	-2
744	1479	-2
744	1790	-2
745	889	1
745	1229	2
745	1886	-2
745	2002	-2
746	911	1
746	1542	2
746	1944	-2
746	1986	2
747	945	1
747	1104	-2
747	1849	2
747	1945	2
748	803	1
748	932	1
748	960	1
748	1098	-2
748	1258	-2
748	1472	2
749	779	1
749	974	1
749	1177	2
749	1415	2
749	1449	-2
750	1712	-2
750	1869	2
750	1947	2
751	758	1
751	772	1
751	1228	2
751	1388	-2
751	1616	2
752	888	1
752	944	1
752	1126	2
752	1546	2
752	1820	-2
753	778	1
753	881	1
753	1011	1
753	1020	1
753	1236	2
753	1356	-2
753	1993	-2
754	786	1
754	952	1
754	1125	-2
754	1803	-2
754	1984	-2
755	824	1
755	1373	2
755	1418	-2
755	1625	2
756	1737	2
756	1927	2
756	1969	-2
757	879	1
757	957	1
757	1033	2
757	1323	-2
757	1394	2
758	814	1
758	923	1
758	1228	2
758	1230	2
758	1895	2
759	1138	-2
759	1608	-2
759	1987	2
760	1151	-2
760	1299	2
760	1376	-2
761	829	1
761	973	1
761	1137	-2
761	1545	-2
761	2036	-2
762	1031	-2
762	1214	2
762	1407	-2
763	1179	-2
763	1466	-2
763	1866	2
764	896	1
764	977	1
764	1001	1
764	1538	-2
764	1892	2
764	2016	2
765	902	1
765	1166	2
765	1348	-2
765	1647	2
766	833	1
766	1016	1
766	1277	-2
766	1436	-2
766	1519	-2
767	912	1
767	1471	-2
767	1655	-2
767	1988	2
768	844	1
768	1010	1
768	1188	-2
768	1329	2
768	1503	-2
769	956	1
769	1121	2
769	1136	-2
769	1807	-2
770	796	1
770	846	1
770	1144	2
770	1484	2
770	1550	2
771	822	1
771	1535	2
771	1686	2
771	1698	-2
772	995	1
772	1338	2
772	1388	-2
772	1629	2
773	917	1
773	1804	-2
773	1822	-2
773	2031	2
774	811	1
774	1782	2
774	1847	-2
774	1876	2
775	984	1
775	1180	2
775	1671	-2
775	1772	-2
776	1159	2
776	1339	2
776	1786	-2
777	812	1
777	924	1
777	1000	1
777	1111	-2
777	1324	-2
777	1965	2
778	848	1
778	881	1
778	935	1
778	1011	1
778	1236	2
778	1560	-2
778	1800	-2
779	1006	1
779	1177	2
779	1537	2
779	1791	-2
780	916	1
780	1050	-2
780	1195	-2
780	1797	2
781	794	1
781	1058	2
781	1295	-2
781	1652	2
782	857	1
782	995	1
782	1038	-2
782	1704	2
782	2034	-2
783	853	1
783	1439	-2
783	1638	2
783	1714	-2
784	983	1
784	1170	2
784	1429	-2
784	1868	2
785	791	1
785	893	1
785	1366	-2
785	1696	-2
785	1778	-2
786	1640	-2
786	1984	-2
786	2039	-2
787	849	1
787	1046	2
787	1423	2
787	1964	-2
788	916	1
788	1112	-2
788	1396	2
788	1833	-2
789	1093	-2
789	1207	-2
789	1318	2
790	820	1
790	915	1
790	1414	2
790	1723	-2
790	1980	-2
791	937	1
791	1413	2
791	1778	-2
791	1848	2
792	809	1
792	940	1
792	1064	-2
792	1523	-2
792	1710	2
793	1278	-2
793	1826	-2
793	1867	-2
794	1295	-2
794	1795	2
794	1899	2
795	1024	1
795	1073	2
795	1398	2
795	1676	2
796	1106	2
796	1550	2
796	1700	2
797	830	1
797	906	1
797	1120	2
797	1182	2
797	1579	-2
798	1003	1
798	1059	-2
798	1613	-2
798	1630	-2
799	1309	-2
799	1325	-2
799	1470	-2
800	891	1
800	1129	2
800	1586	2
800	1829	-2
801	918	1
801	1075	2
801	1502	2
801	1649	2
802	925	1
802	1048	-2
802	1382	-2
802	1635	2
803	867	1
803	1342	-2
803	1472	2
803	1979	2
804	932	1
804	951	1
804	1488	2
804	1747	2
804	1918	2
805	947	1
805	1037	2
805	1283	-2
805	1296	2
806	853	1
806	1570	-2
806	1761	-2
806	1880	2
807	890	1
807	1201	-2
807	1389	-2
807	1767	-2
808	810	1
808	1012	1
808	1116	2
808	1527	-2
808	1821	2
809	947	1
809	1480	2
809	1710	2
809	1992	-2
810	958	1
810	1105	-2
810	1818	-2
810	1821	2
811	958	1
811	1416	2
811	1782	2
811	2005	-2
812	1056	2
812	1217	-2
812	1965	2
813	1010	1
813	1181	2
813	1781	2
813	1824	-2
814	1014	1
814	1052	2
814	1251	-2
814	1895	2
815	837	1
815	1018	1
815	1262	-2
815	1510	2
815	1962	-2
816	920	1
816	1358	2
816	1522	2
816	1881	-2
817	887	1
817	1461	2
817	1788	-2
817	2008	2
818	997	1
818	1374	-2
818	1650	-2
818	1733	-2
819	879	1
819	1335	-2
819	1607	-2
819	1768	-2
820	885	1
820	933	1
820	1792	2
820	1940	-2
820	1980	-2
821	1002	1
821	1633	-2
821	1693	-2
821	1736	-2
822	946	1
822	1110	-2
822	1675	-2
822	1698	-2
823	870	1
823	871	1
823	876	1
823	1261	2
823	1699	2
823	1810	-2
824	1403	2
824	1625	2
824	1872	-2
825	863	1
825	1346	2
825	1372	2
825	1937	-2
826	918	1
826	931	1
826	936	1
826	980	1
826	1014	1
826	1529	-2
826	1926	2
826	1981	-2
827	1406	2
827	1426	-2
827	1634	2
828	1015	1
828	1496	-2
828	1518	2
828	1839	2
829	1137	-2
829	1749	-2
829	1830	2
830	985	1
830	988	1
830	1579	-2
830	1762	2
830	1985	-2
831	978	1
831	1568	2
831	1651	2
831	1951	-2
832	861	1
832	909	1
832	982	1
832	1310	-2
832	1344	2
832	1896	2
833	852	1
833	876	1
833	912	1
833	1091	-2
833	1237	2
833	1277	-2
834	907	1
834	1525	-2
834	1575	2
834	1646	2
835	1243	2
835	1554	2
835	1765	2
836	1061	-2
836	1658	2
836	1685	2
837	1018	1
837	1317	2
837	1330	2
837	1510	2
838	851	1
838	1221	2
838	1378	2
838	1464	2
839	857	1
839	1068	-2
839	1176	-2
839	1924	2
840	948	1
840	1074	-2
840	1602	2
840	2020	2
841	943	1
841	1008	1
841	1012	1
841	1300	2
841	1367	-2
841	1859	2
842	875	1
842	1320	2
842	1744	-2
842	1910	-2
843	1380	-2
843	1724	-2
843	1814	2
844	1196	2
844	1303	-2
844	1329	2
845	941	1
845	1282	2
845	1345	2
845	1458	-2
846	1055	-2
846	1144	2
846	1916	-2
847	888	1
847	1476	-2
847	1497	2
847	1908	2
848	1274	2
848	1560	-2
848	1975	-2
849	954	1
849	962	1
849	1819	2
849	1920	-2
849	1964	-2
850	878	1
850	896	1
850	1444	2
850	1485	2
850	1621	-2
851	1221	2
851	1270	-2
851	1928	-2
852	895	1
852	1091	-2
852	1361	2
852	1475	-2
853	954	1
853	1486	2
853	1570	-2
853	1638	2
854	1448	-2
854	1584	2
854	1852	-2
855	891	1
855	985	1
855	1357	2
855	1572	-2
855	1611	-2
856	921	1
856	1241	-2
856	1368	-2
856	1534	-2
857	922	1
857	1704	2
857	1743	-2
857	1924	2
858	1000	1
858	1054	2
858	1071	2
858	1193	2
859	942	1
859	1375	-2
859	1459	-2
859	1909	-2
860	955	1
860	1831	-2
860	1929	-2
860	1931	2
861	909	1
861	1344	2
861	1564	2
861	1995	-2
862	1752	-2
862	1801	2
862	1862	-2
863	1006	1
863	1044	2
863	1372	2
863	1777	-2
864	889	1
864	1582	-2
864	1890	2
864	2003	-2
865	878	1
865	1167	-2
865	1828	-2
865	1990	2
866	916	1
866	963	1
866	1532	2
866	1569	2
866	2001	-2
867	1301	-2
867	1337	2
867	1979	2
868	1333	-2
868	1483	2
868	1622	-2
869	1022	1
869	1227	2
869	1780	-2
869	1932	-2
870	876	1
870	961	1
870	1047	2
870	1194	2
870	1261	2
871	874	1
871	1142	-2
871	1561	-2
871	1810	-2
872	926	1
872	1663	2
872	1735	2
872	1742	2
873	904	1
873	1218	-2
873	1573	2
873	1903	2
874	1410	2
874	1454	-2
874	1561	-2
875	1205	2
875	1744	-2
875	1812	-2
876	912	1
876	1232	2
876	1237	2
876	1261	2
877	1462	-2
877	1758	2
877	1996	-2
878	1160	-2
878	1167	-2
878	1621	-2
879	957	1
879	1033	2
879	1335	-2
879	1860	2
880	966	1
880	1256	-2
880	1654	2
880	1854	2
881	1236	2
881	1275	-2
881	1428	-2
882	1072	-2
882	1164	-2
882	2014	-2
883	907	1
883	923	1
883	943	1
883	1331	-2
883	1902	-2
883	1912	2
884	901	1
884	955	1
884	1063	2
884	1334	-2
884	1495	2
885	1386	-2
885	1792	2
885	2026	2
886	1738	2
886	1759	2
886	2024	-2
887	1461	2
887	1838	2
887	2048	2
888	898	1
888	944	1
888	1497	2
888	1546	2
888	1836	2
889	1053	-2
889	2002	-2
889	2003	-2
890	1598	-2
890	1668	2
890	1767	-2
891	1130	2
891	1572	-2
891	1829	-2
892	1536	2
892	1884	2
892	1997	-2
893	1438	-2
893	1696	-2
893	1879	-2
894	921	1
894	1119	-2
894	1204	-2
894	1922	-2
895	1219	-2
895	1475	-2
895	1507	2
896	1017	1
896	1485	2
896	1892	2
896	1948	-2
897	973	1
897	1004	1
897	1632	-2
897	1874	2
897	1959	2
898	989	1
898	1107	2
898	1271	2
898	1836	2
899	1384	-2
899	1689	-2
899	1871	-2
900	960	1
900	1360	-2
900	1557	-2
900	1863	-2
901	955	1
901	999	1
901	1063	2
901	1090	-2
901	1574	-2
902	1348	-2
902	1716	-2
902	1958	-2
903	953	1
903	1086	2
903	1264	-2
903	1615	-2
904	1289	-2
904	1573	2
904	1793	2
905	919	1
905	1128	2
905	1794	2
905	1999	2
906	1182	2
906	1257	-2
906	2041	-2
907	1331	-2
907	1460	-2
907	1575	2
908	958	1
908	978	1
908	1248	2
908	1350	-2
908	1628	-2
909	1343	2
909	1344	2
909	1517	-2
910	947	1
910	1603	2
910	1659	-2
910	2022	-2
911	971	1
911	1141	2
911	1944	-2
911	1963	2
912	986	1
912	996	1
912	1237	2
912	1247	2
912	1988	2
913	1688	-2
913	1917	-2
913	2029	2
914	940	1
914	984	1
914	1007	1
914	1008	1
914	1684	2
914	1809	2
914	1840	2
915	1414	2
915	1555	2
915	1816	2
916	1050	-2
916	1833	-2
916	2001	-2
917	1576	2
917	1822	-2
917	1935	-2
918	981	1
918	1440	-2
918	1649	2
918	1981	-2
919	921	1
919	1017	1
919	1435	2
919	1843	2
919	1999	2
920	1067	2
920	1522	2
920	2028	-2
921	1435	2
921	1534	-2
921	1922	-2
922	1022	1
922	1401	-2
922	1656	-2
922	1743	-2
923	943	1
923	1230	2
923	1861	-2
923	1912	2
924	1000	1
924	1324	-2
924	1717	-2
924	1825	-2
925	952	1
925	962	1
925	1635	2
925	1702	2
925	2043	-2
926	1273	-2
926	1626	-2
926	1742	2
927	1079	-2
927	1511	-2
927	1764	-2
928	1026	-2
928	1259	2
928	1490	-2
929	939	1
929	1307	2
929	1447	-2
929	1802	2
930	965	1
930	1036	2
930	1701	2
930	1745	-2
931	1014	1
931	1682	2
931	1729	-2
931	1926	2
932	951	1
932	960	1
932	1098	-2
932	1244	2
932	1488	2
933	1390	2
933	1940	-2
933	2010	-2
934	1013	1
934	1060	2
934	1133	2
934	1953	2
935	1011	1
935	1445	-2
935	1722	-2
935	1800	-2
936	963	1
936	980	1
936	1235	-2
936	1529	-2
936	1563	-2
937	1413	2
937	1431	-2
937	1441	2
938	1408	-2
938	1492	-2
938	1891	2
939	1307	2
939	1482	2
939	1612	2
940	984	1
940	1209	2
940	1523	-2
940	1809	2
941	1147	2
941	1345	2
941	1870	2
942	1013	1
942	1143	-2
942	1287	-2
942	1375	-2
943	1008	1
943	1319	2
943	1859	2
943	1912	2
944	1530	2
944	1546	2
944	2046	2
945	1009	1
945	1199	-2
945	1618	-2
945	1945	2
946	1110	-2
946	1425	-2
946	1674	-2
947	1283	-2
947	1480	2
947	1603	2
948	1409	2
948	1590	-2
948	2020	2
949	1117	-2
949	1223	-2
949	1844	-2
950	1168	2
950	1487	-2
950	1494	-2
951	1488	2
951	1513	-2
951	2027	2
952	1125	-2
952	1514	2
952	2043	-2
953	1264	-2
953	1567	-2
953	1906	2
954	1355	-2
954	1486	2
954	1920	-2
955	1023	1
955	1063	2
955	1592	-2
955	1929	-2
956	977	1
956	1121	2
956	1210	-2
956	1763	-2
957	994	1
957	1033	2
957	1417	2
957	1754	-2
958	1105	-2
958	1248	2
958	2005	-2
959	1479	-2
959	1591	2
959	1919	2
960	1098	-2
960	1360	-2
960	2013	2
961	1194	2
961	1383	2
961	1498	-2
962	1702	2
962	1751	-2
962	1819	2
963	1231	2
963	1532	2
963	1563	-2
964	1437	2
964	1565	-2
964	1798	2
965	998	1
965	1095	-2
965	1216	2
965	1745	-2
966	1065	-2
966	1100	2
966	1256	-2
967	1005	1
967	1008	1
967	1183	2
967	1677	2
967	2040	2
968	1127	-2
968	1153	2
968	1581	2
969	1707	-2
969	1720	-2
969	2033	2
970	1266	-2
970	1619	2
970	1907	2
971	977	1
971	1246	2
971	1727	-2
971	1963	2
972	1187	-2
972	1465	2
972	1925	2
973	1545	-2
973	1600	2
973	1632	-2
974	1097	2
974	1311	-2
974	1415	2
975	1010	1
975	1078	-2
975	1288	-2
975	1506	-2
976	1198	-2
976	1313	2
976	1784	2
977	1210	-2
977	1727	-2
977	2016	2
978	1350	-2
978	1951	-2
978	2037	2
979	1145	-2
979	1238	2
979	1577	-2
980	1529	-2
980	1841	2
980	1851	2
981	1220	-2
981	1440	-2
981	2047	2
982	1310	-2
982	1379	2
982	1938	2
983	1015	1
983	1109	2
983	1170	2
983	1673	-2
984	1551	-2
984	1772	-2
984	1809	2
985	1595	-2
985	1611	-2
985	1762	2
986	996	1
986	1102	-2
986	1247	2
986	1516	2
987	1864	-2
987	1865	-2
987	1943	2
988	1789	-2
988	1888	-2
988	1985	-2
989	1271	2
989	1399	2
989	1587	-2
990	993	1
990	1923	-2
990	1968	2
990	2011	2
991	1276	2
991	1404	2
991	1775	-2
992	1265	2
992	1349	2
992	1371	-2
993	1042	2
993	1589	-2
993	1923	-2
994	1365	-2
994	1400	-2
994	1754	-2
995	1224	2
995	1629	2
995	2034	-2
996	1247	2
996	1934	-2
996	1941	-2
997	1374	-2
997	1377	-2
997	1653	2
998	1020	1
998	1095	-2
998	1268	2
998	1757	-2
999	1090	-2
999	1433	-2
999	1915	-2
1000	1054	2
1000	1324	-2
1000	1543	2
1001	1249	2
1001	1538	-2
1001	1728	-2
1002	1175	2
1002	1736	-2
1002	1832	2
1003	1069	-2
1003	1613	-2
1003	1933	-2
1004	1363	2
1004	1805	2
1004	1874	2
1005	1677	2
1005	1873	2
1005	2018	2
1006	1044	2
1006	1791	-2
1006	2032	-2
1007	1593	2
1007	1667	-2
1007	1840	2
1008	1684	2
1008	1859	2
1008	2040	2
1009	1212	2
1009	1618	-2
1009	1648	2
1010	1078	-2
1010	1503	-2
1010	1781	2
1011	1393	2
1011	1800	-2
1011	1993	-2
1012	1367	-2
1012	1527	-2
1012	1905	2
1013	1060	2
1013	1143	-2
1013	1642	-2
1014	1251	-2
1014	1491	2
1014	1926	2
1015	1518	2
1015	1673	-2
1015	1746	-2
1016	1284	2
1016	1436	-2
1016	1901	-2
1017	1605	2
1017	1843	2
1017	1948	-2
1018	1432	-2
1018	1510	2
1018	1857	2
1019	1469	-2
1019	1540	2
1019	1690	-2
1020	1315	-2
1020	1356	-2
1020	1757	-2
1021	1140	2
1021	1353	2
1021	1678	2
1022	1401	-2
1022	1453	2
1022	1780	-2
1023	1592	-2
1023	1740	2
1023	1960	2
1024	1073	2
1024	1148	2
1024	1974	2
