1	1	1
2	2	-1
3	3	-3
4	4	1
5	5	1
6	6	-3
7	7	-1
8	8	1
9	9	-3
10	10	-3
11	11	-3
12	12	1
13	13	-3
14	14	1
15	15	1
16	16	-1
17	17	3
18	18	-1
19	19	-1
20	20	1
21	21	3
22	22	-1
23	23	-1
24	24	-1
25	25	-3
26	26	-3
27	27	-1
28	28	1
29	29	-1
30	30	-1
31	31	3
32	32	1
33	33	3
34	34	-1
35	35	1
36	36	3
37	37	1
38	38	-1
39	39	1
40	40	-1
41	41	-1
42	42	-1
43	43	3
44	44	3
45	45	-1
46	46	-1
47	47	-1
48	48	-1
49	49	-1
50	50	3
51	51	1
52	52	1
53	53	-3
54	54	-1
55	55	1
56	56	-3
57	57	3
58	58	-3
59	59	3
60	60	-1
61	61	3
62	62	-1
63	63	1
64	64	-1
65	65	1
66	66	1
67	67	3
68	68	1
69	69	-1
70	70	-1
71	71	1
72	72	-3
73	73	-1
74	74	-1
75	75	-1
76	76	1
77	77	1
78	78	3
79	79	1
80	80	-3
81	81	-1
82	82	-1
83	83	-3
84	84	-1
85	85	-3
86	86	-1
87	87	-3
88	88	3
89	89	-1
90	90	1
91	91	-1
92	92	3
93	93	-1
94	94	1
95	95	3
96	96	1
97	97	-1
98	98	-3
99	99	1
100	100	-3
101	101	-1
102	102	1
103	103	1
104	104	3
105	105	1
106	106	3
107	107	-3
108	108	-1
109	109	1
110	110	1
111	111	-1
112	112	-1
113	113	1
114	114	-1
115	115	1
116	116	3
117	117	1
118	118	1
119	119	-1
120	120	-3
121	121	1
122	122	-1
123	123	1
124	124	3
125	125	1
126	126	1
127	127	1
128	128	1
129	129	3
130	130	-3
131	131	-3
132	132	-3
133	133	1
134	134	-1
135	135	-1
136	136	-1
137	137	1
138	138	-1
139	139	-3
140	140	1
141	141	-1
142	142	3
143	143	-1
144	144	-3
145	145	1
146	146	1
147	147	-1
148	148	1
149	149	-1
150	150	1
151	151	1
152	152	1
153	153	1
154	154	-3
155	155	3
156	156	1
157	157	-1
158	158	1
159	159	-1
160	160	-1
161	161	-1
162	162	3
163	163	-1
164	164	1
165	165	1
166	166	-1
167	167	3
168	168	1
169	169	-1
170	170	3
171	171	3
172	172	1
173	173	-3
174	174	3
175	175	1
176	176	-3
177	177	1
178	178	1
179	179	1
180	180	1
181	181	1
182	182	-1
183	183	-1
184	184	-3
185	185	-1
186	186	1
187	187	3
188	188	-1
189	189	-1
190	190	1
191	191	1
192	192	-3
193	193	-1
194	194	-1
195	195	-1
196	196	1
197	197	1
198	198	1
199	199	-3
200	200	1
201	201	1
202	202	1
203	203	1
204	204	1
205	205	1
206	206	1
207	207	-3
208	208	1
209	209	1
210	210	-1
211	211	1
212	212	3
213	213	-1
214	214	1
215	215	1
216	216	1
217	217	-1
218	218	1
219	219	3
220	220	-1
221	221	1
222	222	1
223	223	1
224	224	-1
225	225	-2
226	226	2
227	227	-2
228	228	2
229	229	2
230	230	-2
231	231	-2
232	232	2
233	233	2
234	234	-2
235	235	-2
236	236	-2
237	237	-2
238	238	2
239	239	2
240	240	-2
241	241	-2
242	242	2
243	243	2
244	244	2
245	245	-2
246	246	2
247	247	2
248	248	-2
249	249	2
250	250	2
251	251	2
252	252	2
253	253	-2
254	254	2
255	255	2
256	256	-2
257	257	-2
258	258	2
259	259	2
260	260	-2
261	261	2
262	262	2
263	263	-2
264	264	2
265	265	2
266	266	-2
267	267	2
268	268	2
269	269	-2
270	270	2
271	271	-2
272	272	2
273	273	-2
274	274	2
275	275	2
276	276	2
277	277	-2
278	278	-2
279	279	2
280	280	-2
281	281	-2
282	282	-2
283	283	-2
284	284	-2
285	285	2
286	286	2
287	287	-2
288	288	-2
289	289	2
290	290	2
291	291	2
292	292	2
293	293	2
294	294	2
295	295	2
296	296	-2
297	297	2
298	298	2
299	299	2
300	300	2
301	301	2
302	302	2
303	303	2
304	304	2
305	305	-2
306	306	-2
307	307	-2
308	308	2
309	309	-2
310	310	2
311	311	-2
312	312	-2
313	313	-2
314	314	2
315	315	-2
316	316	-2
317	317	-2
318	318	2
319	319	-2
320	320	-2
321	321	2
322	322	-2
323	323	2
324	324	2
325	325	-2
326	326	-2
327	327	2
328	328	-2
329	329	2
330	330	-2
331	331	-2
332	332	-2
333	333	-2
334	334	-2
335	335	-2
336	336	-2
337	337	-2
338	338	2
339	339	2
340	340	-2
341	341	-2
342	342	-2
343	343	-2
344	344	2
345	345	2
346	346	-2
347	347	-2
348	348	2
349	349	-2
350	350	2
351	351	2
352	352	-2
353	353	2
354	354	-2
355	355	-2
356	356	-2
357	357	2
358	358	-2
359	359	2
360	360	-2
361	361	-2
362	362	2
363	363	-2
364	364	2
365	365	2
366	366	-2
367	367	-2
368	368	-2
369	369	2
370	370	-2
371	371	2
372	372	-2
373	373	2
374	374	2
375	375	-2
376	376	-2
377	377	2
378	378	-2
379	379	-2
380	380	2
381	381	-2
382	382	2
383	383	2
384	384	2
385	385	2
386	386	-2
387	387	2
388	388	2
389	389	-2
390	390	-2
391	391	-2
392	392	2
393	393	-2
394	394	-2
395	395	2
396	396	2
397	397	-2
398	398	2
399	399	-2
400	400	-2
401	401	-2
402	402	2
403	403	-2
404	404	-2
405	405	-2
406	406	2
407	407	2
408	408	-2
409	409	-2
410	410	2
411	411	2
412	412	2
413	413	-2
414	414	-2
415	415	2
416	416	-2
417	417	-2
418	418	-2
419	419	-2
420	420	2
421	421	2
422	422	2
423	423	-2
424	424	2
425	425	-2
426	426	-2
427	427	-2
428	428	2
429	429	2
430	430	2
431	431	-2
432	432	2
433	433	2
434	434	-2
435	435	2
436	436	-2
437	437	2
438	438	-2
439	439	2
440	440	2
441	441	-2
442	442	2
443	443	2
444	444	-2
445	445	-2
446	446	-2
447	447	2
448	448	2
1	71	1
1	82	1
1	125	1
1	137	1
1	187	1
1	219	1
1	244	-2
1	360	-2
1	413	-2
2	18	1
2	23	1
2	27	1
2	99	1
2	111	1
2	130	1
2	295	2
2	361	2
2	385	-2
3	15	1
3	62	1
3	81	1
3	134	1
3	149	1
3	160	1
3	356	2
3	425	2
3	430	-2
4	59	1
4	73	1
4	116	1
4	126	1
4	173	1
4	219	1
4	246	2
4	300	2
4	328	2
5	57	1
5	64	1
5	116	1
5	147	1
5	158	1
5	167	1
5	234	-2
5	317	-2
5	350	-2
6	47	1
6	77	1
6	84	1
6	96	1
6	135	1
6	217	1
6	273	2
6	332	2
6	368	2
7	14	1
7	53	1
7	89	1
7	126	1
7	185	1
7	203	1
7	241	-2
7	314	-2
7	410	-2
8	14	1
8	65	1
8	96	1
8	102	1
8	189	1
8	202	1
8	321	-2
8	389	-2
8	394	-2
9	94	1
9	112	1
9	144	1
9	149	1
9	163	1
9	221	1
9	247	-2
9	292	-2
9	376	2
10	16	1
10	25	1
10	133	1
10	168	1
10	169	1
10	181	1
10	326	2
10	341	2
10	367	2
11	14	1
11	26	1
11	34	1
11	54	1
11	70	1
11	141	1
11	269	2
11	297	-2
11	414	2
12	39	1
12	57	1
12	75	1
12	136	1
12	154	1
12	211	1
12	379	2
12	419	-2
12	448	2
13	45	1
13	80	1
13	86	1
13	91	1
13	98	1
13	220	1
13	242	-2
13	415	-2
13	447	-2
14	96	1
14	141	1
14	203	1
14	241	-2
14	389	-2
14	414	2
15	43	1
15	108	1
15	134	1
15	187	1
15	194	1
15	262	2
15	354	-2
15	430	-2
16	18	1
16	146	1
16	168	1
16	210	1
16	215	1
16	226	-2
16	296	-2
16	326	2
17	31	2
17	54	1
17	65	1
17	128	1
17	195	1
17	278	-2
17	307	-2
17	420	2
18	125	1
18	130	1
18	162	1
18	210	1
18	226	-2
18	358	-2
18	385	-2
19	84	1
19	89	1
19	103	1
19	105	1
19	136	1
19	215	1
19	237	2
19	351	2
19	444	2
20	33	1
20	63	1
20	64	1
20	122	1
20	132	1
20	193	1
20	289	2
20	422	2
20	424	-2
21	52	1
21	94	1
21	133	1
21	152	1
21	171	1
21	220	1
21	338	2
21	439	2
21	446	-2
22	93	1
22	177	1
22	200	1
22	206	1
22	215	1
22	217	1
22	259	-2
22	286	2
22	445	2
23	69	1
23	72	1
23	80	1
23	99	1
23	127	1
23	233	-2
23	294	-2
23	295	2
24	36	1
24	70	1
24	99	1
24	118	1
24	120	1
24	176	1
24	254	-2
24	303	2
24	408	2
25	30	1
25	66	1
25	120	1
25	169	1
25	210	1
25	341	2
25	373	-2
25	396	-2
26	42	1
26	54	1
26	119	1
26	154	1
26	165	1
26	297	-2
26	398	-2
26	427	2
27	36	1
27	46	1
27	111	2
27	184	1
27	347	2
27	361	2
27	437	2
28	68	1
28	121	1
28	125	1
28	145	1
28	209	1
28	223	1
28	274	-2
28	282	-2
28	349	-2
29	82	1
29	99	1
29	114	1
29	161	1
29	173	1
29	174	1
29	380	-2
29	405	-2
29	423	2
30	61	1
30	66	1
30	108	1
30	153	1
30	188	1
30	239	2
30	276	-2
30	396	-2
31	54	1
31	65	2
31	150	1
31	278	-2
31	307	-2
31	438	-2
32	77	1
32	78	1
32	79	1
32	105	1
32	140	1
32	141	1
32	291	2
32	312	-2
32	339	-2
33	63	1
33	109	1
33	115	1
33	181	1
33	206	1
33	324	2
33	337	-2
33	422	2
34	37	1
34	70	1
34	159	1
34	205	1
34	209	1
34	269	2
34	309	-2
34	393	2
35	88	1
35	139	1
35	162	1
35	169	1
35	191	1
35	216	1
35	251	-2
35	320	-2
35	429	2
36	46	1
36	91	1
36	116	1
36	118	1
36	303	2
36	411	2
36	437	2
37	75	1
37	81	1
37	107	1
37	193	1
37	205	1
37	281	-2
37	309	-2
37	352	2
38	81	1
38	83	1
38	107	1
38	123	1
38	124	1
38	148	1
38	236	2
38	283	2
38	290	2
39	40	1
39	66	1
39	152	1
39	180	1
39	211	1
39	228	2
39	366	2
39	448	2
40	95	1
40	131	1
40	142	1
40	152	1
40	184	1
40	287	-2
40	366	2
40	434	2
41	52	1
41	144	1
41	182	1
41	192	1
41	199	1
41	204	1
41	225	2
41	285	-2
41	381	-2
42	101	1
42	129	1
42	165	1
42	182	1
42	203	1
42	308	-2
42	406	2
42	427	2
43	59	1
43	108	1
43	191	1
43	200	1
43	208	1
43	232	2
43	354	-2
43	363	-2
44	117	1
44	138	1
44	155	1
44	170	1
44	190	1
44	212	1
44	299	2
44	301	2
44	377	2
45	51	1
45	77	1
45	97	1
45	98	1
45	106	1
45	235	-2
45	242	-2
45	311	2
46	123	1
46	157	1
46	158	1
46	213	1
46	256	2
46	327	-2
46	437	2
47	83	1
47	96	1
47	147	1
47	165	1
47	177	1
47	248	2
47	368	2
47	433	2
48	68	1
48	97	1
48	104	1
48	127	1
48	194	1
48	198	1
48	253	2
48	335	2
48	407	2
49	62	1
49	72	1
49	85	1
49	106	1
49	113	1
49	196	1
49	298	-2
49	346	-2
49	353	-2
50	158	1
50	165	1
50	167	1
50	175	1
50	179	1
50	196	1
50	306	-2
50	395	2
50	442	2
51	97	1
51	102	1
51	123	1
51	148	1
51	212	1
51	227	-2
51	249	2
51	311	2
52	56	1
52	133	1
52	176	1
52	204	1
52	338	2
52	381	-2
52	435	-2
53	69	1
53	145	1
53	160	1
53	185	1
53	207	1
53	270	-2
53	322	2
53	410	-2
54	93	1
54	121	1
54	261	-2
54	278	-2
54	297	-2
55	92	2
55	109	1
55	131	1
55	196	1
55	218	1
55	313	-2
55	334	-2
55	392	-2
56	63	1
56	98	1
56	132	1
56	176	1
56	188	1
56	333	2
56	378	2
56	435	-2
57	70	1
57	116	1
57	136	1
57	164	1
57	316	-2
57	317	-2
57	419	-2
58	64	1
58	112	1
58	128	1
58	195	1
58	202	1
58	213	1
58	331	2
58	400	2
58	417	2
59	133	1
59	151	1
59	208	1
59	219	1
59	300	2
59	363	-2
59	416	-2
60	85	1
60	104	1
60	119	1
60	127	1
60	178	1
60	222	1
60	238	-2
60	342	-2
60	357	-2
61	115	1
61	134	1
61	153	1
61	222	1
61	223	1
61	239	2
61	412	2
61	428	2
62	72	1
62	149	1
62	159	1
62	178	1
62	298	-2
62	336	-2
62	425	2
63	132	1
63	167	1
63	187	1
63	333	2
63	343	-2
63	422	2
64	122	1
64	147	1
64	213	1
64	289	2
64	331	2
64	350	-2
65	150	1
65	189	1
65	307	-2
65	321	-2
65	438	-2
66	86	1
66	180	1
66	205	1
66	228	2
66	396	-2
66	432	2
67	73	1
67	90	1
67	95	1
67	147	1
67	157	1
67	201	1
67	293	2
67	325	-2
67	440	2
68	74	1
68	97	1
68	145	1
68	168	1
68	253	2
68	349	-2
68	436	-2
69	72	1
69	145	1
69	186	1
69	204	1
69	294	-2
69	322	2
69	443	2
70	120	1
70	164	1
70	254	-2
70	269	2
70	316	-2
71	82	1
71	177	1
71	181	1
71	188	1
71	197	1
71	244	-2
71	268	2
71	365	2
72	74	1
72	117	1
72	271	2
72	294	-2
72	298	-2
73	154	1
73	157	1
73	173	1
73	214	1
73	277	2
73	328	2
73	440	2
74	90	1
74	117	1
74	168	1
74	207	1
74	271	2
74	390	2
74	436	-2
75	107	1
75	154	1
75	160	1
75	164	1
75	263	-2
75	352	2
75	379	2
76	103	1
76	138	1
76	144	1
76	163	1
76	197	1
76	221	1
76	265	2
76	288	-2
76	384	-2
77	106	1
77	140	1
77	217	1
77	235	-2
77	312	-2
77	332	2
78	105	1
78	110	1
78	124	1
78	198	1
78	201	1
78	257	-2
78	291	2
78	431	-2
79	114	1
79	141	1
79	146	1
79	172	1
79	218	1
79	318	2
79	339	-2
79	375	-2
80	127	1
80	131	1
80	193	1
80	220	1
80	233	-2
80	250	-2
80	415	-2
81	148	1
81	160	1
81	193	1
81	236	2
81	281	-2
81	356	2
82	161	1
82	180	1
82	203	1
82	244	-2
82	421	2
82	423	2
83	107	1
83	110	1
83	147	1
83	157	1
83	248	2
83	258	-2
83	283	2
84	105	1
84	110	1
84	126	1
84	135	1
84	237	2
84	273	2
84	344	2
85	176	1
85	178	1
85	184	1
85	196	1
85	353	-2
85	357	-2
85	388	-2
86	91	1
86	192	1
86	200	1
86	205	1
86	315	2
86	432	2
86	447	-2
87	108	1
87	150	1
87	159	1
87	186	1
87	191	1
87	220	1
87	229	-2
87	266	2
87	371	-2
88	118	1
88	140	1
88	169	1
88	178	1
88	214	1
88	320	-2
88	348	2
88	383	2
89	124	1
89	126	1
89	136	1
89	166	1
89	314	-2
89	355	-2
89	444	2
90	105	1
90	198	1
90	201	1
90	207	1
90	293	2
90	390	2
90	441	-2
91	116	1
91	175	1
91	194	1
91	411	2
91	426	2
91	447	-2
92	109	1
92	135	1
92	196	1
92	212	1
92	255	2
92	313	-2
92	334	-2
93	121	1
93	177	1
93	183	1
93	219	1
93	259	-2
93	261	-2
93	404	-2
94	148	1
94	152	1
94	208	1
94	221	1
94	247	-2
94	252	2
94	439	2
95	113	1
95	142	1
95	143	1
95	147	1
95	287	-2
95	325	-2
95	391	-2
96	112	1
96	142	1
96	275	2
96	368	2
96	389	-2
97	152	1
97	179	1
97	253	2
97	311	2
97	418	-2
98	103	1
98	156	1
98	188	1
98	242	-2
98	378	2
98	399	2
99	174	1
99	176	1
99	295	2
99	405	-2
99	408	2
100	113	1
100	166	2
100	183	1
100	195	1
100	199	1
100	245	2
100	260	2
100	362	-2
101	119	1
101	136	1
101	151	1
101	171	1
101	203	1
101	231	2
101	267	2
101	308	-2
102	120	1
102	122	1
102	202	1
102	212	1
102	249	2
102	264	-2
102	394	-2
103	156	1
103	197	1
103	215	1
103	288	-2
103	351	2
103	399	2
104	127	2
104	161	1
104	222	1
104	342	-2
104	370	-2
104	407	2
105	198	1
105	237	2
105	291	2
105	441	-2
106	113	1
106	137	1
106	224	1
106	235	-2
106	346	-2
106	403	-2
107	143	1
107	224	1
107	283	2
107	352	2
107	364	-2
108	159	1
108	188	1
108	229	-2
108	276	-2
108	354	-2
109	115	1
109	143	1
109	199	1
109	334	-2
109	337	-2
109	401	2
110	126	1
110	157	1
110	201	1
110	258	-2
110	344	2
110	431	-2
111	156	1
111	168	1
111	184	1
111	347	2
111	361	2
111	382	2
112	142	1
112	163	1
112	195	1
112	275	2
112	292	-2
112	400	2
113	143	1
113	183	1
113	346	-2
113	362	-2
113	391	-2
114	173	1
114	180	1
114	205	1
114	218	1
114	318	2
114	330	2
114	380	-2
115	130	1
115	134	1
115	146	1
115	272	-2
115	337	-2
115	412	2
116	126	1
116	246	2
116	317	-2
116	411	2
117	129	1
117	162	1
117	190	1
117	271	2
117	299	2
117	374	2
118	178	1
118	189	1
118	211	1
118	279	-2
118	303	2
118	383	2
119	154	1
119	171	1
119	222	1
119	238	-2
119	267	2
119	398	-2
120	122	1
120	210	1
120	254	-2
120	264	-2
120	373	-2
121	141	1
121	145	1
121	209	1
121	230	-2
121	261	-2
121	282	-2
122	132	1
122	197	1
122	264	-2
122	289	2
122	409	2
123	124	1
123	148	1
123	158	1
123	227	-2
123	256	2
123	290	2
124	166	1
124	198	1
124	257	-2
124	290	2
124	355	-2
125	162	1
125	187	1
125	223	1
125	274	-2
125	358	-2
125	360	-2
126	246	2
126	314	-2
126	344	2
127	233	-2
127	342	-2
127	407	2
128	186	1
128	195	1
128	202	1
128	216	1
128	359	2
128	417	2
128	420	2
129	162	1
129	182	1
129	221	1
129	223	1
129	329	2
129	374	2
129	406	2
130	146	1
130	183	1
130	208	1
130	272	-2
130	385	-2
130	386	2
131	184	1
131	193	1
131	218	1
131	250	-2
131	392	-2
131	434	2
132	193	1
132	197	1
132	333	2
132	409	2
132	424	-2
133	151	1
133	181	1
133	338	2
133	367	2
133	416	-2
134	190	1
134	224	1
134	340	2
134	412	2
134	430	-2
135	153	1
135	173	1
135	212	1
135	255	2
135	273	2
135	402	-2
136	151	1
136	231	2
136	419	-2
136	444	2
137	169	1
137	206	1
137	219	1
137	224	1
137	369	-2
137	403	-2
137	413	-2
138	139	1
138	140	1
138	144	1
138	212	1
138	243	-2
138	301	2
138	384	-2
139	140	1
139	161	1
139	207	1
139	216	1
139	243	-2
139	251	-2
139	302	-2
140	214	1
140	243	-2
140	312	-2
140	348	2
141	145	1
141	230	-2
141	339	-2
141	414	2
142	214	1
142	218	1
142	275	2
142	287	-2
142	304	2
143	199	1
143	224	1
143	364	-2
143	391	-2
143	401	2
144	149	1
144	192	1
144	225	2
144	376	2
144	384	-2
145	230	-2
145	322	2
145	349	-2
146	172	1
146	215	1
146	272	-2
146	296	-2
146	375	-2
147	248	2
147	325	-2
147	350	-2
148	208	1
148	227	-2
148	236	2
148	252	2
149	156	1
149	175	1
149	310	2
149	376	2
149	425	2
150	185	1
150	186	1
150	189	1
150	266	2
150	372	-2
150	438	-2
151	170	1
151	216	1
151	231	2
151	319	-2
151	416	-2
152	179	1
152	366	2
152	418	-2
152	439	2
153	155	1
153	173	1
153	174	1
153	239	2
153	280	-2
153	402	-2
154	214	1
154	277	2
154	379	2
154	398	-2
155	170	1
155	174	1
155	209	1
155	210	1
155	280	-2
155	345	2
155	377	2
156	168	1
156	175	1
156	310	2
156	382	2
156	399	2
157	213	1
157	258	-2
157	327	-2
157	440	2
158	165	1
158	167	1
158	234	-2
158	256	2
158	306	-2
159	178	1
159	209	1
159	229	-2
159	336	-2
159	393	2
160	164	1
160	207	1
160	263	-2
160	270	-2
160	356	2
161	207	1
161	222	1
161	302	-2
161	370	-2
161	423	2
162	191	1
162	358	-2
162	374	2
162	429	2
163	164	1
163	185	1
163	221	1
163	265	2
163	292	-2
163	305	2
164	185	1
164	263	-2
164	305	2
164	316	-2
165	177	1
165	306	-2
165	427	2
165	433	2
166	195	1
166	199	1
166	245	2
166	260	2
166	355	-2
167	187	1
167	196	1
167	234	-2
167	343	-2
167	395	2
168	326	2
168	382	2
168	436	-2
169	206	1
169	320	-2
169	341	2
169	369	-2
170	172	1
170	174	1
170	216	1
170	284	-2
170	319	-2
170	377	2
171	190	1
171	202	1
171	220	1
171	267	2
171	387	2
171	446	-2
172	174	1
172	182	1
172	192	1
172	240	2
172	284	-2
172	375	-2
173	328	2
173	380	-2
173	402	-2
174	280	-2
174	284	-2
174	405	-2
175	179	1
175	194	1
175	310	2
175	426	2
175	442	2
176	184	1
176	388	-2
176	408	2
176	435	-2
177	181	1
177	259	-2
177	268	2
177	433	2
178	336	-2
178	357	-2
178	383	2
179	201	1
179	204	1
179	397	2
179	418	-2
179	442	2
180	203	1
180	205	1
180	228	2
180	330	2
180	421	2
181	206	1
181	268	2
181	324	2
181	367	2
182	192	1
182	199	1
182	240	2
182	285	-2
182	406	2
183	208	1
183	219	1
183	362	-2
183	386	2
183	404	-2
184	347	2
184	388	-2
184	434	2
185	189	1
185	305	2
185	372	-2
185	410	-2
186	204	1
186	216	1
186	266	2
186	359	2
186	443	2
187	194	1
187	262	2
187	343	-2
187	360	-2
188	197	1
188	276	-2
188	365	2
188	378	2
189	211	1
189	279	-2
189	321	-2
189	372	-2
190	202	1
190	224	1
190	299	2
190	340	2
190	387	2
191	200	1
191	220	1
191	232	2
191	371	-2
191	429	2
192	200	1
192	225	2
192	240	2
192	315	2
193	250	-2
193	281	-2
193	424	-2
194	198	1
194	262	2
194	335	2
194	426	2
195	260	2
195	400	2
195	420	2
196	313	-2
196	353	-2
196	395	2
197	288	-2
197	365	2
197	409	2
198	257	-2
198	335	2
198	441	-2
199	245	2
199	285	-2
199	401	2
200	206	1
200	232	2
200	286	2
200	315	2
201	204	1
201	293	2
201	397	2
201	431	-2
202	387	2
202	394	-2
202	417	2
203	241	-2
203	308	-2
203	421	2
204	381	-2
204	397	2
204	443	2
205	309	-2
205	330	2
205	432	2
206	286	2
206	324	2
206	369	-2
207	270	-2
207	302	-2
207	390	2
208	252	2
208	363	-2
208	386	2
209	210	1
209	282	-2
209	345	2
209	393	2
210	226	-2
210	345	2
210	373	-2
211	213	1
211	217	1
211	279	-2
211	323	2
211	448	2
212	249	2
212	255	2
212	301	2
213	217	1
213	323	2
213	327	-2
213	331	2
214	218	1
214	277	2
214	304	2
214	348	2
215	217	1
215	296	-2
215	351	2
215	445	2
216	251	-2
216	319	-2
216	359	2
217	323	2
217	332	2
217	445	2
218	304	2
218	318	2
218	392	-2
219	300	2
219	404	-2
219	413	-2
220	371	-2
220	415	-2
220	446	-2
221	223	1
221	247	-2
221	265	2
221	329	2
222	223	1
222	238	-2
222	370	-2
222	428	2
223	274	-2
223	329	2
223	428	2
224	340	2
224	364	-2
224	403	-2
