1	1	-3
2	2	-1
3	3	-3
4	4	-1
5	5	-1
6	6	-3
7	7	3
8	8	-1
9	9	-3
10	10	-1
11	11	-3
12	12	-1
13	13	-1
14	14	-1
15	15	-1
16	16	3
17	17	1
18	18	1
19	19	-1
20	20	-1
21	21	-3
22	22	-1
23	23	-3
24	24	1
25	25	-1
26	26	-3
27	27	-1
28	28	-1
29	29	-1
30	30	1
31	31	1
32	32	-1
33	33	-3
34	34	-1
35	35	-3
36	36	-1
37	37	-1
38	38	-1
39	39	-1
40	40	-3
41	41	-1
42	42	1
43	43	3
44	44	-3
45	45	3
46	46	-1
47	47	1
48	48	-1
49	49	-2
50	50	2
51	51	-2
52	52	-2
53	53	2
54	54	-2
55	55	2
56	56	-2
57	57	2
58	58	-2
59	59	-2
60	60	2
61	61	2
62	62	2
63	63	-2
64	64	-2
65	65	2
66	66	-2
67	67	-2
68	68	-2
69	69	-2
70	70	2
71	71	-2
72	72	2
73	73	2
74	74	2
75	75	-2
76	76	-2
77	77	-2
78	78	-2
79	79	2
80	80	-2
81	81	2
82	82	2
83	83	-2
84	84	2
85	85	-2
86	86	-2
87	87	-2
88	88	2
89	89	-2
90	90	2
91	91	-2
92	92	2
93	93	2
94	94	-2
95	95	-2
96	96	2
1	10	1
1	13	1
1	14	1
1	21	1
1	35	1
1	46	1
1	63	2
1	83	2
1	85	2
2	15	1
2	23	1
2	27	1
2	37	2
2	39	1
2	49	-2
2	62	-2
2	77	2
3	4	1
3	21	1
3	33	1
3	36	1
3	37	1
3	41	1
3	68	2
3	78	2
3	91	2
4	6	1
4	16	1
4	21	1
4	22	1
4	31	1
4	52	-2
4	61	-2
4	78	2
5	6	1
5	9	1
5	10	1
5	16	1
5	35	1
5	39	1
5	64	2
5	73	-2
5	90	2
6	10	1
6	12	1
6	20	1
6	22	1
6	61	-2
6	64	2
6	70	-2
7	17	1
7	19	1
7	28	1
7	30	1
7	43	1
7	45	1
7	53	2
7	54	-2
7	95	-2
8	13	2
8	20	1
8	23	1
8	29	1
8	44	1
8	51	2
8	67	2
8	74	2
9	26	1
9	34	1
9	35	1
9	38	1
9	40	1
9	59	2
9	73	-2
9	82	-2
10	16	1
10	18	1
10	35	1
10	63	2
10	64	2
10	65	2
11	12	1
11	15	1
11	17	1
11	26	1
11	32	1
11	39	1
11	58	2
11	75	2
11	80	2
12	20	1
12	36	1
12	39	1
12	48	1
12	58	2
12	70	-2
12	76	-2
13	14	1
13	20	1
13	44	1
13	51	2
13	74	2
13	85	2
14	20	1
14	31	1
14	36	1
14	43	1
14	84	2
14	85	2
14	89	2
15	26	1
15	32	1
15	37	1
15	40	1
15	49	-2
15	80	2
15	92	-2
16	18	1
16	31	1
16	39	1
16	52	-2
16	65	2
16	90	2
17	32	1
17	34	1
17	42	1
17	45	1
17	66	-2
17	75	2
17	95	-2
18	24	1
18	25	1
18	34	1
18	38	1
18	65	2
18	69	-2
18	86	2
19	21	1
19	28	1
19	42	1
19	48	2
19	54	-2
19	55	-2
19	57	-2
20	36	1
20	70	-2
20	74	2
20	89	2
21	46	1
21	48	1
21	55	-2
21	78	2
21	83	2
22	26	1
22	27	1
22	28	1
22	42	1
22	50	2
22	56	2
22	61	-2
23	24	1
23	27	1
23	29	1
23	33	1
23	62	-2
23	67	2
23	71	2
24	25	1
24	30	1
24	33	1
24	38	1
24	69	-2
24	71	2
24	94	-2
25	31	1
25	33	1
25	44	1
25	46	1
25	69	-2
25	72	-2
25	93	-2
26	28	1
26	40	1
26	56	2
26	59	2
26	80	2
27	30	1
27	35	1
27	42	1
27	50	2
27	62	-2
27	96	-2
28	29	1
28	47	1
28	54	-2
28	56	2
28	79	-2
29	41	1
29	45	1
29	47	1
29	67	2
29	79	-2
29	88	2
30	35	1
30	38	1
30	43	1
30	53	2
30	94	-2
30	96	-2
31	33	1
31	43	1
31	52	-2
31	72	-2
31	84	2
32	40	1
32	46	1
32	47	1
32	60	2
32	75	2
32	92	-2
33	41	1
33	71	2
33	72	-2
33	91	2
34	38	2
34	42	1
34	66	-2
34	82	-2
34	86	2
35	63	2
35	73	-2
35	96	-2
36	37	1
36	48	1
36	68	2
36	76	-2
36	89	2
37	39	1
37	49	-2
37	68	2
37	77	2
38	82	-2
38	86	2
38	94	-2
39	58	2
39	77	2
39	90	2
40	41	1
40	44	1
40	59	2
40	87	2
40	92	-2
41	44	1
41	45	1
41	87	2
41	88	2
41	91	2
42	48	1
42	50	2
42	57	-2
42	66	-2
43	45	1
43	47	1
43	53	2
43	81	2
43	84	2
44	46	1
44	51	2
44	87	2
44	93	-2
45	47	1
45	81	2
45	88	2
45	95	-2
46	47	1
46	60	2
46	83	2
46	93	-2
47	60	2
47	79	-2
47	81	2
48	55	-2
48	57	-2
48	76	-2
