1	1	1
2	2	1
3	3	-3
4	4	1
5	5	1
6	6	1
7	7	-3
8	8	1
9	9	-1
10	10	1
11	11	-3
12	12	1
13	13	1
14	14	-1
15	15	1
16	16	1
17	17	3
18	18	1
19	19	1
20	20	-1
21	21	3
22	22	-1
23	23	3
24	24	1
25	25	3
26	26	-1
27	27	-1
28	28	3
29	29	1
30	30	1
31	31	-1
32	32	3
33	33	-2
34	34	-2
35	35	2
36	36	-2
37	37	2
38	38	2
39	39	-2
40	40	2
41	41	-2
42	42	2
43	43	2
44	44	-2
45	45	-2
46	46	2
47	47	2
48	48	-2
49	49	2
50	50	-2
51	51	2
52	52	2
53	53	2
54	54	2
55	55	-2
56	56	2
57	57	2
58	58	2
59	59	-2
60	60	-2
61	61	2
62	62	2
63	63	-2
64	64	2
1	6	1
1	9	1
1	11	1
1	18	1
1	23	1
1	27	1
1	38	-2
1	56	2
1	59	-2
2	4	1
2	13	1
2	15	1
2	16	1
2	28	1
2	29	1
2	34	-2
2	52	-2
2	55	-2
3	7	1
3	8	1
3	10	1
3	11	1
3	12	1
3	31	1
3	42	-2
3	61	-2
3	62	-2
4	13	1
4	24	2
4	31	1
4	32	1
4	34	-2
4	39	-2
4	41	2
5	12	1
5	14	1
5	15	1
5	16	1
5	25	1
5	29	1
5	47	2
5	49	-2
5	64	2
6	11	1
6	14	1
6	21	1
6	22	1
6	27	1
6	45	-2
6	57	-2
6	59	-2
7	9	1
7	10	1
7	19	1
7	26	1
7	30	1
7	42	-2
7	51	-2
7	60	2
8	12	2
8	17	1
8	19	1
8	32	1
8	33	-2
8	36	-2
8	62	-2
9	19	1
9	20	1
9	23	1
9	27	1
9	35	-2
9	56	2
9	60	2
10	18	1
10	26	1
10	28	1
10	30	1
10	42	-2
10	43	2
10	44	-2
11	18	1
11	22	1
11	31	1
11	38	-2
11	57	-2
11	61	-2
12	25	1
12	32	1
12	33	-2
12	62	-2
12	64	2
13	17	1
13	19	1
13	22	1
13	26	1
13	34	-2
13	37	2
13	48	2
14	15	1
14	20	1
14	21	1
14	27	1
14	45	-2
14	49	-2
14	53	-2
15	20	1
15	21	1
15	28	1
15	49	-2
15	55	-2
15	58	2
16	25	1
16	29	2
16	30	1
16	46	2
16	47	2
16	52	-2
17	18	1
17	19	2
17	23	1
17	36	-2
17	37	2
17	54	2
18	23	1
18	26	1
18	38	-2
18	43	2
18	54	2
19	36	-2
19	37	2
19	60	2
20	21	1
20	27	2
20	35	-2
20	53	-2
20	58	2
21	22	1
21	24	1
21	45	-2
21	50	-2
21	58	2
22	24	1
22	26	1
22	48	2
22	50	-2
22	57	-2
23	29	1
23	31	1
23	54	2
23	56	2
23	63	-2
24	31	1
24	32	1
24	39	-2
24	41	2
24	50	-2
25	28	1
25	30	1
25	32	1
25	40	2
25	46	2
25	64	2
26	30	1
26	43	2
26	48	2
26	51	-2
27	35	-2
27	53	-2
27	59	-2
28	30	1
28	32	1
28	40	2
28	44	-2
28	55	-2
29	31	1
29	47	2
29	52	-2
29	63	-2
30	44	-2
30	46	2
30	51	-2
31	41	2
31	61	-2
31	63	-2
32	33	-2
32	39	-2
32	40	2
