1	1	1
2	2	3
3	3	1
4	4	1
5	5	-3
6	6	-1
7	7	-1
8	8	1
9	9	1
10	10	-3
11	11	1
12	12	-3
13	13	3
14	14	1
15	15	1
16	16	1
17	17	-3
18	18	3
19	19	1
20	20	-1
21	21	1
22	22	1
23	23	-1
24	24	1
25	25	1
26	26	1
27	27	1
28	28	-3
29	29	1
30	30	-1
31	31	1
32	32	-1
33	33	-1
34	34	1
35	35	3
36	36	1
37	37	-1
38	38	-3
39	39	-1
40	40	3
41	41	1
42	42	3
43	43	3
44	44	-1
45	45	-1
46	46	1
47	47	-1
48	48	3
49	49	-1
50	50	1
51	51	1
52	52	1
53	53	1
54	54	1
55	55	-3
56	56	3
57	57	-3
58	58	-3
59	59	1
60	60	1
61	61	3
62	62	1
63	63	1
64	64	-1
65	65	1
66	66	1
67	67	-1
68	68	-1
69	69	3
70	70	-1
71	71	-1
72	72	-1
73	73	1
74	74	1
75	75	-1
76	76	-1
77	77	1
78	78	-1
79	79	-3
80	80	1
81	81	2
82	82	2
83	83	2
84	84	2
85	85	2
86	86	-2
87	87	-2
88	88	2
89	89	-2
90	90	2
91	91	2
92	92	2
93	93	-2
94	94	-2
95	95	-2
96	96	-2
97	97	-2
98	98	2
99	99	-2
100	100	2
101	101	-2
102	102	2
103	103	2
104	104	2
105	105	-2
106	106	2
107	107	2
108	108	2
109	109	-2
110	110	2
111	111	-2
112	112	-2
113	113	-2
114	114	-2
115	115	-2
116	116	-2
117	117	-2
118	118	-2
119	119	2
120	120	2
121	121	2
122	122	-2
123	123	2
124	124	-2
125	125	2
126	126	2
127	127	-2
128	128	2
129	129	2
130	130	2
131	131	2
132	132	2
133	133	-2
134	134	2
135	135	-2
136	136	-2
137	137	2
138	138	-2
139	139	2
140	140	-2
141	141	2
142	142	-2
143	143	2
144	144	2
145	145	2
146	146	2
147	147	-2
148	148	-2
149	149	2
150	150	2
151	151	2
152	152	-2
153	153	-2
154	154	-2
155	155	-2
156	156	-2
157	157	-2
158	158	-2
159	159	-2
160	160	-2
1	24	1
1	25	1
1	39	1
1	41	1
1	42	1
1	76	1
1	100	-2
1	108	2
1	109	-2
2	7	1
2	13	1
2	16	1
2	22	1
2	27	1
2	71	1
2	91	2
2	124	-2
2	131	2
3	18	2
3	29	1
3	45	1
3	68	1
3	72	1
3	111	2
3	121	2
3	140	-2
4	13	1
4	40	1
4	53	1
4	56	1
4	65	1
4	67	1
4	112	2
4	122	-2
4	126	2
5	17	1
5	20	1
5	21	1
5	32	1
5	51	1
5	78	1
5	99	2
5	119	-2
5	149	-2
6	11	1
6	19	1
6	44	1
6	57	1
6	70	1
6	75	1
6	101	2
6	116	2
6	138	-2
7	13	1
7	31	1
7	41	1
7	47	1
7	72	1
7	129	-2
7	131	2
7	151	-2
8	17	1
8	35	1
8	51	1
8	69	1
8	70	1
8	76	1
8	82	-2
8	115	-2
8	136	-2
9	22	1
9	24	1
9	27	1
9	31	1
9	32	1
9	58	1
9	86	2
9	125	2
9	143	2
10	34	1
10	44	1
10	46	1
10	63	1
10	70	1
10	77	1
10	83	-2
10	132	-2
10	154	2
11	23	1
11	37	1
11	48	1
11	63	1
11	70	1
11	101	2
11	141	2
11	160	-2
12	17	1
12	27	1
12	50	1
12	60	1
12	71	1
12	79	1
12	118	2
12	123	-2
12	148	2
13	40	1
13	48	1
13	72	1
13	81	2
13	122	-2
13	131	2
14	15	1
14	21	1
14	28	1
14	30	1
14	40	1
14	46	1
14	93	-2
14	94	2
14	107	2
15	21	1
15	28	1
15	60	1
15	63	1
15	67	1
15	96	-2
15	105	2
15	107	2
16	27	1
16	28	1
16	36	1
16	53	1
16	73	1
16	102	-2
16	124	-2
16	156	-2
17	20	1
17	71	1
17	76	1
17	82	-2
17	148	2
17	149	-2
18	29	1
18	45	1
18	61	1
18	78	1
18	121	2
18	130	2
18	140	-2
19	30	1
19	44	1
19	49	1
19	58	1
19	69	1
19	87	-2
19	138	-2
19	158	2
20	35	1
20	52	2
20	64	1
20	106	-2
20	149	-2
20	150	2
21	29	1
21	43	1
21	78	1
21	99	2
21	107	2
21	159	-2
22	33	1
22	48	1
22	58	1
22	71	1
22	86	2
22	91	2
22	103	2
23	37	1
23	57	1
23	59	1
23	78	1
23	80	1
23	134	-2
23	139	-2
23	141	2
24	27	1
24	30	1
24	39	1
24	43	1
24	100	-2
24	143	2
24	144	2
25	37	1
25	42	1
25	53	1
25	69	1
25	71	1
25	98	-2
25	108	2
25	137	2
26	47	1
26	49	1
26	54	1
26	55	1
26	59	1
26	65	1
26	110	2
26	152	2
26	157	-2
27	60	1
27	123	-2
27	124	-2
27	143	2
28	30	1
28	67	1
28	73	1
28	94	2
28	102	-2
28	105	2
29	43	1
29	55	1
29	58	1
29	113	2
29	140	-2
29	159	-2
30	43	1
30	58	1
30	94	2
30	144	2
30	158	2
31	32	1
31	39	1
31	52	1
31	72	1
31	125	2
31	129	-2
31	145	2
32	49	1
32	51	1
32	79	1
32	119	-2
32	125	2
32	128	-2
33	38	1
33	48	1
33	54	1
33	68	1
33	76	1
33	89	2
33	103	2
33	155	2
34	42	1
34	44	1
34	56	1
34	60	1
34	77	1
34	83	-2
34	90	2
34	133	-2
35	51	1
35	52	1
35	66	1
35	74	1
35	115	-2
35	146	2
35	150	2
36	37	1
36	38	1
36	43	1
36	53	1
36	59	1
36	84	2
36	97	2
36	156	-2
37	38	1
37	71	1
37	97	2
37	98	-2
37	141	2
38	66	1
38	68	1
38	75	1
38	89	2
38	97	2
38	147	2
39	47	1
39	52	1
39	57	1
39	100	-2
39	117	2
39	145	2
40	46	1
40	74	1
40	75	1
40	93	-2
40	122	-2
40	142	-2
41	47	1
41	62	1
41	76	1
41	77	1
41	109	-2
41	135	-2
41	151	-2
42	56	1
42	60	1
42	67	1
42	90	2
42	104	2
42	108	2
43	59	1
43	84	2
43	144	2
43	159	-2
44	55	1
44	64	1
44	83	-2
44	88	-2
44	138	-2
45	62	1
45	65	1
45	74	1
45	79	1
45	95	2
45	121	2
45	127	2
46	61	1
46	63	1
46	66	1
46	93	-2
46	153	-2
46	154	2
47	57	1
47	59	1
47	117	2
47	151	-2
47	157	-2
48	63	1
48	72	1
48	81	2
48	103	2
48	160	-2
49	55	1
49	69	1
49	79	1
49	87	-2
49	128	-2
49	152	2
50	54	1
50	64	1
50	73	2
50	79	1
50	92	2
50	114	-2
50	118	2
51	68	1
51	80	1
51	115	-2
51	119	-2
51	120	2
52	64	1
52	106	-2
52	145	2
52	150	2
53	67	1
53	69	1
53	112	2
53	137	2
53	156	-2
54	65	1
54	73	1
54	76	1
54	92	2
54	110	2
54	155	2
55	58	1
55	64	1
55	88	-2
55	113	2
55	152	2
56	65	1
56	67	1
56	77	1
56	104	2
56	126	2
56	133	-2
57	59	1
57	75	1
57	116	2
57	117	2
57	134	-2
58	86	2
58	113	2
58	158	2
59	84	2
59	134	-2
59	157	-2
60	63	1
60	90	2
60	96	-2
60	123	-2
61	62	1
61	66	1
61	78	1
61	80	1
61	85	2
61	130	2
61	153	-2
62	74	1
62	77	1
62	80	1
62	85	2
62	127	2
62	135	-2
63	96	-2
63	154	2
63	160	-2
64	73	1
64	88	-2
64	106	-2
64	114	-2
65	79	1
65	95	2
65	110	2
65	126	2
66	74	1
66	75	1
66	146	2
66	147	2
66	153	-2
67	104	2
67	105	2
67	112	2
68	72	1
68	80	1
68	89	2
68	111	2
68	120	2
69	70	1
69	87	-2
69	136	-2
69	137	2
70	77	1
70	101	2
70	132	-2
70	136	-2
71	91	2
71	98	-2
71	148	2
72	81	2
72	111	2
72	129	-2
73	92	2
73	102	-2
73	114	-2
74	75	1
74	127	2
74	142	-2
74	146	2
75	116	2
75	142	-2
75	147	2
76	82	-2
76	109	-2
76	155	2
77	132	-2
77	133	-2
77	135	-2
78	80	1
78	99	2
78	130	2
78	139	-2
79	95	2
79	118	2
79	128	-2
80	85	2
80	120	2
80	139	-2
