1	1	1
2	2	1
3	3	-1
4	4	1
5	5	-1
6	6	3
7	7	1
8	8	1
9	9	-1
10	10	1
11	11	1
12	12	1
13	13	1
14	14	1
15	15	3
16	16	-1
17	17	-3
18	18	-1
19	19	1
20	20	-1
21	21	1
22	22	-3
23	23	1
24	24	3
25	25	-1
26	26	1
27	27	3
28	28	-1
29	29	1
30	30	1
31	31	1
32	32	-3
33	33	3
34	34	-1
35	35	1
36	36	-1
37	37	-1
38	38	-1
39	39	-1
40	40	1
41	41	-1
42	42	3
43	43	1
44	44	3
45	45	-3
46	46	-3
47	47	-1
48	48	1
49	49	-1
50	50	-3
51	51	1
52	52	-3
53	53	-3
54	54	-3
55	55	1
56	56	-1
57	57	3
58	58	-1
59	59	-1
60	60	-1
61	61	1
62	62	3
63	63	-1
64	64	3
65	65	1
66	66	-1
67	67	-1
68	68	3
69	69	-3
70	70	-1
71	71	-3
72	72	-3
73	73	-1
74	74	1
75	75	-1
76	76	-1
77	77	1
78	78	3
79	79	1
80	80	-1
81	81	-1
82	82	-1
83	83	3
84	84	-1
85	85	1
86	86	1
87	87	-1
88	88	1
89	89	1
90	90	-3
91	91	-1
92	92	3
93	93	-3
94	94	-1
95	95	3
96	96	3
97	97	1
98	98	-3
99	99	1
100	100	-1
101	101	1
102	102	-3
103	103	1
104	104	-1
105	105	1
106	106	1
107	107	1
108	108	1
109	109	1
110	110	-1
111	111	1
112	112	-1
113	113	1
114	114	-3
115	115	1
116	116	1
117	117	-1
118	118	-1
119	119	1
120	120	-1
121	121	1
122	122	1
123	123	-1
124	124	-1
125	125	-3
126	126	3
127	127	3
128	128	1
129	129	1
130	130	-3
131	131	1
132	132	-3
133	133	1
134	134	1
135	135	1
136	136	-1
137	137	3
138	138	-1
139	139	3
140	140	-3
141	141	-1
142	142	-1
143	143	-3
144	144	3
145	145	1
146	146	-1
147	147	-1
148	148	-1
149	149	-1
150	150	1
151	151	1
152	152	-1
153	153	1
154	154	1
155	155	-1
156	156	-3
157	157	-1
158	158	1
159	159	1
160	160	-3
161	161	-1
162	162	1
163	163	3
164	164	-3
165	165	-1
166	166	-3
167	167	1
168	168	-1
169	169	-3
170	170	1
171	171	3
172	172	-1
173	173	3
174	174	1
175	175	1
176	176	-1
177	177	1
178	178	1
179	179	1
180	180	1
181	181	-1
182	182	-1
183	183	-1
184	184	1
185	185	-1
186	186	-1
187	187	1
188	188	1
189	189	1
190	190	3
191	191	3
192	192	-1
193	193	1
194	194	-3
195	195	1
196	196	1
197	197	-1
198	198	-1
199	199	-1
200	200	3
201	201	-1
202	202	-1
203	203	-1
204	204	3
205	205	-1
206	206	-1
207	207	1
208	208	1
209	209	3
210	210	-1
211	211	-1
212	212	3
213	213	1
214	214	1
215	215	-1
216	216	-1
217	217	1
218	218	-1
219	219	3
220	220	1
221	221	1
222	222	1
223	223	-3
224	224	1
225	225	1
226	226	3
227	227	-3
228	228	1
229	229	3
230	230	-1
231	231	-3
232	232	-1
233	233	3
234	234	1
235	235	3
236	236	-3
237	237	-3
238	238	1
239	239	-1
240	240	-1
241	241	1
242	242	-1
243	243	-1
244	244	-1
245	245	-1
246	246	3
247	247	1
248	248	-1
249	249	3
250	250	3
251	251	-1
252	252	1
253	253	-1
254	254	1
255	255	3
256	256	1
257	257	-2
258	258	2
259	259	-2
260	260	2
261	261	-2
262	262	-2
263	263	2
264	264	-2
265	265	2
266	266	-2
267	267	-2
268	268	-2
269	269	2
270	270	-2
271	271	2
272	272	2
273	273	-2
274	274	-2
275	275	-2
276	276	2
277	277	2
278	278	2
279	279	-2
280	280	2
281	281	2
282	282	2
283	283	-2
284	284	-2
285	285	-2
286	286	2
287	287	2
288	288	2
289	289	-2
290	290	2
291	291	2
292	292	2
293	293	-2
294	294	-2
295	295	-2
296	296	-2
297	297	-2
298	298	-2
299	299	-2
300	300	2
301	301	2
302	302	-2
303	303	-2
304	304	2
305	305	-2
306	306	-2
307	307	-2
308	308	2
309	309	2
310	310	-2
311	311	-2
312	312	2
313	313	2
314	314	-2
315	315	2
316	316	-2
317	317	-2
318	318	-2
319	319	2
320	320	2
321	321	2
322	322	2
323	323	2
324	324	-2
325	325	-2
326	326	2
327	327	-2
328	328	2
329	329	2
330	330	-2
331	331	2
332	332	-2
333	333	-2
334	334	-2
335	335	-2
336	336	-2
337	337	2
338	338	-2
339	339	2
340	340	2
341	341	-2
342	342	-2
343	343	-2
344	344	2
345	345	-2
346	346	2
347	347	2
348	348	-2
349	349	2
350	350	2
351	351	2
352	352	2
353	353	-2
354	354	2
355	355	2
356	356	-2
357	357	-2
358	358	2
359	359	-2
360	360	2
361	361	2
362	362	-2
363	363	-2
364	364	2
365	365	2
366	366	-2
367	367	-2
368	368	2
369	369	2
370	370	2
371	371	2
372	372	-2
373	373	-2
374	374	2
375	375	-2
376	376	2
377	377	2
378	378	-2
379	379	-2
380	380	-2
381	381	-2
382	382	2
383	383	2
384	384	2
385	385	2
386	386	-2
387	387	2
388	388	2
389	389	-2
390	390	2
391	391	-2
392	392	-2
393	393	-2
394	394	-2
395	395	2
396	396	-2
397	397	2
398	398	2
399	399	-2
400	400	2
401	401	2
402	402	2
403	403	-2
404	404	-2
405	405	2
406	406	2
407	407	-2
408	408	2
409	409	-2
410	410	-2
411	411	-2
412	412	-2
413	413	2
414	414	-2
415	415	2
416	416	-2
417	417	2
418	418	2
419	419	2
420	420	-2
421	421	2
422	422	2
423	423	2
424	424	2
425	425	-2
426	426	2
427	427	2
428	428	-2
429	429	-2
430	430	-2
431	431	-2
432	432	-2
433	433	-2
434	434	-2
435	435	2
436	436	2
437	437	-2
438	438	2
439	439	2
440	440	-2
441	441	-2
442	442	-2
443	443	2
444	444	2
445	445	-2
446	446	-2
447	447	2
448	448	2
449	449	2
450	450	-2
451	451	-2
452	452	-2
453	453	2
454	454	-2
455	455	2
456	456	-2
457	457	-2
458	458	-2
459	459	2
460	460	2
461	461	-2
462	462	2
463	463	2
464	464	2
465	465	2
466	466	-2
467	467	2
468	468	2
469	469	2
470	470	-2
471	471	-2
472	472	-2
473	473	-2
474	474	-2
475	475	2
476	476	-2
477	477	2
478	478	-2
479	479	2
480	480	-2
481	481	-2
482	482	-2
483	483	-2
484	484	2
485	485	2
486	486	-2
487	487	2
488	488	-2
489	489	-2
490	490	-2
491	491	2
492	492	2
493	493	2
494	494	2
495	495	-2
496	496	-2
497	497	-2
498	498	2
499	499	2
500	500	-2
501	501	2
502	502	-2
503	503	2
504	504	2
505	505	2
506	506	2
507	507	-2
508	508	-2
509	509	2
510	510	2
511	511	-2
512	512	-2
1	8	1
1	46	1
1	66	1
1	76	1
1	92	1
1	145	1
1	261	-2
1	417	2
1	448	-2
2	7	1
2	121	1
2	142	1
2	217	1
2	224	1
2	228	1
2	264	-2
2	286	2
2	354	-2
3	48	1
3	65	1
3	74	1
3	104	1
3	127	1
3	145	1
3	277	2
3	295	2
3	347	-2
4	89	1
4	113	1
4	135	1
4	197	1
4	214	1
4	219	1
4	455	2
4	468	-2
4	507	-2
5	9	1
5	57	1
5	91	1
5	116	1
5	120	1
5	198	1
5	268	2
5	274	2
5	380	-2
6	19	1
6	44	1
6	126	1
6	134	1
6	191	1
6	225	1
6	301	2
6	318	-2
6	458	-2
7	15	1
7	55	1
7	121	1
7	227	1
7	237	1
7	286	2
7	304	-2
7	441	-2
8	83	1
8	140	1
8	145	1
8	188	1
8	255	1
8	331	2
8	417	2
8	462	-2
9	94	1
9	105	1
9	120	1
9	139	1
9	240	1
9	268	2
9	289	2
9	317	-2
10	62	1
10	81	1
10	113	1
10	163	1
10	235	1
10	237	1
10	294	-2
10	377	-2
10	424	2
11	56	1
11	107	1
11	108	1
11	129	1
11	166	1
11	175	1
11	319	2
11	496	-2
11	510	-2
12	90	1
12	104	1
12	118	1
12	173	1
12	179	1
12	180	1
12	302	-2
12	452	-2
12	456	2
13	40	1
13	59	1
13	81	1
13	115	1
13	153	1
13	230	1
13	369	-2
13	396	-2
13	402	2
14	31	1
14	103	1
14	114	1
14	163	1
14	167	1
14	222	1
14	288	2
14	333	2
14	358	2
15	55	1
15	161	1
15	175	1
15	198	1
15	247	1
15	296	-2
15	441	-2
15	450	-2
16	52	1
16	100	1
16	128	1
16	202	1
16	239	1
16	247	1
16	284	2
16	310	2
16	405	2
17	59	1
17	143	1
17	164	1
17	231	1
17	245	1
17	253	1
17	311	2
17	313	-2
17	491	-2
18	47	1
18	78	1
18	161	1
18	229	1
18	248	1
18	253	1
18	445	2
18	472	-2
18	485	-2
19	35	1
19	71	1
19	118	1
19	126	1
19	176	1
19	303	-2
19	318	-2
19	431	2
20	63	1
20	147	1
20	169	1
20	185	1
20	187	1
20	253	1
20	422	-2
20	433	2
20	467	2
21	49	1
21	64	1
21	125	1
21	133	1
21	149	1
21	193	1
21	391	2
21	469	2
21	486	-2
22	56	1
22	60	1
22	76	1
22	156	1
22	181	1
22	236	1
22	260	-2
22	364	-2
22	407	2
23	75	1
23	127	1
23	138	1
23	171	1
23	183	1
23	240	1
23	281	2
23	320	2
23	326	-2
24	39	1
24	88	1
24	117	1
24	137	1
24	170	1
24	220	1
24	272	2
24	374	2
24	449	2
25	50	1
25	82	1
25	111	1
25	180	1
25	192	1
25	211	1
25	287	-2
25	340	-2
25	506	2
26	29	1
26	40	1
26	79	1
26	95	1
26	181	1
26	183	1
26	387	-2
26	400	2
26	465	2
27	37	1
27	65	1
27	96	1
27	131	1
27	137	1
27	209	1
27	362	-2
27	479	2
27	508	-2
28	36	1
28	63	1
28	72	1
28	129	1
28	186	1
28	221	1
28	345	2
28	371	2
28	499	-2
29	70	1
29	79	1
29	183	1
29	190	1
29	245	1
29	334	-2
29	387	-2
29	504	2
30	53	1
30	74	1
30	96	1
30	169	1
30	197	1
30	207	1
30	262	2
30	321	2
30	382	2
31	54	1
31	137	1
31	177	1
31	205	1
31	222	1
31	288	2
31	412	2
31	512	-2
32	45	1
32	58	1
32	73	1
32	111	1
32	151	1
32	231	1
32	309	-2
32	361	-2
32	406	-2
33	42	1
33	43	1
33	109	1
33	199	1
33	224	1
33	248	1
33	330	-2
33	386	-2
33	487	2
34	38	1
34	78	1
34	156	1
34	226	1
34	230	1
34	245	1
34	269	-2
34	446	2
34	476	-2
35	80	1
35	116	1
35	118	1
35	152	1
35	195	1
35	291	2
35	303	-2
35	501	-2
36	57	1
36	72	1
36	125	1
36	132	1
36	189	1
36	345	2
36	457	-2
36	471	2
37	51	1
37	65	1
37	154	1
37	214	1
37	232	1
37	403	2
37	479	2
37	497	2
38	86	1
38	155	1
38	156	1
38	186	1
38	222	1
38	397	-2
38	446	2
38	477	2
39	102	1
39	117	1
39	150	1
39	210	1
39	218	1
39	266	2
39	374	2
39	437	2
40	153	1
40	169	1
40	181	1
40	220	1
40	348	2
40	396	-2
40	400	2
41	43	1
41	84	1
41	114	1
41	201	2
41	213	1
41	338	2
41	351	2
41	375	2
42	64	1
42	78	1
42	178	1
42	188	1
42	199	1
42	335	-2
42	487	2
42	494	2
43	201	1
43	212	1
43	235	1
43	248	1
43	290	2
43	330	-2
43	338	2
44	64	1
44	100	1
44	126	1
44	191	1
44	206	1
44	301	2
44	325	-2
44	438	2
45	77	1
45	101	1
45	135	1
45	149	1
45	151	1
45	265	-2
45	298	2
45	309	-2
46	53	1
46	66	1
46	130	1
46	155	1
46	203	1
46	368	-2
46	448	-2
46	489	2
47	87	1
47	106	1
47	139	1
47	161	1
47	174	1
47	275	-2
47	393	2
47	485	-2
48	57	1
48	109	1
48	145	1
48	151	1
48	162	1
48	295	2
48	307	-2
48	398	2
49	120	1
49	131	1
49	141	1
49	193	1
49	197	1
49	297	2
49	385	-2
49	486	-2
50	146	1
50	164	1
50	198	1
50	211	1
50	242	1
50	271	-2
50	340	-2
50	390	-2
51	115	1
51	138	1
51	162	1
51	195	1
51	232	1
51	403	2
51	415	2
51	505	2
52	69	1
52	75	1
52	100	1
52	104	1
52	160	1
52	310	2
52	444	-2
52	473	2
53	130	1
53	136	1
53	156	1
53	169	1
53	262	2
53	480	2
53	489	2
54	76	1
54	165	1
54	178	1
54	201	1
54	205	1
54	316	2
54	412	2
54	430	2
55	161	1
55	205	1
55	211	1
55	249	1
55	337	-2
55	404	-2
55	441	-2
56	76	1
56	108	1
56	130	1
56	252	1
56	273	2
56	319	2
56	407	2
57	116	1
57	151	1
57	189	1
57	307	-2
57	380	-2
57	457	-2
58	96	1
58	164	1
58	176	1
58	231	1
58	236	1
58	329	2
58	361	-2
58	464	-2
59	72	1
59	87	1
59	115	1
59	231	1
59	313	-2
59	402	2
59	461	2
60	109	1
60	148	1
60	171	1
60	181	1
60	218	1
60	260	-2
60	389	2
60	509	2
61	150	1
61	199	1
61	203	1
61	243	1
61	249	1
61	256	1
61	344	2
61	442	-2
61	484	-2
62	81	1
62	97	1
62	208	1
62	209	1
62	235	1
62	278	2
62	294	-2
62	323	2
63	182	1
63	186	1
63	248	1
63	253	1
63	394	2
63	467	2
63	499	-2
64	78	1
64	100	1
64	133	1
64	438	2
64	469	2
64	494	2
65	97	1
65	104	1
65	196	1
65	347	-2
65	366	-2
65	479	2
66	89	1
66	122	1
66	144	1
66	217	1
66	419	2
66	448	-2
66	451	2
67	73	1
67	85	1
67	94	1
67	121	1
67	166	1
67	193	1
67	292	2
67	339	-2
67	411	2
68	110	1
68	177	1
68	187	1
68	229	1
68	230	1
68	255	1
68	418	2
68	481	-2
68	492	2
69	94	1
69	104	1
69	133	1
69	176	1
69	242	1
69	363	2
69	383	-2
69	444	-2
70	72	1
70	79	1
70	112	1
70	168	1
70	237	1
70	334	-2
70	399	2
70	435	-2
71	98	1
71	102	1
71	106	1
71	176	1
71	185	1
71	283	2
71	341	2
71	431	2
72	87	1
72	168	1
72	345	2
72	399	2
72	461	2
73	85	1
73	111	1
73	112	1
73	202	1
73	292	2
73	406	-2
73	421	-2
74	127	1
74	194	1
74	197	1
74	240	1
74	277	2
74	382	2
74	482	2
75	138	1
75	158	1
75	160	1
75	216	1
75	326	-2
75	429	-2
75	473	2
76	92	1
76	178	1
76	261	-2
76	407	2
76	430	2
77	83	1
77	92	1
77	101	1
77	135	1
77	251	1
77	285	-2
77	298	2
77	312	2
78	226	1
78	229	1
78	472	-2
78	476	-2
78	494	2
79	95	1
79	153	1
79	181	1
79	334	-2
79	434	2
79	465	2
80	182	1
80	195	1
80	215	2
80	244	1
80	291	2
80	352	-2
80	355	-2
81	209	1
81	230	1
81	237	1
81	323	2
81	369	-2
81	377	-2
82	90	1
82	91	1
82	111	1
82	146	1
82	227	1
82	357	2
82	463	-2
82	506	2
83	101	1
83	152	1
83	200	1
83	255	1
83	285	-2
83	331	2
83	367	-2
84	86	1
84	114	1
84	151	1
84	227	1
84	234	1
84	370	-2
84	375	2
84	495	-2
85	93	1
85	108	1
85	187	1
85	206	1
85	292	2
85	360	-2
85	460	2
86	131	1
86	151	1
86	155	1
86	250	1
86	373	-2
86	397	-2
86	495	-2
87	95	1
87	174	1
87	182	1
87	376	2
87	393	2
87	461	2
88	99	1
88	123	1
88	124	1
88	137	1
88	223	1
88	300	2
88	449	2
88	478	2
89	122	1
89	133	1
89	214	1
89	256	1
89	451	2
89	455	2
89	459	2
90	102	1
90	118	1
90	146	1
90	179	1
90	395	-2
90	456	2
90	463	-2
91	126	1
91	198	1
91	207	1
91	227	1
91	274	2
91	357	2
91	365	2
92	105	1
92	106	1
92	251	1
92	261	-2
92	312	2
92	381	-2
93	128	1
93	142	1
93	183	1
93	199	1
93	206	1
93	342	2
93	360	-2
93	470	2
94	139	1
94	166	1
94	242	1
94	317	-2
94	339	-2
94	363	2
95	127	1
95	182	1
95	246	1
95	376	2
95	427	2
95	465	2
96	137	1
96	176	1
96	207	1
96	321	2
96	329	2
96	362	-2
97	123	1
97	138	1
97	196	1
97	208	1
97	278	2
97	366	-2
97	502	2
98	143	1
98	185	1
98	196	1
98	213	1
98	216	1
98	258	-2
98	341	2
98	428	2
99	124	1
99	158	1
99	196	1
99	238	1
99	252	1
99	299	-2
99	300	2
99	314	2
100	159	1
100	194	1
100	310	2
100	438	2
100	500	2
101	116	1
101	149	1
101	171	1
101	265	-2
101	285	-2
101	378	-2
102	106	1
102	179	1
102	210	1
102	266	2
102	283	2
102	395	-2
103	114	1
103	159	1
103	200	1
103	233	1
103	243	1
103	308	2
103	333	2
103	511	-2
104	173	1
104	347	-2
104	444	-2
104	452	-2
105	106	1
105	170	1
105	240	1
105	250	1
105	276	2
105	289	2
105	381	-2
106	139	1
106	275	-2
106	283	2
106	381	-2
107	160	1
107	175	1
107	207	1
107	226	1
107	250	1
107	420	2
107	483	-2
107	496	-2
108	119	1
108	147	1
108	187	1
108	267	2
108	319	2
108	460	2
109	148	1
109	162	1
109	224	1
109	386	-2
109	389	2
109	398	2
110	141	1
110	167	1
110	177	2
110	231	1
110	322	-2
110	492	2
110	493	-2
111	154	1
111	249	1
111	406	-2
111	454	-2
111	506	2
112	136	1
112	202	1
112	209	1
112	237	1
112	372	-2
112	421	-2
112	435	-2
113	163	1
113	192	1
113	197	1
113	239	1
113	346	2
113	424	2
113	468	-2
114	165	1
114	232	1
114	333	2
114	375	2
114	475	-2
115	138	1
115	157	1
115	202	1
115	332	2
115	402	2
115	505	2
116	152	1
116	171	1
116	378	-2
116	380	-2
116	501	-2
117	134	1
117	136	1
117	162	1
117	225	1
117	280	-2
117	324	2
117	374	2
118	189	1
118	223	1
118	279	2
118	303	-2
118	456	2
119	147	1
119	153	1
119	211	1
119	214	1
119	238	1
119	267	2
119	488	-2
119	503	2
120	131	1
120	173	1
120	204	1
120	268	2
120	353	-2
120	385	-2
121	145	1
121	193	1
121	212	1
121	282	2
121	286	2
121	411	2
122	134	1
122	139	1
122	167	1
122	246	1
122	447	2
122	451	2
122	466	-2
123	138	1
123	157	1
123	190	1
123	223	1
123	478	2
123	498	2
123	502	2
124	132	1
124	157	1
124	228	1
124	254	1
124	300	2
124	356	2
124	490	2
125	132	1
125	143	1
125	149	1
125	221	1
125	391	2
125	401	-2
125	471	2
126	206	1
126	207	1
126	318	-2
126	325	-2
126	365	2
127	171	1
127	246	1
127	277	2
127	281	2
127	427	2
128	142	1
128	154	1
128	202	1
128	244	1
128	263	2
128	405	2
128	470	2
129	166	1
129	193	1
129	221	1
129	242	1
129	259	-2
129	371	2
129	510	-2
130	170	1
130	224	1
130	252	1
130	273	2
130	336	2
130	489	2
131	209	1
131	250	1
131	373	-2
131	385	-2
131	508	-2
132	148	1
132	195	1
132	254	1
132	293	2
132	471	2
132	490	2
133	176	1
133	256	1
133	383	-2
133	459	2
133	469	2
134	136	1
134	139	1
134	225	1
134	324	2
134	447	2
134	458	-2
135	184	1
135	204	1
135	219	1
135	298	2
135	392	-2
135	507	-2
136	156	1
136	209	1
136	324	2
136	372	-2
136	480	2
137	177	1
137	362	-2
137	449	2
137	512	-2
138	326	-2
138	502	2
138	505	2
139	275	-2
139	317	-2
139	447	2
140	188	1
140	192	1
140	203	1
140	216	1
140	243	1
140	270	2
140	328	-2
140	462	-2
141	150	1
141	158	1
141	167	1
141	197	1
141	297	2
141	409	-2
141	493	-2
142	146	1
142	155	1
142	217	1
142	354	-2
142	425	-2
142	470	2
143	164	1
143	216	1
143	221	1
143	401	-2
143	428	2
143	491	-2
144	178	1
144	188	1
144	200	1
144	213	1
144	217	1
144	414	-2
144	419	2
144	453	2
145	212	1
145	282	2
145	295	2
145	417	2
146	155	1
146	242	1
146	271	-2
146	425	-2
146	463	-2
147	163	1
147	185	1
147	241	1
147	267	2
147	433	2
147	443	2
148	195	1
148	252	1
148	255	1
148	293	2
148	389	2
148	423	2
149	168	1
149	220	1
149	265	-2
149	391	2
149	416	-2
150	158	1
150	203	1
150	218	1
150	409	-2
150	437	2
150	442	-2
151	307	-2
151	309	-2
151	495	-2
152	194	1
152	200	1
152	244	1
152	327	2
152	367	-2
152	501	-2
153	181	1
153	214	1
153	396	-2
153	434	2
153	503	2
154	214	1
154	244	1
154	249	1
154	263	2
154	454	-2
154	497	2
155	203	1
155	368	-2
155	397	-2
155	425	-2
156	236	1
156	364	-2
156	446	2
156	480	2
157	190	1
157	202	1
157	228	1
157	332	2
157	356	2
157	498	2
158	216	1
158	238	1
158	314	2
158	409	-2
158	429	-2
159	191	1
159	194	1
159	200	1
159	221	1
159	384	2
159	500	2
159	511	-2
160	207	1
160	218	1
160	241	1
160	420	2
160	432	2
160	473	2
161	211	1
161	247	1
161	296	-2
161	337	-2
161	485	-2
162	195	1
162	225	1
162	280	-2
162	398	2
162	415	2
163	167	1
163	241	1
163	358	2
163	424	2
163	443	2
164	198	1
164	236	1
164	390	-2
164	464	-2
164	491	-2
165	201	1
165	204	1
165	232	1
165	246	1
165	316	2
165	379	-2
165	475	-2
166	206	1
166	251	1
166	339	-2
166	474	2
166	510	-2
167	246	1
167	358	2
167	466	-2
167	493	-2
168	172	1
168	220	1
168	239	1
168	399	2
168	416	-2
168	436	-2
169	187	1
169	220	1
169	262	2
169	348	2
169	422	-2
170	220	1
170	224	1
170	250	1
170	272	2
170	276	2
170	336	2
171	218	1
171	281	2
171	378	-2
171	509	2
172	174	1
172	191	1
172	210	1
172	239	1
172	251	1
172	343	-2
172	413	-2
172	436	-2
173	180	1
173	204	1
173	226	1
173	257	-2
173	353	-2
173	452	-2
174	191	1
174	233	1
174	247	1
174	343	-2
174	359	-2
174	393	2
175	198	1
175	205	1
175	208	1
175	439	-2
175	450	-2
175	496	-2
176	329	2
176	383	-2
176	431	2
177	231	1
177	322	-2
177	492	2
177	512	-2
178	188	2
178	335	-2
178	430	2
178	453	2
179	180	1
179	208	1
179	232	1
179	302	-2
179	395	-2
179	440	-2
180	192	1
180	226	1
180	257	-2
180	287	-2
180	302	-2
181	260	-2
181	400	2
181	434	2
182	215	1
182	248	1
182	355	-2
182	376	2
182	394	2
183	199	1
183	240	1
183	320	2
183	342	2
183	387	-2
184	186	1
184	204	1
184	225	1
184	236	1
184	241	1
184	315	-2
184	392	-2
184	426	2
185	189	1
185	219	1
185	341	2
185	349	2
185	433	2
186	222	1
186	236	1
186	315	-2
186	477	2
186	499	-2
187	255	1
187	422	-2
187	460	2
187	481	-2
188	335	-2
188	453	2
188	462	-2
189	219	1
189	223	1
189	279	2
189	349	2
189	457	-2
190	210	1
190	235	1
190	245	1
190	350	2
190	498	2
190	504	2
191	221	1
191	301	2
191	343	-2
191	384	2
192	216	1
192	239	1
192	287	-2
192	328	-2
192	346	2
193	242	1
193	259	-2
193	411	2
193	486	-2
194	240	1
194	244	1
194	327	2
194	482	2
194	500	2
195	291	2
195	293	2
195	415	2
196	213	1
196	252	1
196	258	-2
196	299	-2
196	366	-2
197	297	2
197	382	2
197	468	-2
198	274	2
198	390	-2
198	450	-2
199	243	1
199	342	2
199	484	-2
199	487	2
200	213	1
200	367	-2
200	414	-2
200	511	-2
201	213	1
201	316	2
201	338	2
201	351	2
202	332	2
202	405	2
202	421	-2
203	243	1
203	270	2
203	368	-2
203	442	-2
204	246	1
204	353	-2
204	379	-2
204	392	-2
205	208	1
205	249	1
205	404	-2
205	412	2
205	439	-2
206	251	1
206	325	-2
206	360	-2
206	474	2
207	321	2
207	365	2
207	420	2
208	232	1
208	278	2
208	439	-2
208	440	-2
209	323	2
209	372	-2
209	508	-2
210	235	1
210	251	1
210	266	2
210	350	2
210	413	-2
211	238	1
211	337	-2
211	340	-2
211	488	-2
212	233	1
212	235	1
212	238	1
212	282	2
212	290	2
212	306	-2
213	258	-2
213	351	2
213	414	-2
214	455	2
214	497	2
214	503	2
215	217	1
215	219	1
215	244	1
215	352	-2
215	355	-2
215	408	2
216	328	-2
216	428	2
216	429	-2
217	219	1
217	354	-2
217	408	2
217	419	2
218	241	1
218	432	2
218	437	2
218	509	2
219	349	2
219	408	2
219	507	-2
220	272	2
220	348	2
220	416	-2
221	371	2
221	384	2
221	401	-2
222	223	1
222	256	1
222	288	2
222	305	2
222	477	2
223	256	1
223	279	2
223	305	2
223	478	2
224	228	1
224	264	-2
224	336	2
224	386	-2
225	241	1
225	280	-2
225	426	2
225	458	-2
226	250	1
226	257	-2
226	476	-2
226	483	-2
227	234	1
227	237	1
227	304	-2
227	357	2
227	370	-2
228	234	1
228	254	1
228	264	-2
228	356	2
228	388	2
229	230	1
229	234	1
229	254	1
229	410	-2
229	418	2
229	472	-2
230	245	1
230	269	-2
230	369	-2
230	418	2
231	313	-2
231	322	-2
231	361	-2
232	403	2
232	440	-2
232	475	-2
233	238	1
233	243	1
233	247	1
233	306	-2
233	308	2
233	359	-2
234	254	2
234	370	-2
234	388	2
234	410	-2
235	290	2
235	294	-2
235	350	2
236	315	-2
236	364	-2
236	464	-2
237	304	-2
237	377	-2
237	435	-2
238	306	-2
238	314	2
238	488	-2
239	247	1
239	284	2
239	346	2
239	436	-2
240	289	2
240	320	2
240	482	2
241	426	2
241	432	2
241	443	2
242	259	-2
242	271	-2
242	363	2
243	270	2
243	308	2
243	484	-2
244	263	2
244	327	2
244	352	-2
245	253	1
245	269	-2
245	311	2
245	504	2
246	379	-2
246	427	2
246	466	-2
247	284	2
247	296	-2
247	359	-2
248	253	1
248	330	-2
248	394	2
248	445	2
249	256	1
249	344	2
249	404	-2
249	454	-2
250	276	2
250	373	-2
250	483	-2
251	312	2
251	413	-2
251	474	2
252	255	1
252	273	2
252	299	-2
252	423	2
253	311	2
253	445	2
253	467	2
254	388	2
254	410	-2
254	490	2
255	331	2
255	423	2
255	481	-2
256	305	2
256	344	2
256	459	2
