1	1	-5
2	2	-5
3	3	-5
4	4	-5
5	5	5
6	6	5
7	7	5
8	8	5
9	9	-5
10	10	5
11	11	-5
12	12	5
13	13	5
14	14	-5
15	15	5
16	16	-5
17	17	-5
18	18	5
19	19	5
20	20	5
21	21	5
22	22	5
23	23	-5
24	24	-5
25	25	5
26	26	-5
27	27	5
28	28	5
29	29	-5
30	30	-5
31	31	-5
32	32	5
33	33	-5
34	34	-5
35	35	-5
36	36	5
37	37	5
38	38	5
39	39	5
40	40	-5
41	41	-5
42	42	-5
43	43	-5
44	44	-5
45	45	5
46	46	-5
47	47	-5
48	48	-5
49	49	-5
50	50	5
51	51	-5
52	52	5
53	53	-5
54	54	-5
55	55	-5
56	56	-5
57	57	5
58	58	-5
59	59	5
60	60	-5
61	61	-5
62	62	5
63	63	-5
64	64	5
65	65	-5
66	66	-5
67	67	-5
68	68	-5
69	69	-5
70	70	5
71	71	5
72	72	5
73	73	5
74	74	-5
75	75	5
76	76	5
77	77	-5
78	78	5
79	79	5
80	80	5
81	81	5
82	82	5
83	83	-5
84	84	5
85	85	5
86	86	-5
87	87	-5
88	88	5
89	89	-5
90	90	5
91	91	5
92	92	-5
93	93	-5
94	94	5
95	95	5
96	96	-5
97	97	5
98	98	5
99	99	-5
100	100	-5
101	101	-5
102	102	-5
103	103	-5
104	104	-5
105	105	5
106	106	-5
107	107	5
108	108	-5
109	109	-5
110	110	-5
111	111	-5
112	112	-5
113	113	5
114	114	-5
115	115	5
116	116	-5
117	117	5
118	118	-5
119	119	-5
120	120	5
121	121	-5
122	122	-5
123	123	5
124	124	5
125	125	5
126	126	-5
127	127	-5
128	128	5
129	129	-5
130	130	-5
131	131	5
132	132	-5
133	133	-5
134	134	5
135	135	5
136	136	-5
137	137	-5
138	138	-5
139	139	-5
140	140	5
141	141	5
142	142	-5
143	143	-5
144	144	-5
145	145	5
146	146	5
147	147	-5
148	148	5
149	149	5
150	150	5
151	151	5
152	152	5
153	153	-5
154	154	-5
155	155	-5
156	156	-5
157	157	-5
158	158	5
159	159	5
160	160	-5
161	161	5
162	162	-5
163	163	5
164	164	5
165	165	5
166	166	5
167	167	5
168	168	-5
169	169	5
170	170	-5
171	171	5
172	172	5
173	173	5
174	174	5
175	175	5
176	176	5
177	177	-5
178	178	-5
179	179	-5
180	180	5
181	181	5
182	182	-5
183	183	5
184	184	5
185	185	5
186	186	5
187	187	-5
188	188	5
189	189	5
190	190	5
191	191	-5
192	192	-5
193	193	5
194	194	-5
195	195	-5
196	196	5
197	197	5
198	198	-5
199	199	5
200	200	5
201	201	5
202	202	-5
203	203	-5
204	204	-5
205	205	5
206	206	-5
207	207	-5
208	208	5
209	209	5
210	210	-5
211	211	5
212	212	5
213	213	-5
214	214	-5
215	215	-5
216	216	5
217	217	5
218	218	5
219	219	5
220	220	5
221	221	5
222	222	-5
223	223	5
224	224	-5
225	225	-5
226	226	5
227	227	-5
228	228	5
229	229	-5
230	230	-5
231	231	5
232	232	-5
233	233	5
234	234	-5
235	235	-5
236	236	-5
237	237	-5
238	238	5
239	239	5
240	240	5
241	241	-5
242	242	-5
243	243	5
244	244	5
245	245	5
246	246	5
247	247	5
248	248	5
249	249	5
250	250	-5
251	251	-5
252	252	5
253	253	-5
254	254	5
255	255	5
256	256	5
257	257	-1
258	258	3
259	259	1
260	260	3
261	261	-3
262	262	3
263	263	3
264	264	1
265	265	3
266	266	1
267	267	-1
268	268	3
269	269	3
270	270	1
271	271	3
272	272	-1
273	273	-1
274	274	3
275	275	1
276	276	3
277	277	1
278	278	-1
279	279	1
280	280	-1
281	281	-3
282	282	1
283	283	1
284	284	1
285	285	-1
286	286	1
287	287	-1
288	288	-3
289	289	3
290	290	1
291	291	1
292	292	-3
293	293	1
294	294	-1
295	295	-1
296	296	3
297	297	1
298	298	3
299	299	1
300	300	-1
301	301	1
302	302	1
303	303	-1
304	304	-1
305	305	3
306	306	-1
307	307	-1
308	308	1
309	309	-1
310	310	-1
311	311	3
312	312	-3
313	313	-1
314	314	1
315	315	1
316	316	-3
317	317	1
318	318	-3
319	319	-3
320	320	-3
321	321	3
322	322	3
323	323	-3
324	324	1
325	325	3
326	326	1
327	327	-1
328	328	3
329	329	-3
330	330	-1
331	331	-3
332	332	1
333	333	-3
334	334	-1
335	335	-3
336	336	1
337	337	3
338	338	-3
339	339	1
340	340	1
341	341	1
342	342	-3
343	343	-1
344	344	3
345	345	-3
346	346	3
347	347	3
348	348	1
349	349	-1
350	350	-3
351	351	3
352	352	-1
353	353	-3
354	354	-1
355	355	-3
356	356	1
357	357	-1
358	358	-1
359	359	3
360	360	-1
361	361	-1
362	362	1
363	363	-1
364	364	-3
365	365	1
366	366	3
367	367	3
368	368	-3
369	369	-1
370	370	3
371	371	-3
372	372	1
373	373	3
374	374	-1
375	375	3
376	376	-3
377	377	-1
378	378	-1
379	379	1
380	380	3
381	381	1
382	382	-3
383	383	3
384	384	-1
385	385	1
386	386	1
387	387	-1
388	388	1
389	389	-1
390	390	1
391	391	-3
392	392	-3
393	393	-1
394	394	3
395	395	-1
396	396	3
397	397	-1
398	398	1
399	399	3
400	400	-3
401	401	3
402	402	-3
403	403	3
404	404	3
405	405	3
406	406	1
407	407	-1
408	408	1
409	409	1
410	410	-1
411	411	3
412	412	3
413	413	-1
414	414	1
415	415	-1
416	416	1
417	417	-1
418	418	-3
419	419	1
420	420	-3
421	421	3
422	422	3
423	423	1
424	424	1
425	425	-1
426	426	3
427	427	-1
428	428	-3
429	429	-3
430	430	-1
431	431	-3
432	432	3
433	433	1
434	434	1
435	435	1
436	436	3
437	437	1
438	438	3
439	439	-1
440	440	1
441	441	-1
442	442	-1
443	443	1
444	444	-3
445	445	-1
446	446	-3
447	447	-3
448	448	-1
449	449	-1
450	450	3
451	451	-1
452	452	-3
453	453	-3
454	454	1
455	455	1
456	456	3
457	457	1
458	458	-3
459	459	1
460	460	3
461	461	3
462	462	3
463	463	1
464	464	-1
465	465	-1
466	466	-1
467	467	-1
468	468	-3
469	469	-1
470	470	3
471	471	-3
472	472	-3
473	473	-1
474	474	3
475	475	-1
476	476	1
477	477	-3
478	478	1
479	479	3
480	480	1
481	481	-3
482	482	1
483	483	-3
484	484	-1
485	485	-1
486	486	1
487	487	-1
488	488	-3
489	489	1
490	490	1
491	491	1
492	492	1
493	493	3
494	494	1
495	495	-3
496	496	-3
497	497	3
498	498	1
499	499	-3
500	500	1
501	501	-1
502	502	3
503	503	-1
504	504	3
505	505	-3
506	506	1
507	507	3
508	508	3
509	509	-3
510	510	-1
511	511	1
512	512	1
513	513	3
514	514	1
515	515	-3
516	516	-1
517	517	-1
518	518	-1
519	519	-1
520	520	-3
521	521	1
522	522	3
523	523	3
524	524	1
525	525	-1
526	526	-3
527	527	1
528	528	3
529	529	3
530	530	1
531	531	-3
532	532	-1
533	533	3
534	534	-3
535	535	3
536	536	3
537	537	1
538	538	-3
539	539	3
540	540	-3
541	541	-3
542	542	-3
543	543	3
544	544	-1
545	545	-1
546	546	-3
547	547	3
548	548	1
549	549	3
550	550	-3
551	551	3
552	552	-1
553	553	-3
554	554	-1
555	555	3
556	556	-3
557	557	3
558	558	-3
559	559	-3
560	560	-3
561	561	1
562	562	-3
563	563	3
564	564	-3
565	565	3
566	566	-3
567	567	1
568	568	1
569	569	3
570	570	3
571	571	3
572	572	-1
573	573	3
574	574	1
575	575	-1
576	576	1
577	577	1
578	578	1
579	579	-1
580	580	3
581	581	-1
582	582	-3
583	583	-3
584	584	-1
585	585	-1
586	586	3
587	587	1
588	588	-3
589	589	-1
590	590	3
591	591	-1
592	592	3
593	593	-1
594	594	-1
595	595	-3
596	596	-3
597	597	-3
598	598	1
599	599	3
600	600	-1
601	601	-1
602	602	1
603	603	1
604	604	-3
605	605	-3
606	606	-1
607	607	1
608	608	-3
609	609	-1
610	610	3
611	611	-1
612	612	-3
613	613	-3
614	614	-3
615	615	-1
616	616	3
617	617	3
618	618	3
619	619	3
620	620	-1
621	621	-3
622	622	1
623	623	1
624	624	1
625	625	3
626	626	1
627	627	-1
628	628	-3
629	629	1
630	630	3
631	631	-1
632	632	-1
633	633	3
634	634	-3
635	635	-3
636	636	-1
637	637	3
638	638	1
639	639	-1
640	640	-3
641	641	-3
642	642	-3
643	643	3
644	644	3
645	645	-3
646	646	3
647	647	1
648	648	-1
649	649	3
650	650	-1
651	651	-3
652	652	1
653	653	-3
654	654	3
655	655	-1
656	656	-1
657	657	1
658	658	1
659	659	1
660	660	-1
661	661	1
662	662	-3
663	663	-3
664	664	-3
665	665	3
666	666	3
667	667	-1
668	668	-1
669	669	3
670	670	3
671	671	-3
672	672	3
673	673	-3
674	674	-1
675	675	3
676	676	1
677	677	1
678	678	1
679	679	3
680	680	-3
681	681	-3
682	682	-1
683	683	-3
684	684	1
685	685	-1
686	686	3
687	687	1
688	688	-1
689	689	3
690	690	-3
691	691	3
692	692	-1
693	693	3
694	694	-1
695	695	-3
696	696	-3
697	697	-3
698	698	3
699	699	-3
700	700	1
701	701	-3
702	702	1
703	703	1
704	704	-3
705	705	3
706	706	-1
707	707	3
708	708	-1
709	709	1
710	710	3
711	711	-3
712	712	1
713	713	3
714	714	-1
715	715	3
716	716	1
717	717	1
718	718	1
719	719	3
720	720	-3
721	721	-3
722	722	-3
723	723	-3
724	724	-1
725	725	-3
726	726	-1
727	727	-1
728	728	1
729	729	3
730	730	-1
731	731	3
732	732	3
733	733	1
734	734	-3
735	735	1
736	736	-3
737	737	1
738	738	-3
739	739	1
740	740	-3
741	741	-3
742	742	3
743	743	3
744	744	1
745	745	3
746	746	3
747	747	3
748	748	-3
749	749	-1
750	750	3
751	751	1
752	752	1
753	753	1
754	754	-3
755	755	-1
756	756	-3
757	757	3
758	758	1
759	759	-3
760	760	-1
761	761	-1
762	762	3
763	763	-1
764	764	1
765	765	-1
766	766	-3
767	767	3
768	768	-3
1	14	1
1	18	-1
1	23	1
1	25	-1
1	38	-1
1	39	-1
1	72	-1
1	119	1
1	133	1
1	134	-1
1	154	1
1	164	-1
1	173	-1
1	174	-1
1	175	-1
1	177	1
1	211	-1
1	213	1
1	215	1
1	250	1
1	339	-2
1	359	-2
1	384	2
1	432	-2
1	459	-2
1	595	2
1	615	2
1	640	2
1	688	2
1	715	-2
2	6	-1
2	28	-1
2	34	1
2	41	1
2	60	1
2	63	1
2	71	-1
2	105	-1
2	106	1
2	146	-1
2	147	1
2	151	-1
2	175	-1
2	221	-1
2	228	-1
2	229	1
2	234	1
2	235	1
2	236	1
2	237	1
2	266	-2
2	293	-2
2	385	-2
2	400	2
2	407	2
2	522	-2
2	549	-2
2	641	2
2	656	2
2	663	2
3	16	1
3	77	1
3	100	1
3	105	-1
3	110	1
3	113	-1
3	118	1
3	128	-1
3	134	-1
3	146	-1
3	163	-1
3	171	-1
3	186	-1
3	191	1
3	195	1
3	210	1
3	220	-1
3	223	-1
3	228	-1
3	231	-1
3	322	-2
3	341	-2
3	367	-2
3	477	2
3	498	-2
3	578	-2
3	597	2
3	623	-2
3	733	-2
3	754	2
4	8	-1
4	15	-1
4	67	1
4	72	-1
4	104	1
4	120	-1
4	138	1
4	159	-1
4	181	-1
4	182	1
4	205	-1
4	208	-2
4	216	-1
4	218	-1
4	219	-1
4	228	-1
4	230	1
4	240	-1
4	251	1
4	270	-2
4	271	-2
4	291	-2
4	443	-2
4	499	2
4	526	2
4	527	-2
4	547	-2
4	699	2
4	755	2
5	8	1
5	44	-1
5	45	1
5	47	-1
5	94	1
5	98	1
5	115	1
5	136	-1
5	142	-1
5	157	-1
5	167	1
5	173	1
5	180	1
5	196	1
5	205	1
5	207	-1
5	208	1
5	224	-1
5	240	1
5	256	1
5	326	2
5	340	2
5	421	2
5	460	2
5	464	-2
5	582	-2
5	596	-2
5	677	2
5	716	2
5	720	-2
6	22	1
6	31	-1
6	34	-1
6	37	1
6	38	1
6	46	-1
6	66	-1
6	88	1
6	90	1
6	107	1
6	122	-1
6	146	1
6	164	1
6	169	1
6	197	1
6	217	1
6	228	1
6	237	-1
6	247	1
6	374	-2
6	406	2
6	407	-2
6	417	-2
6	507	2
6	630	2
6	662	-2
6	663	-2
6	673	-2
6	763	-2
7	20	1
7	27	1
7	40	-1
7	49	-1
7	68	-1
7	87	-1
7	89	-1
7	92	-1
7	93	-1
7	95	1
7	101	-1
7	104	-1
7	111	-1
7	129	-1
7	145	1
7	152	1
7	168	-1
7	186	1
7	219	1
7	245	1
7	311	2
7	366	2
7	416	2
7	423	2
7	426	2
7	567	2
7	622	2
7	672	2
7	679	2
7	682	-2
8	19	2
8	40	-1
8	44	-1
8	82	1
8	83	-1
8	117	1
8	120	1
8	141	1
8	149	1
8	159	1
8	160	-1
8	167	1
8	201	1
8	208	1
8	216	1
8	247	1
8	256	1
8	270	2
8	273	-2
8	326	2
8	328	2
8	396	2
8	526	-2
8	529	2
8	582	-2
8	584	-2
8	652	2
9	10	-1
9	16	1
9	38	-1
9	40	1
9	56	1
9	83	1
9	84	-1
9	85	-1
9	86	1
9	90	-1
9	91	-1
9	98	-1
9	101	1
9	112	1
9	161	-1
9	164	-1
9	207	1
9	212	-1
9	223	-1
9	235	1
9	357	2
9	369	2
9	452	2
9	479	-2
9	490	-2
9	613	2
9	625	-2
9	708	2
9	735	-2
9	746	-2
10	13	1
10	31	-1
10	42	-1
10	56	-1
10	60	-1
10	63	-1
10	65	-1
10	86	-1
10	102	-1
10	106	-1
10	112	-1
10	128	1
10	161	1
10	180	1
10	185	1
10	203	-1
10	222	-1
10	232	-1
10	242	-1
10	300	-2
10	325	2
10	357	-2
10	361	-2
10	450	2
10	556	-2
10	581	-2
10	613	-2
10	617	2
10	706	-2
11	21	-1
11	50	-1
11	55	1
11	58	1
11	72	-1
11	96	1
11	112	1
11	116	1
11	125	-1
11	130	1
11	158	-1
11	159	-1
11	180	-1
11	189	-1
11	202	1
11	226	-1
11	229	1
11	235	1
11	244	-1
11	250	1
11	380	-2
11	447	2
11	468	2
11	469	2
11	483	2
11	636	2
11	703	-2
11	724	2
11	725	2
11	739	-2
12	14	-1
12	19	1
12	25	1
12	32	1
12	50	1
12	57	1
12	72	1
12	73	1
12	82	1
12	137	-1
12	139	-1
12	160	-1
12	176	1
12	181	1
12	188	1
12	195	-1
12	197	1
12	226	1
12	235	-1
12	248	1
12	331	-2
12	349	-2
12	365	2
12	397	-2
12	411	2
12	587	2
12	605	-2
12	621	-2
12	653	-2
12	667	-2
13	26	-1
13	27	1
13	42	-1
13	99	-1
13	104	-1
13	108	-1
13	109	-1
13	111	-1
13	121	-1
13	128	1
13	141	1
13	144	-1
13	175	1
13	191	-1
13	199	1
13	205	1
13	223	1
13	232	-1
13	242	-1
13	351	2
13	360	-2
13	361	-2
13	404	2
13	415	-2
13	607	2
13	616	2
13	617	2
13	660	-2
13	671	-2
14	20	-1
14	41	1
14	72	-2
14	73	-1
14	95	-1
14	96	1
14	119	1
14	137	1
14	157	1
14	167	-1
14	178	1
14	181	-1
14	193	-1
14	201	-1
14	207	1
14	211	-1
14	216	-1
14	384	2
14	411	-2
14	412	-2
14	425	2
14	501	2
14	640	2
14	667	2
14	668	2
14	681	2
14	757	-2
15	16	-1
15	21	1
15	36	2
15	101	-1
15	104	-1
15	126	-1
15	165	1
15	190	1
15	191	-1
15	194	-1
15	205	1
15	212	1
15	219	1
15	225	-1
15	227	-1
15	237	-1
15	251	-1
15	252	1
15	271	2
15	303	-2
15	323	-2
15	439	-2
15	511	2
15	527	2
15	559	-2
15	579	-2
15	695	-2
15	767	2
16	24	2
16	27	-1
16	36	-1
16	38	-1
16	51	1
16	62	-1
16	101	1
16	105	-2
16	126	1
16	210	1
16	212	-1
16	213	1
16	223	-1
16	233	-1
16	235	1
16	297	-2
16	303	2
16	453	2
16	477	2
16	490	-2
16	553	2
16	559	2
16	709	-2
16	733	-2
16	746	-2
17	32	-1
17	55	1
17	59	-1
17	64	-1
17	68	1
17	83	1
17	115	-1
17	121	1
17	129	1
17	133	1
17	148	-1
17	149	-1
17	171	-1
17	172	-1
17	175	-1
17	212	-1
17	218	-1
17	222	1
17	225	1
17	246	-1
17	313	2
17	430	2
17	440	-2
17	446	2
17	505	2
17	569	-2
17	686	-2
17	696	2
17	702	-2
17	761	2
18	25	1
18	32	1
18	36	1
18	39	1
18	52	1
18	54	-1
18	70	1
18	75	1
18	106	-1
18	112	-1
18	117	1
18	122	-1
18	127	-1
18	134	1
18	164	1
18	174	1
18	242	-1
18	253	-1
18	254	1
18	283	2
18	317	2
18	339	2
18	354	-2
18	399	2
18	539	2
18	573	2
18	595	-2
18	610	2
18	655	-2
19	21	1
19	25	1
19	31	-1
19	40	-1
19	82	1
19	83	-1
19	113	1
19	117	1
19	120	1
19	139	-1
19	162	-1
19	184	1
19	197	1
19	201	1
19	227	-1
19	241	-1
19	245	1
19	273	-2
19	331	-2
19	396	2
19	445	-2
19	456	2
19	529	2
19	587	2
19	652	2
19	701	-2
19	712	2
20	61	-1
20	68	-1
20	71	1
20	74	-1
20	85	1
20	95	1
20	96	-1
20	111	-1
20	117	1
20	131	1
20	134	1
20	145	1
20	193	1
20	200	1
20	201	1
20	226	1
20	241	-1
20	255	1
20	305	2
20	311	2
20	408	2
20	412	2
20	448	-2
20	561	2
20	567	2
20	664	-2
20	668	-2
20	704	-2
21	31	-1
21	55	-1
21	64	1
21	82	1
21	96	-1
21	113	1
21	116	-1
21	117	1
21	130	-1
21	152	1
21	153	-1
21	186	1
21	190	1
21	227	-2
21	244	1
21	252	1
21	323	-2
21	434	2
21	445	-2
21	447	-2
21	476	2
21	579	-2
21	690	-2
21	701	-2
21	703	2
21	732	2
22	24	-1
22	37	1
22	38	1
22	48	-1
22	61	-1
22	66	-1
22	84	1
22	110	-1
22	145	1
22	159	1
22	164	1
22	165	1
22	169	1
22	186	2
22	216	1
22	232	-1
22	236	-1
22	242	-1
22	272	-2
22	395	-2
22	417	-2
22	451	-2
22	458	-2
22	528	2
22	651	-2
22	673	-2
22	707	2
22	714	-2
23	63	1
23	81	-1
23	95	-1
23	109	2
23	139	1
23	141	-1
23	152	-1
23	155	1
23	173	-1
23	174	-1
23	175	-1
23	190	-1
23	194	1
23	212	-1
23	214	1
23	237	1
23	243	-1
23	252	-1
23	285	2
23	359	-2
23	402	2
23	461	-2
23	462	-2
23	541	2
23	615	2
23	658	-2
23	717	-2
23	718	-2
24	27	-1
24	38	-1
24	51	1
24	62	-1
24	81	-1
24	95	-1
24	105	-1
24	110	1
24	139	1
24	146	-1
24	165	-1
24	186	-1
24	203	1
24	213	1
24	223	-1
24	233	-1
24	242	1
24	297	-2
24	315	-2
24	453	2
24	458	2
24	494	-2
24	553	2
24	571	-2
24	709	-2
24	714	2
24	750	-2
25	26	-1
25	33	-1
25	37	1
25	46	-1
25	47	-1
25	48	-1
25	94	1
25	123	1
25	134	1
25	139	-1
25	143	-1
25	144	-1
25	164	1
25	197	1
25	201	1
25	234	-1
25	281	-2
25	331	-2
25	339	2
25	345	-2
25	512	2
25	537	2
25	587	2
25	595	-2
25	601	-2
25	768	-2
26	27	-1
26	46	1
26	47	1
26	68	1
26	75	-1
26	97	-1
26	130	1
26	153	1
26	161	-1
26	188	-1
26	190	-1
26	197	-1
26	199	-1
26	201	-1
26	205	-1
26	220	-1
26	221	-1
26	241	1
26	345	2
26	348	-2
26	404	-2
26	473	2
26	489	-2
26	601	2
26	604	2
26	660	2
26	729	-2
26	745	-2
27	46	-1
27	49	-1
27	51	-2
27	62	1
27	67	-1
27	73	1
27	92	-1
27	93	-1
27	101	-1
27	122	-1
27	166	1
27	195	-1
27	199	1
27	205	1
27	286	2
27	404	2
27	414	2
27	426	2
27	453	-2
27	542	-2
27	660	-2
27	670	2
27	682	-2
27	709	2
28	35	-1
28	43	-1
28	52	1
28	71	1
28	73	1
28	76	1
28	91	1
28	105	1
28	108	-1
28	111	-1
28	112	-1
28	126	-1
28	151	1
28	174	1
28	187	-1
28	190	1
28	193	1
28	224	-1
28	235	-1
28	282	2
28	293	2
28	308	2
28	364	-2
28	387	-2
28	538	-2
28	549	2
28	564	-2
28	620	-2
28	643	2
29	30	1
29	38	-1
29	54	1
29	75	-1
29	86	1
29	92	1
29	99	1
29	100	1
29	130	1
29	144	1
29	147	1
29	154	1
29	179	1
29	189	-1
29	210	1
29	218	-1
29	231	-1
29	236	1
29	240	-1
29	255	-1
29	268	-2
29	298	-2
29	363	2
29	392	2
29	503	2
29	524	-2
29	554	2
29	619	-2
29	648	2
29	759	2
30	33	1
30	51	1
30	61	1
30	69	1
30	70	-1
30	86	1
30	116	1
30	118	1
30	119	1
30	154	1
30	184	-1
30	188	-1
30	206	1
30	210	1
30	211	-1
30	220	-1
30	233	-1
30	235	1
30	250	1
30	329	2
30	379	-2
30	392	2
30	475	2
30	493	-2
30	585	2
30	635	2
30	648	2
30	731	-2
30	749	2
31	43	1
31	46	1
31	58	1
31	63	1
31	66	1
31	70	-1
31	86	1
31	90	-1
31	106	1
31	113	-1
31	118	1
31	185	-1
31	200	-1
31	201	-1
31	227	1
31	251	1
31	289	-2
31	445	2
31	450	-2
31	457	-2
31	507	-2
31	545	2
31	701	2
31	706	2
31	713	-2
31	763	2
32	36	1
32	54	-1
32	57	1
32	75	1
32	93	-1
32	94	1
32	106	-1
32	117	1
32	121	-1
32	143	-1
32	149	1
32	162	-1
32	225	-1
32	227	-1
32	235	-1
32	240	1
32	248	1
32	295	-2
32	313	-2
32	333	-2
32	349	-2
32	354	-2
32	551	2
32	569	2
32	589	-2
32	605	-2
32	610	2
33	37	-1
33	50	-1
33	70	-1
33	81	-1
33	83	1
33	86	1
33	110	1
33	116	1
33	118	1
33	120	-1
33	123	-1
33	127	1
33	133	1
33	170	1
33	206	1
33	211	-1
33	234	1
33	250	1
33	329	2
33	350	2
33	470	-2
33	495	2
33	512	-2
33	585	2
33	606	2
33	726	2
33	751	-2
33	768	2
34	42	1
34	73	-1
34	76	-1
34	85	-1
34	89	1
34	90	-1
34	153	1
34	200	-1
34	217	-1
34	222	1
34	224	1
34	226	-1
34	228	-1
34	232	2
34	237	1
34	252	-1
34	256	-1
34	334	2
34	407	2
34	418	2
34	420	2
34	467	2
34	590	-2
34	663	2
34	674	2
34	676	-2
34	723	2
35	39	-1
35	42	1
35	71	-1
35	72	-1
35	79	-2
35	99	1
35	100	1
35	108	1
35	121	1
35	129	1
35	142	1
35	150	-1
35	167	-1
35	174	-1
35	187	1
35	213	1
35	229	1
35	248	-1
35	308	-2
35	332	-2
35	353	2
35	372	-2
35	433	-2
35	564	2
35	588	2
35	609	2
35	628	2
35	689	-2
36	55	-1
36	101	-1
36	106	-2
36	110	-1
36	117	1
36	120	1
36	126	-1
36	168	-1
36	178	-1
36	182	-1
36	184	1
36	191	-1
36	225	-1
36	237	-1
36	296	2
36	303	-2
36	354	-2
36	439	-2
36	474	2
36	552	-2
36	559	-2
36	610	2
36	695	-2
36	730	-2
37	53	-1
37	66	-1
37	74	-1
37	84	1
37	107	1
37	122	-1
37	123	1
37	137	-1
37	146	1
37	153	-1
37	158	1
37	159	1
37	180	1
37	215	-1
37	217	1
37	234	-1
37	272	-2
37	292	-2
37	306	-2
37	374	-2
37	512	2
37	528	2
37	548	2
37	562	-2
37	630	2
37	768	-2
38	39	1
38	81	1
38	99	-1
38	144	-1
38	146	1
38	164	1
38	169	1
38	203	-1
38	212	1
38	215	-1
38	235	-1
38	240	1
38	250	-1
38	298	2
38	417	-2
38	432	2
38	490	2
38	494	2
38	554	-2
38	673	-2
38	688	-2
38	746	2
38	750	2
39	42	-1
39	75	1
39	79	1
39	88	1
39	104	-1
39	109	-1
39	112	-1
39	127	-1
39	129	-1
39	136	-1
39	157	-1
39	165	1
39	187	-1
39	215	-1
39	222	-1
39	250	-1
39	264	2
39	317	2
39	428	-2
39	432	2
39	433	2
39	520	-2
39	573	2
39	684	2
39	688	-2
39	689	2
40	78	-1
40	83	2
40	92	1
40	98	-2
40	101	1
40	104	1
40	120	-1
40	126	1
40	148	-1
40	151	-1
40	152	-1
40	160	1
40	218	-1
40	227	1
40	260	-2
40	273	2
40	423	-2
40	436	-2
40	479	-2
40	516	2
40	529	-2
40	679	-2
40	692	2
40	735	-2
41	47	1
41	95	-1
41	107	-1
41	116	1
41	137	1
41	146	-1
41	154	1
41	155	1
41	162	1
41	163	-1
41	176	-1
41	204	1
41	207	1
41	231	-1
41	234	1
41	236	2
41	249	-1
41	265	-2
41	266	-2
41	344	-2
41	405	-2
41	501	2
41	521	-2
41	522	-2
41	600	2
41	661	-2
41	757	-2
42	73	-1
42	79	-1
42	114	1
42	129	1
42	146	-1
42	159	-1
42	199	-1
42	217	-1
42	232	2
42	238	-1
42	242	1
42	243	-1
42	248	-1
42	255	-1
42	361	2
42	433	-2
42	467	2
42	508	-2
42	510	2
42	617	-2
42	689	-2
42	723	2
42	764	-2
42	766	2
43	49	1
43	56	1
43	70	-1
43	81	-1
43	89	1
43	101	1
43	111	1
43	118	1
43	126	1
43	136	1
43	147	1
43	161	-1
43	170	1
43	173	-1
43	190	-1
43	193	-1
43	201	-1
43	209	-1
43	257	2
43	289	-2
43	309	2
43	387	2
43	487	2
43	513	-2
43	545	2
43	565	-2
43	643	-2
43	743	-2
44	49	1
44	53	1
44	57	-1
44	59	-1
44	60	1
44	89	1
44	97	-1
44	122	1
44	155	1
44	167	-3
44	199	-1
44	221	-1
44	231	-1
44	233	-1
44	236	1
44	256	-1
44	278	2
44	326	-2
44	378	2
44	431	2
44	466	2
44	534	2
44	582	2
44	634	2
44	687	-2
44	722	2
45	47	-1
45	60	-1
45	66	-1
45	132	-1
45	137	-1
45	138	-1
45	142	-2
45	143	-1
45	172	1
45	173	1
45	175	1
45	200	1
45	207	-1
45	210	-1
45	217	1
45	224	-1
45	252	1
45	256	1
45	299	2
45	340	2
45	375	2
45	376	-2
45	504	2
45	555	2
45	596	-2
45	631	-2
45	632	-2
45	760	-2
46	47	1
46	51	1
46	60	1
46	66	1
46	90	-1
46	92	1
46	103	1
46	118	1
46	135	-1
46	161	-1
46	166	-1
46	179	1
46	196	-1
46	201	-1
46	217	-1
46	286	-2
46	345	2
46	419	-2
46	492	-2
46	507	-2
46	542	2
46	601	2
46	675	-2
46	748	2
46	763	2
47	60	1
47	77	1
47	94	-1
47	120	-1
47	130	1
47	154	1
47	155	1
47	157	1
47	173	-1
47	201	-1
47	205	-1
47	228	-1
47	249	-1
47	256	-1
47	265	-2
47	287	2
47	345	2
47	376	2
47	421	-2
47	521	-2
47	543	-2
47	601	2
47	632	2
47	677	-2
48	50	-1
48	57	-1
48	61	1
48	79	-1
48	81	-1
48	94	-2
48	140	-2
48	143	2
48	144	1
48	194	1
48	199	-1
48	212	-1
48	215	1
48	216	-1
48	242	1
48	262	-2
48	281	2
48	294	2
48	395	2
48	424	-2
48	518	2
48	537	-2
48	550	2
48	651	2
48	680	2
49	60	1
49	89	2
49	93	1
49	97	-1
49	101	2
49	102	1
49	103	1
49	115	-1
49	123	-1
49	138	1
49	182	1
49	193	-1
49	206	1
49	209	-1
49	362	-2
49	426	-2
49	466	2
49	487	2
49	500	-2
49	618	-2
49	682	2
49	722	2
49	743	-2
49	756	2
50	69	-1
50	79	1
50	86	-1
50	96	-1
50	124	1
50	133	-1
50	137	-1
50	143	-1
50	158	1
50	160	-1
50	170	-1
50	177	-1
50	188	1
50	215	-1
50	229	-1
50	239	1
50	277	2
50	397	-2
50	424	2
50	468	-2
50	470	2
50	533	2
50	653	-2
50	680	-2
50	724	-2
50	726	-2
51	62	-1
51	69	2
51	70	-1
51	87	1
51	88	-1
51	92	1
51	150	-1
51	166	-1
51	185	-1
51	188	-1
51	232	1
51	235	1
51	254	-1
51	286	-2
51	379	-2
51	413	2
51	453	2
51	481	2
51	542	2
51	635	2
51	669	-2
51	709	-2
51	737	-2
52	91	1
52	103	-1
52	112	-1
52	134	1
52	168	-1
52	174	2
52	181	1
52	191	-1
52	193	1
52	202	-1
52	213	-1
52	233	1
52	242	-1
52	243	1
52	253	-2
52	254	1
52	282	2
52	283	2
52	321	2
52	427	-2
52	435	2
52	538	-2
52	539	2
52	577	2
52	683	-2
52	691	2
53	73	-1
53	74	1
53	76	-1
53	85	-1
53	97	-1
53	107	-1
53	114	1
53	119	1
53	122	1
53	124	-1
53	136	1
53	137	1
53	158	-1
53	167	-1
53	184	-1
53	199	-1
53	205	-1
53	210	1
53	269	-2
53	292	2
53	327	2
53	431	2
53	465	2
53	525	2
53	548	-2
53	583	2
53	687	-2
53	721	2
54	70	-1
54	75	-1
54	93	1
54	94	-1
54	98	-1
54	100	1
54	122	1
54	141	-1
54	151	-1
54	177	1
54	182	1
54	218	-1
54	229	1
54	231	-1
54	238	-1
54	239	-1
54	253	1
54	274	-2
54	284	-2
54	295	2
54	399	-2
54	503	2
54	530	-2
54	540	2
54	551	-2
54	655	2
54	759	2
55	74	1
55	82	-1
55	84	-1
55	96	1
55	106	1
55	115	-1
55	120	-1
55	125	-1
55	166	-1
55	168	1
55	171	-1
55	180	-1
55	186	-1
55	222	1
55	226	-1
55	254	-1
55	275	-2
55	430	2
55	434	-2
55	469	2
55	474	-2
55	531	2
55	686	-2
55	690	2
55	725	2
55	730	2
56	67	1
56	69	1
56	88	-1
56	105	-1
56	108	1
56	112	1
56	136	1
56	145	-1
56	154	1
56	161	-2
56	172	-1
56	173	-1
56	188	-1
56	214	1
56	225	1
56	234	1
56	290	-2
56	309	2
56	318	2
56	337	-2
56	357	2
56	546	2
56	565	-2
56	574	-2
56	593	2
56	613	2
57	59	1
57	61	-1
57	74	-1
57	87	-1
57	94	1
57	108	-1
57	123	1
57	140	1
57	155	-1
57	163	1
57	198	-1
57	212	1
57	235	-1
57	236	-1
57	248	1
57	252	1
57	262	2
57	343	-2
57	349	-2
57	378	-2
57	437	2
57	518	-2
57	599	2
57	605	-2
57	634	-2
57	693	2
58	59	-1
58	63	1
58	72	-1
58	80	-1
58	84	-1
58	112	1
58	126	1
58	127	1
58	183	-1
58	185	-1
58	189	-1
58	196	-1
58	200	-1
58	202	1
58	224	1
58	228	-1
58	251	1
58	253	1
58	336	-2
58	377	2
58	380	-2
58	386	-2
58	457	-2
58	592	-2
58	633	-2
58	636	2
58	642	2
58	713	-2
59	63	-1
59	69	-1
59	80	1
59	112	-1
59	114	-1
59	133	-1
59	140	1
59	155	-1
59	160	-1
59	168	-1
59	172	1
59	175	1
59	177	-1
59	196	1
59	204	-1
59	236	-1
59	301	2
59	336	2
59	378	-2
59	410	-2
59	440	2
59	557	2
59	592	2
59	634	-2
59	666	2
59	696	-2
60	89	1
60	97	-1
60	102	1
60	118	1
60	147	1
60	173	-1
60	175	-1
60	180	-1
60	196	-1
60	217	-1
60	222	1
60	229	1
60	256	-1
60	300	2
60	376	2
60	400	2
60	466	2
60	492	-2
60	556	2
60	632	2
60	656	2
60	722	2
60	748	2
61	71	-1
61	74	1
61	108	1
61	116	1
61	119	1
61	122	1
61	123	-1
61	145	-1
61	158	-1
61	200	-1
61	216	-1
61	220	-1
61	226	-1
61	229	1
61	242	1
61	343	2
61	395	2
61	408	-2
61	409	-2
61	493	-2
61	599	-2
61	651	2
61	664	2
61	665	-2
61	749	2
62	85	1
62	88	1
62	93	-1
62	97	1
62	98	1
62	106	-1
62	133	-1
62	144	-1
62	145	1
62	166	1
62	169	1
62	176	1
62	202	-1
62	211	1
62	234	-1
62	246	1
62	312	-2
62	388	2
62	441	-2
62	453	-2
62	506	2
62	568	2
62	644	2
62	697	-2
62	709	2
62	762	2
63	65	1
63	71	-1
63	106	1
63	128	-1
63	140	-1
63	141	-1
63	160	1
63	200	-1
63	203	1
63	204	1
63	221	-1
63	237	1
63	251	1
63	252	-1
63	301	-2
63	325	-2
63	385	-2
63	457	-2
63	461	-2
63	557	-2
63	581	2
63	641	2
63	713	-2
63	717	-2
64	87	-1
64	107	1
64	117	1
64	129	-2
64	141	1
64	148	1
64	149	1
64	152	1
64	153	-1
64	158	1
64	189	1
64	212	1
64	214	-1
64	239	1
64	243	1
64	249	1
64	256	1
64	356	2
64	393	-2
64	401	2
64	446	-2
64	476	2
64	612	-2
64	649	2
64	657	2
64	702	2
64	732	2
65	66	1
65	78	-1
65	92	1
65	109	1
65	125	-1
65	128	-1
65	173	-1
65	178	1
65	187	1
65	192	1
65	203	2
65	206	1
65	230	1
65	237	1
65	244	-1
65	246	-1
65	249	-1
65	280	2
65	325	-2
65	370	-2
65	383	-2
65	480	-2
65	536	-2
65	581	2
65	626	-2
65	639	2
65	736	2
66	84	-1
66	90	-1
66	137	1
66	138	1
66	159	-1
66	173	-1
66	178	1
66	189	-1
66	190	-1
66	197	-1
66	237	1
66	251	1
66	252	-1
66	272	2
66	320	2
66	383	-2
66	504	-2
66	507	-2
66	528	-2
66	576	-2
66	639	2
66	760	2
66	763	2
67	69	1
67	73	-1
67	101	1
67	118	1
67	122	1
67	135	-1
67	145	-1
67	170	1
67	172	-1
67	194	1
67	195	1
67	208	-1
67	209	-1
67	210	1
67	218	-1
67	230	1
67	251	1
67	267	2
67	290	-2
67	414	-2
67	486	-2
67	499	2
67	523	-2
67	546	2
67	670	-2
67	742	-2
67	755	2
68	77	1
68	83	1
68	95	-1
68	97	-1
68	107	-1
68	111	1
68	153	1
68	165	-1
68	183	-1
68	192	1
68	197	-1
68	205	-1
68	218	-1
68	233	-1
68	237	1
68	246	-1
68	311	-2
68	342	2
68	438	-2
68	489	-2
68	505	2
68	567	-2
68	598	-2
68	694	2
68	745	-2
68	761	2
69	87	1
69	114	1
69	124	-1
69	145	-1
69	150	-1
69	168	1
69	172	-1
69	177	2
69	185	-1
69	188	-1
69	235	1
69	239	-1
69	277	-2
69	290	-2
69	379	-2
69	410	2
69	481	2
69	533	-2
69	546	2
69	635	2
69	666	-2
69	737	-2
70	88	1
70	103	-1
70	118	-2
70	122	-1
70	150	1
70	178	-1
70	201	1
70	208	1
70	232	-1
70	250	-1
70	253	-1
70	254	1
70	289	2
70	329	-2
70	382	-2
70	399	2
70	413	-2
70	545	-2
70	585	-2
70	638	2
70	655	-2
70	669	2
71	89	-1
71	106	-1
71	108	-1
71	124	1
71	125	1
71	136	-1
71	145	1
71	183	1
71	187	-1
71	189	1
71	196	1
71	200	1
71	221	1
71	224	-1
71	308	2
71	385	2
71	390	2
71	408	2
71	482	2
71	564	-2
71	641	-2
71	646	2
71	664	-2
71	738	-2
72	73	1
72	79	1
72	100	-1
72	119	-1
72	120	1
72	181	1
72	182	-1
72	189	1
72	202	-1
72	208	1
72	211	1
72	213	-1
72	291	2
72	332	2
72	380	2
72	384	-2
72	411	2
72	547	2
72	588	-2
72	636	-2
72	640	-2
72	667	-2
73	76	2
73	91	1
73	114	-1
73	122	-1
73	124	1
73	181	1
73	195	-1
73	217	1
73	224	-1
73	232	-1
73	327	-2
73	364	-2
73	411	2
73	414	2
73	467	-2
73	583	-2
73	620	-2
73	667	-2
73	670	2
73	723	-2
74	79	-1
74	84	-1
74	107	-1
74	108	1
74	117	-1
74	123	-1
74	127	1
74	131	-1
74	137	1
74	143	1
74	166	-2
74	254	-1
74	255	-1
74	275	-2
74	292	2
74	305	-2
74	343	2
74	454	-2
74	531	2
74	548	-2
74	561	-2
74	599	-2
74	710	-2
75	76	1
75	92	-1
75	93	-1
75	94	1
75	99	-1
75	112	-1
75	127	-1
75	130	-1
75	161	1
75	180	1
75	188	1
75	219	1
75	220	1
75	236	-1
75	295	-2
75	317	2
75	352	-2
75	363	-2
75	473	-2
75	551	2
75	573	2
75	608	-2
75	619	2
75	729	2
76	85	1
76	89	-1
76	91	2
76	97	1
76	99	-1
76	111	-1
76	114	-1
76	124	1
76	161	1
76	180	1
76	219	1
76	224	-1
76	252	1
76	324	2
76	327	-2
76	352	-2
76	364	-2
76	420	-2
76	580	2
76	583	-2
76	608	-2
76	620	-2
76	676	2
77	110	1
77	118	1
77	119	1
77	120	-1
77	129	1
77	130	1
77	146	-1
77	148	-1
77	165	-1
77	170	1
77	205	-1
77	213	1
77	222	1
77	228	-1
77	233	-1
77	240	-1
77	243	-1
77	279	-2
77	287	2
77	302	-2
77	341	-2
77	342	2
77	535	-2
77	543	-2
77	558	2
77	597	2
77	598	-2
78	109	-1
78	133	-1
78	135	1
78	148	1
78	151	1
78	164	1
78	171	1
78	172	1
78	174	1
78	187	-1
78	198	-2
78	204	-1
78	209	1
78	225	-2
78	227	-1
78	246	1
78	280	-2
78	394	2
78	436	2
78	449	-2
78	485	-2
78	536	2
78	650	-2
78	692	-2
78	705	2
78	741	-2
79	100	-1
79	127	-1
79	129	-1
79	143	-2
79	166	1
79	169	1
79	178	-1
79	213	-1
79	214	-1
79	215	-1
79	227	-1
79	332	2
79	391	-2
79	424	2
79	433	2
79	454	2
79	588	-2
79	647	2
79	680	-2
79	689	2
79	710	2
80	90	1
80	91	1
80	96	-1
80	112	-1
80	124	1
80	125	1
80	128	1
80	131	1
80	148	1
80	166	1
80	169	1
80	179	-1
80	192	-1
80	195	-1
80	196	1
80	215	-1
80	249	1
80	255	1
80	310	-2
80	336	2
80	478	2
80	484	-2
80	509	-2
80	566	-2
80	592	2
80	734	-2
80	740	-2
80	765	-2
81	83	-1
81	120	1
81	140	1
81	146	1
81	147	-1
81	155	-1
81	170	-1
81	190	1
81	194	-1
81	199	1
81	203	-1
81	209	1
81	211	1
81	243	1
81	257	-2
81	294	-2
81	350	-2
81	402	-2
81	494	2
81	513	2
81	550	-2
81	606	-2
81	658	2
81	750	2
82	96	-1
82	114	-1
82	117	1
82	131	1
82	137	-1
82	176	1
82	183	1
82	186	1
82	187	-1
82	195	-1
82	201	2
82	203	-1
82	211	1
82	226	1
82	261	-2
82	338	-2
82	365	2
82	396	2
82	434	2
82	517	-2
82	594	-2
82	621	-2
82	652	2
82	690	-2
83	98	-1
83	101	1
83	120	-2
83	157	1
83	199	-1
83	211	-1
83	214	1
83	218	-1
83	246	-1
83	256	-1
83	273	2
83	350	2
83	479	-2
83	502	-2
83	505	2
83	529	-2
83	606	2
83	735	-2
83	758	-2
83	761	2
84	90	1
84	91	1
84	127	-1
84	159	1
84	166	1
84	185	1
84	198	-1
84	206	-1
84	223	1
84	224	-1
84	245	1
84	247	1
84	254	1
84	272	-2
84	275	2
84	377	-2
84	452	-2
84	471	-2
84	528	2
84	531	-2
84	633	2
84	708	-2
84	727	-2
85	86	-1
85	88	1
85	89	-1
85	106	-1
85	119	-1
85	134	1
85	158	1
85	164	1
85	205	1
85	207	-1
85	226	1
85	234	-1
85	241	-1
85	252	1
85	369	-2
85	420	-2
85	441	-2
85	448	-2
85	465	-2
85	625	2
85	676	2
85	697	-2
85	704	-2
85	721	-2
86	106	1
86	116	1
86	133	1
86	139	1
86	154	1
86	164	-1
86	170	1
86	185	-1
86	207	1
86	210	1
86	221	-1
86	248	-1
86	369	2
86	392	2
86	450	-2
86	470	-2
86	497	-2
86	625	-2
86	648	2
86	706	2
86	726	2
86	753	-2
87	93	1
87	135	-1
87	145	-1
87	149	-2
87	150	-1
87	163	-1
87	168	1
87	185	-1
87	186	-1
87	189	-1
87	198	1
87	243	-1
87	248	-1
87	252	-1
87	393	2
87	398	-2
87	416	-2
87	437	-2
87	481	2
87	649	-2
87	654	-2
87	672	-2
87	693	-2
87	737	-2
88	104	-1
88	105	1
88	106	-1
88	107	1
88	136	-1
88	188	1
88	197	1
88	222	-1
88	232	-1
88	234	-2
88	247	1
88	254	1
88	264	2
88	337	2
88	406	2
88	413	-2
88	441	-2
88	520	-2
88	593	-2
88	662	-2
88	669	2
88	697	-2
89	97	-1
89	101	1
89	125	-1
89	129	1
89	183	-1
89	189	-1
89	193	-1
89	219	-1
89	245	-1
89	252	-1
89	366	-2
89	390	-2
89	420	2
89	466	2
89	487	2
89	622	-2
89	646	-2
89	676	-2
89	722	2
89	743	-2
90	91	2
90	128	1
90	153	-2
90	179	-1
90	222	-1
90	223	1
90	238	1
90	244	1
90	253	-1
90	256	1
90	334	-2
90	444	-2
90	452	-2
90	484	-2
90	507	2
90	590	2
90	700	2
90	708	-2
90	740	-2
90	763	-2
91	97	1
91	103	-1
91	111	-1
91	128	1
91	161	1
91	179	-1
91	202	-1
91	223	1
91	224	-1
91	253	-1
91	321	2
91	324	2
91	364	-2
91	452	-2
91	484	-2
91	577	2
91	580	2
91	620	-2
91	708	-2
91	740	-2
92	104	1
92	113	-1
92	125	-1
92	130	1
92	152	-1
92	156	1
92	166	-1
92	171	-1
92	236	1
92	244	-1
92	245	-1
92	249	-1
92	263	-2
92	286	-2
92	363	2
92	423	-2
92	480	-2
92	519	2
92	542	2
92	619	-2
92	679	-2
92	736	2
93	94	-1
93	97	-1
93	101	1
93	113	-1
93	133	1
93	135	-1
93	149	-1
93	176	-1
93	179	1
93	192	1
93	211	-1
93	248	-1
93	295	2
93	312	2
93	398	-2
93	422	-2
93	426	-2
93	551	-2
93	568	-2
93	654	-2
93	678	-2
93	682	2
94	140	1
94	143	-1
94	144	-1
94	151	1
94	156	-1
94	157	-1
94	205	1
94	212	1
94	250	-1
94	254	1
94	262	2
94	281	-2
94	295	-2
94	355	-2
94	421	2
94	518	-2
94	537	2
94	551	2
94	611	-2
94	677	2
95	103	-1
95	109	-1
95	111	-1
95	137	-1
95	139	-1
95	152	1
95	156	-1
95	172	1
95	207	-1
95	212	1
95	223	2
95	242	-1
95	285	-2
95	311	2
95	315	2
95	368	-2
95	501	-2
95	541	-2
95	567	2
95	571	2
95	624	2
95	757	2
96	125	-1
96	132	1
96	148	-1
96	158	-1
96	163	-1
96	185	-1
96	186	-1
96	192	1
96	193	-1
96	201	-1
96	229	1
96	230	1
96	373	-2
96	412	-2
96	434	-2
96	468	2
96	478	-2
96	629	-2
96	668	2
96	690	2
96	724	2
96	734	2
97	111	-1
97	133	-1
97	136	-1
97	153	-1
97	161	1
97	184	1
97	197	1
97	210	-1
97	211	1
97	269	2
97	312	-2
97	324	2
97	466	-2
97	489	2
97	525	-2
97	568	2
97	580	2
97	722	-2
97	745	2
98	101	-1
98	115	1
98	126	-1
98	141	1
98	151	1
98	160	-1
98	173	1
98	176	1
98	182	-1
98	196	1
98	202	-1
98	218	1
98	246	1
98	260	2
98	274	2
98	388	2
98	464	-2
98	479	2
98	516	-2
98	530	2
98	644	2
98	720	-2
98	735	2
99	104	1
99	114	1
99	121	1
99	141	-1
99	142	1
99	144	1
99	174	-1
99	180	-1
99	191	1
99	198	1
99	219	-1
99	220	-1
99	240	-1
99	248	-1
99	298	-2
99	351	-2
99	352	2
99	353	2
99	381	-2
99	554	2
99	607	-2
99	608	2
99	609	2
99	637	-2
100	113	-1
100	131	-1
100	148	-1
100	149	-1
100	171	-1
100	204	1
100	209	-1
100	213	1
100	217	-1
100	218	-1
100	220	-1
100	231	-1
100	241	1
100	242	1
100	332	-2
100	367	-2
100	463	-2
100	488	2
100	503	2
100	588	2
100	623	-2
100	719	-2
100	744	-2
100	759	2
101	118	1
101	126	1
101	170	1
101	193	-1
101	208	-1
101	267	2
101	303	2
101	426	-2
101	479	-2
101	487	2
101	523	-2
101	559	2
101	682	2
101	735	-2
101	743	-2
102	103	1
102	104	1
102	115	-1
102	121	1
102	123	-1
102	138	1
102	142	1
102	147	1
102	164	-1
102	170	1
102	180	-1
102	181	-1
102	182	1
102	187	1
102	222	1
102	230	1
102	245	-1
102	300	2
102	304	2
102	319	2
102	347	-2
102	362	-2
102	556	2
102	560	2
102	575	2
102	603	-2
102	618	-2
103	135	-1
103	138	1
103	150	-1
103	156	1
103	161	-1
103	172	-1
103	178	1
103	179	1
103	182	1
103	202	1
103	208	-1
103	223	-1
103	253	1
103	321	-2
103	362	-2
103	368	2
103	382	2
103	419	-2
103	577	-2
103	618	-2
103	624	-2
103	638	-2
103	675	-2
104	121	1
104	136	1
104	141	-1
104	147	1
104	152	-1
104	191	1
104	205	-1
104	219	-1
104	222	1
104	245	-1
104	264	-2
104	271	-2
104	319	2
104	351	-2
104	423	-2
104	520	2
104	527	-2
104	575	2
104	607	-2
104	679	-2
105	126	-1
105	130	-1
105	151	1
105	181	1
105	188	1
105	193	1
105	210	-1
105	213	-1
105	223	1
105	233	1
105	234	-1
105	235	-1
105	288	-2
105	293	2
105	297	2
105	337	2
105	477	-2
105	544	-2
105	549	2
105	553	-2
105	593	-2
105	733	2
106	117	-1
106	120	-1
106	168	1
106	185	-1
106	221	-1
106	234	1
106	354	2
106	385	-2
106	441	2
106	450	-2
106	474	-2
106	610	-2
106	641	2
106	697	2
106	706	2
106	730	2
107	137	-1
107	141	1
107	158	1
107	163	1
107	183	1
107	192	-1
107	197	1
107	231	1
107	236	-1
107	237	-1
107	239	1
107	247	1
107	292	-2
107	356	2
107	405	2
107	406	2
107	438	2
107	548	2
107	612	-2
107	661	2
107	662	-2
107	694	-2
108	111	1
108	119	1
108	123	-1
108	128	-1
108	154	2
108	163	-1
108	179	1
108	187	1
108	214	1
108	223	-1
108	225	1
108	308	-2
108	318	2
108	335	2
108	343	2
108	415	2
108	564	2
108	574	-2
108	591	2
108	599	-2
108	671	2
109	121	1
109	139	1
109	144	1
109	152	-1
109	157	1
109	165	-1
109	175	-1
109	187	2
109	194	1
109	212	-1
109	214	1
109	246	-1
109	280	2
109	285	2
109	360	2
109	428	2
109	462	-2
109	536	-2
109	541	2
109	616	-2
109	684	-2
109	718	-2
110	116	1
110	118	1
110	127	1
110	140	-1
110	146	-1
110	165	-1
110	168	1
110	178	1
110	182	1
110	184	-1
110	186	-1
110	206	1
110	216	-1
110	251	1
110	296	-2
110	341	-2
110	429	2
110	458	2
110	495	2
110	552	2
110	597	2
110	685	2
110	714	2
110	751	-2
111	126	1
111	128	-1
111	132	1
111	144	1
111	161	-1
111	169	-1
111	190	-1
111	223	-1
111	247	-1
111	311	-2
111	324	-2
111	371	2
111	387	2
111	415	2
111	567	-2
111	580	-2
111	627	2
111	643	-2
111	671	2
112	127	1
112	159	-1
112	161	-1
112	174	-1
112	193	-1
112	196	-1
112	235	1
112	250	1
112	282	-2
112	317	-2
112	336	-2
112	357	2
112	483	2
112	538	2
112	573	-2
112	592	-2
112	613	2
112	739	-2
113	132	-1
113	156	-1
113	171	2
113	176	1
113	177	-1
113	179	-1
113	192	-1
113	193	1
113	220	1
113	221	1
113	227	-1
113	245	1
113	263	2
113	314	2
113	367	2
113	422	2
113	445	-2
113	519	-2
113	570	2
113	623	2
113	678	2
113	701	-2
114	121	1
114	124	-1
114	131	-1
114	146	-1
114	168	1
114	177	1
114	198	1
114	201	-1
114	203	1
114	220	-1
114	238	-1
114	255	-1
114	261	2
114	327	2
114	381	-2
114	410	2
114	508	-2
114	517	2
114	583	2
114	637	-2
114	666	-2
114	764	-2
115	123	1
115	142	-1
115	160	-1
115	171	1
115	173	1
115	181	1
115	196	1
115	197	1
115	200	1
115	206	-1
115	209	1
115	222	-1
115	230	-1
115	238	1
115	304	-2
115	403	2
115	430	-2
115	464	-2
115	500	2
115	560	-2
115	659	2
115	686	2
115	720	-2
115	756	-2
116	119	1
116	127	1
116	130	1
116	139	1
116	162	1
116	176	-1
116	204	1
116	206	1
116	220	-1
116	221	-1
116	244	-1
116	248	-1
116	344	-2
116	447	2
116	493	-2
116	495	2
116	497	-2
116	600	2
116	703	-2
116	749	2
116	751	-2
116	753	-2
117	131	1
117	147	-1
117	152	1
117	153	-1
117	162	-1
117	201	1
117	202	-1
117	249	1
117	255	1
117	305	2
117	330	-2
117	354	-2
117	396	2
117	476	2
117	561	2
117	586	2
117	610	2
117	652	2
117	732	2
118	146	-1
118	170	1
118	196	-1
118	201	-1
118	208	-1
118	217	-1
118	250	1
118	267	2
118	289	-2
118	329	2
118	341	-2
118	492	-2
118	523	-2
118	545	2
118	585	2
118	597	2
118	748	2
119	129	1
119	148	-1
119	154	1
119	158	-1
119	163	-1
119	170	1
119	179	1
119	205	-1
119	211	-1
119	220	-1
119	279	-2
119	335	2
119	384	2
119	465	2
119	493	-2
119	535	-2
119	591	2
119	640	2
119	721	2
119	749	2
120	130	-1
120	168	-1
120	182	-1
120	208	1
120	211	1
120	228	1
120	273	-2
120	287	-2
120	291	2
120	350	-2
120	474	2
120	529	2
120	543	2
120	547	2
120	606	-2
120	730	-2
121	144	1
121	147	1
121	149	-1
121	150	-1
121	167	-1
121	175	-1
121	198	1
121	220	-1
121	225	1
121	229	1
121	245	-1
121	313	2
121	319	2
121	360	2
121	372	-2
121	381	-2
121	569	-2
121	575	2
121	616	-2
121	628	2
121	637	-2
122	146	-1
122	158	-1
122	167	-1
122	195	1
122	199	-1
122	217	-1
122	226	-1
122	229	1
122	253	1
122	374	2
122	399	-2
122	409	-2
122	414	-2
122	431	2
122	630	-2
122	655	2
122	665	-2
122	670	-2
122	687	-2
123	134	1
123	142	-1
123	164	1
123	170	-1
123	184	1
123	187	-1
123	203	-1
123	206	-1
123	209	1
123	234	-1
123	343	-2
123	347	2
123	389	-2
123	500	2
123	512	2
123	599	2
123	603	2
123	645	-2
123	756	-2
123	768	-2
124	131	1
124	136	-1
124	155	-1
124	169	1
124	177	-1
124	195	-1
124	196	1
124	215	-2
124	219	1
124	224	-1
124	239	1
124	277	2
124	310	-2
124	327	-2
124	442	-2
124	482	2
124	533	2
124	566	-2
124	583	-2
124	698	2
124	738	-2
125	148	1
125	150	1
125	162	-1
125	180	1
125	183	2
125	189	1
125	192	-1
125	196	1
125	226	1
125	244	1
125	249	1
125	390	2
125	469	-2
125	478	2
125	480	2
125	496	-2
125	646	2
125	725	-2
125	734	-2
125	736	-2
125	752	2
126	130	1
126	160	1
126	181	-1
126	183	-1
126	190	-1
126	193	-1
126	218	-1
126	228	-1
126	253	1
126	260	-2
126	288	2
126	303	2
126	386	-2
126	387	2
126	516	2
126	544	2
126	559	2
126	642	2
126	643	-2
127	143	1
127	152	-1
127	166	-1
127	185	-2
127	195	1
127	206	1
127	224	1
127	234	1
127	307	2
127	317	-2
127	377	2
127	454	-2
127	495	2
127	563	-2
127	573	-2
127	633	-2
127	710	-2
127	751	-2
128	134	1
128	179	-1
128	182	-1
128	194	-1
128	195	-1
128	203	-1
128	220	1
128	223	1
128	231	1
128	239	1
128	258	2
128	325	2
128	415	-2
128	484	-2
128	498	2
128	514	2
128	581	-2
128	671	-2
128	740	-2
128	754	-2
129	148	-2
129	170	1
129	212	-1
129	214	1
129	219	-1
129	245	-1
129	249	-1
129	256	-1
129	279	-2
129	366	-2
129	401	-2
129	433	-2
129	446	2
129	535	-2
129	622	-2
129	657	-2
129	689	-2
129	702	-2
130	181	-1
130	190	-1
130	193	-1
130	221	-1
130	228	-1
130	236	1
130	241	1
130	244	-1
130	287	2
130	288	2
130	348	-2
130	363	2
130	447	2
130	543	-2
130	544	2
130	604	2
130	619	-2
130	703	-2
131	155	-1
131	166	1
131	201	1
131	203	-1
131	209	1
131	215	-1
131	217	1
131	219	1
131	241	-1
131	249	1
131	255	2
131	261	-2
131	305	2
131	442	-2
131	463	2
131	509	-2
131	517	-2
131	561	2
131	698	2
131	719	2
131	765	-2
132	142	1
132	144	1
132	151	-1
132	163	-1
132	169	-1
132	177	1
132	185	-1
132	193	-1
132	200	-1
132	207	1
132	217	-1
132	221	-1
132	230	1
132	241	1
132	247	-1
132	254	-1
132	299	-2
132	314	-2
132	371	2
132	373	-2
132	472	2
132	555	-2
132	570	-2
132	627	2
132	629	-2
132	728	-2
133	135	-1
133	154	1
133	170	1
133	172	-2
133	175	-1
133	177	1
133	198	1
133	211	-1
133	213	1
133	312	2
133	394	-2
133	440	-2
133	459	-2
133	470	-2
133	568	-2
133	650	2
133	696	2
133	715	-2
133	726	2
134	142	-1
134	164	1
134	168	-1
134	184	1
134	191	-1
134	195	-1
134	203	-1
134	226	1
134	231	1
134	241	-1
134	243	1
134	339	2
134	389	-2
134	427	-2
134	448	-2
134	498	2
134	595	-2
134	645	-2
134	683	-2
134	704	-2
134	754	-2
135	138	-1
135	139	-1
135	149	1
135	161	1
135	172	1
135	179	-1
135	194	-1
135	198	-1
135	209	1
135	210	-1
135	247	1
135	248	1
135	255	1
135	394	2
135	398	2
135	419	2
135	455	2
135	486	2
135	650	-2
135	654	2
135	675	2
135	711	-2
135	742	2
136	161	-1
136	173	-1
136	180	-1
136	184	-1
136	196	-1
136	208	-1
136	210	1
136	222	1
136	224	1
136	240	-1
136	264	-2
136	269	-2
136	309	2
136	460	-2
136	482	-2
136	520	2
136	525	2
136	565	-2
136	716	-2
136	738	2
137	138	1
137	160	1
137	183	-1
137	187	1
137	188	-1
137	207	1
137	211	-1
137	252	-1
137	292	2
137	338	2
137	397	2
137	501	2
137	504	-2
137	548	-2
137	594	2
137	653	2
137	757	-2
137	760	2
138	139	1
138	140	-1
138	155	1
138	157	1
138	181	-1
138	182	1
138	228	-1
138	240	-1
138	244	-1
138	247	-1
138	252	-1
138	255	-1
138	276	-2
138	362	-2
138	443	-2
138	455	-2
138	504	-2
138	532	2
138	618	-2
138	699	2
138	711	2
138	760	2
139	194	1
139	197	-1
139	214	1
139	221	-1
139	223	-1
139	242	1
139	247	-1
139	248	-1
139	255	-1
139	315	-2
139	331	2
139	455	-2
139	462	-2
139	497	-2
139	571	-2
139	587	-2
139	711	2
139	718	-2
139	753	-2
140	155	-1
140	157	-1
140	160	-1
140	168	-1
140	194	-1
140	199	1
140	204	-1
140	212	1
140	216	1
140	244	1
140	251	-1
140	262	2
140	276	2
140	294	-2
140	301	2
140	429	-2
140	518	-2
140	532	-2
140	550	-2
140	557	2
140	685	-2
141	149	1
141	151	1
141	158	1
141	160	-1
141	182	-1
141	191	-1
141	237	-1
141	239	1
141	247	1
141	252	1
141	274	2
141	328	2
141	351	2
141	356	2
141	461	2
141	530	2
141	584	-2
141	607	2
141	612	-2
141	717	2
142	174	-1
142	181	-1
142	184	-1
142	200	-1
142	203	1
142	207	1
142	217	-1
142	224	1
142	230	1
142	248	-1
142	299	-2
142	304	2
142	340	-2
142	353	2
142	389	2
142	555	-2
142	560	2
142	596	2
142	609	2
142	645	2
143	144	1
143	162	1
143	166	-1
143	172	-1
143	175	-1
143	210	1
143	215	1
143	227	1
143	240	-1
143	281	2
143	333	2
143	375	-2
143	424	-2
143	454	-2
143	537	-2
143	589	2
143	631	2
143	680	2
143	710	-2
144	145	-1
144	166	-1
144	169	-2
144	175	-1
144	240	-1
144	247	-1
144	281	2
144	298	-2
144	360	2
144	371	2
144	506	-2
144	537	-2
144	554	2
144	616	-2
144	627	2
144	762	-2
145	166	1
145	168	-1
145	169	1
145	172	1
145	186	2
145	200	1
145	232	-1
145	236	-1
145	290	2
145	408	2
145	416	2
145	451	-2
145	506	2
145	546	-2
145	664	-2
145	672	2
145	707	2
145	762	2
146	203	-1
146	217	1
146	234	-1
146	236	-1
146	238	1
146	255	1
146	266	2
146	341	2
146	374	-2
146	494	2
146	508	2
146	522	2
146	597	-2
146	630	2
146	750	2
146	764	2
147	162	1
147	170	1
147	175	-1
147	179	1
147	189	-1
147	202	1
147	209	-1
147	229	1
147	245	-1
147	249	-1
147	255	-1
147	257	2
147	268	-2
147	319	2
147	330	2
147	400	2
147	513	-2
147	524	-2
147	575	2
147	586	-2
147	656	2
148	149	1
148	151	1
148	170	-1
148	192	-1
148	204	-1
148	212	1
148	227	-1
148	242	-1
148	279	2
148	436	2
148	446	-2
148	478	2
148	488	-2
148	535	2
148	692	-2
148	702	2
148	734	-2
148	744	2
149	160	-1
149	189	1
149	204	-1
149	225	-1
149	242	-1
149	243	1
149	247	1
149	248	1
149	313	-2
149	328	2
149	393	-2
149	398	2
149	488	-2
149	569	2
149	584	-2
149	649	2
149	654	2
149	744	2
150	162	-1
150	167	1
150	178	-1
150	183	1
150	185	1
150	188	1
150	196	1
150	202	-1
150	208	1
150	219	1
150	229	-1
150	239	1
150	358	-2
150	372	2
150	382	-2
150	481	-2
150	496	-2
150	614	-2
150	628	-2
150	638	2
150	737	2
150	752	2
151	156	-1
151	182	-1
151	207	-1
151	227	-1
151	235	-1
151	241	-1
151	250	-1
151	254	2
151	274	2
151	293	2
151	355	-2
151	436	2
151	472	-2
151	530	2
151	549	2
151	611	-2
151	692	-2
151	728	2
152	153	-1
152	156	-1
152	165	1
152	171	1
152	185	1
152	195	-1
152	212	1
152	234	-1
152	246	1
152	259	2
152	285	-2
152	307	-2
152	423	2
152	476	2
152	515	-2
152	541	-2
152	563	2
152	679	2
152	732	2
153	158	-1
153	180	-1
153	197	-1
153	215	1
153	222	1
153	238	-1
153	244	-1
153	253	1
153	256	-1
153	306	2
153	334	2
153	444	2
153	476	-2
153	489	-2
153	562	2
153	590	-2
153	700	-2
153	732	-2
153	745	-2
154	155	1
154	163	-1
154	177	1
154	179	1
154	210	1
154	213	1
154	214	1
154	225	1
154	249	-1
154	265	-2
154	318	2
154	335	2
154	392	2
154	459	-2
154	521	-2
154	574	-2
154	591	2
154	648	2
154	715	-2
155	157	1
155	190	-1
155	215	1
155	219	-1
155	236	1
155	243	-1
155	244	-1
155	249	-1
155	265	-2
155	276	-2
155	378	2
155	402	2
155	442	2
155	521	-2
155	532	2
155	634	2
155	658	-2
155	698	-2
156	159	-1
156	165	-1
156	171	-2
156	172	-1
156	218	-1
156	223	-1
156	238	-1
156	245	-1
156	246	-1
156	250	2
156	254	-1
156	259	-2
156	263	-2
156	346	-2
156	355	2
156	368	2
156	515	2
156	519	2
156	602	-2
156	611	2
156	624	-2
157	165	-1
157	167	-1
157	178	1
157	187	1
157	199	-1
157	205	-1
157	214	1
157	216	-1
157	244	-1
157	256	-1
157	276	-2
157	421	-2
157	425	2
157	428	2
157	502	-2
157	532	2
157	677	-2
157	681	2
157	684	-2
157	758	-2
158	180	1
158	205	1
158	215	-1
158	226	1
158	229	-2
158	239	1
158	306	-2
158	356	2
158	409	2
158	465	-2
158	468	-2
158	562	-2
158	612	-2
158	665	2
158	721	-2
158	724	-2
159	199	1
159	208	1
159	216	1
159	218	1
159	235	-1
159	238	1
159	243	1
159	248	1
159	250	-2
159	270	2
159	272	-2
159	346	2
159	483	-2
159	510	-2
159	526	-2
159	528	2
159	602	2
159	739	2
159	766	-2
160	188	-1
160	197	-1
160	200	-1
160	204	1
160	218	-1
160	238	-1
160	247	-1
160	260	-2
160	301	-2
160	328	-2
160	397	2
160	403	-2
160	516	2
160	557	-2
160	584	2
160	653	2
160	659	-2
161	173	1
161	179	-1
161	188	1
161	220	1
161	309	-2
161	324	2
161	357	-2
161	419	2
161	473	-2
161	565	2
161	580	2
161	613	-2
161	675	2
161	729	2
162	176	-1
162	183	-1
162	184	-1
162	196	-1
162	202	1
162	204	1
162	227	1
162	240	-1
162	241	1
162	245	-1
162	249	-1
162	330	2
162	333	2
162	344	-2
162	456	-2
162	496	2
162	586	-2
162	589	2
162	600	2
162	712	-2
162	752	-2
163	179	-1
163	185	1
163	186	1
163	191	-1
163	198	-1
163	228	1
163	230	-1
163	231	1
163	236	-1
163	252	1
163	322	2
163	335	-2
163	373	2
163	405	2
163	437	2
163	578	2
163	591	-2
163	629	2
163	661	2
163	693	2
164	169	1
164	170	-1
164	171	1
164	174	1
164	187	-1
164	207	-1
164	225	-1
164	339	2
164	347	2
164	369	-2
164	417	-2
164	449	-2
164	595	-2
164	603	2
164	625	2
164	673	-2
164	705	2
165	171	1
165	186	1
165	187	-1
165	194	-1
165	205	1
165	212	1
165	233	1
165	246	1
165	251	-1
165	259	2
165	342	-2
165	428	-2
165	458	-2
165	511	2
165	515	-2
165	598	2
165	684	2
165	714	-2
165	767	2
166	169	1
166	249	1
166	254	1
166	255	1
166	275	2
166	286	2
166	454	2
166	506	2
166	509	-2
166	531	-2
166	542	-2
166	710	2
166	762	2
166	765	-2
167	178	-1
167	199	1
167	216	1
167	221	1
167	229	-1
167	231	1
167	233	1
167	256	1
167	278	-2
167	326	2
167	372	2
167	425	-2
167	431	-2
167	534	-2
167	582	-2
167	628	-2
167	681	-2
167	687	2
168	177	1
168	186	-1
168	191	1
168	216	-1
168	243	-1
168	251	1
168	410	2
168	416	-2
168	427	2
168	429	2
168	474	-2
168	666	-2
168	672	-2
168	683	2
168	685	2
168	730	2
169	178	-1
169	195	-1
169	214	-1
169	215	-1
169	227	-1
169	247	1
169	310	-2
169	371	-2
169	391	-2
169	417	-2
169	506	2
169	566	-2
169	627	-2
169	647	2
169	673	-2
169	762	2
170	187	1
170	208	-1
170	209	-1
170	257	2
170	267	2
170	279	-2
170	347	-2
170	470	-2
170	513	-2
170	523	-2
170	535	-2
170	603	-2
170	726	2
171	174	1
171	220	1
171	222	-1
171	225	-1
171	245	1
171	246	1
171	259	2
171	263	2
171	367	2
171	430	-2
171	449	-2
171	515	-2
171	519	-2
171	623	2
171	686	2
171	705	2
172	175	2
172	198	-1
172	210	-1
172	223	1
172	290	2
172	368	-2
172	375	2
172	394	2
172	440	2
172	546	-2
172	624	2
172	631	-2
172	650	-2
172	696	-2
173	174	1
173	175	1
173	178	-1
173	196	1
173	237	-1
173	256	1
173	309	-2
173	359	2
173	376	-2
173	383	2
173	464	-2
173	565	2
173	615	-2
173	632	-2
173	639	-2
173	720	-2
174	175	1
174	193	1
174	225	-1
174	242	-1
174	248	1
174	254	1
174	282	2
174	283	2
174	353	-2
174	359	2
174	449	-2
174	538	-2
174	539	2
174	609	-2
174	615	-2
174	705	2
175	210	-1
175	229	-1
175	359	2
175	360	-2
175	375	2
175	400	-2
175	440	2
175	615	-2
175	616	2
175	631	-2
175	656	-2
175	696	-2
176	179	-1
176	191	-1
176	192	-1
176	195	-1
176	202	-1
176	204	-2
176	207	-1
176	226	1
176	246	2
176	316	-2
176	344	2
176	365	2
176	388	2
176	422	2
176	572	-2
176	600	-2
176	621	-2
176	644	2
176	678	2
177	193	-1
177	213	1
177	221	-1
177	229	1
177	238	-1
177	239	-2
177	277	-2
177	284	-2
177	314	-2
177	410	2
177	459	-2
177	533	-2
177	540	2
177	570	-2
177	666	-2
177	715	-2
178	182	1
178	184	-1
178	208	-1
178	214	1
178	216	-1
178	227	1
178	237	1
178	296	-2
178	382	2
178	383	-2
178	391	2
178	425	2
178	552	2
178	638	-2
178	639	2
178	647	-2
178	681	2
179	189	-1
179	192	1
179	255	-1
179	268	-2
179	335	2
179	419	-2
179	422	-2
179	484	2
179	524	-2
179	591	2
179	675	-2
179	678	-2
179	740	2
180	208	1
180	215	-1
180	219	1
180	222	-1
180	226	1
180	240	1
180	300	-2
180	306	-2
180	352	-2
180	460	2
180	469	-2
180	556	-2
180	562	-2
180	608	-2
180	716	2
180	725	-2
181	193	1
181	213	-1
181	228	1
181	230	-1
181	233	1
181	240	1
181	253	-1
181	288	-2
181	304	-2
181	411	2
181	435	2
181	443	2
181	544	-2
181	560	-2
181	667	-2
181	691	2
181	699	-2
182	184	-1
182	194	1
182	208	-1
182	220	-1
182	239	-1
182	258	-2
182	274	-2
182	291	-2
182	296	-2
182	362	-2
182	514	-2
182	530	-2
182	547	-2
182	552	2
182	618	-2
183	187	-1
183	189	1
183	192	-1
183	196	1
183	211	1
183	228	1
183	237	-1
183	253	-1
183	338	-2
183	386	2
183	390	2
183	438	2
183	496	-2
183	594	-2
183	642	-2
183	646	2
183	694	-2
183	752	2
184	203	-1
184	206	-1
184	210	-1
184	211	1
184	233	1
184	241	-1
184	245	1
184	269	2
184	296	2
184	389	-2
184	456	2
184	475	-2
184	525	-2
184	552	-2
184	645	-2
184	712	2
184	731	2
185	195	-1
185	224	-1
185	230	-1
185	234	-1
185	307	-2
185	373	2
185	377	-2
185	450	2
185	481	-2
185	563	2
185	629	2
185	633	2
185	706	-2
185	737	2
186	191	-1
186	228	1
186	232	-1
186	236	-1
186	322	2
186	416	2
186	434	2
186	451	-2
186	458	-2
186	578	2
186	672	2
186	690	-2
186	707	2
186	714	-2
187	211	-1
187	246	-1
187	280	2
187	308	-2
187	338	2
187	347	-2
187	428	2
187	536	-2
187	564	2
187	594	2
187	603	-2
187	684	-2
188	202	-1
188	219	1
188	220	1
188	234	-1
188	235	-1
188	239	1
188	337	2
188	358	-2
188	379	2
188	397	-2
188	473	-2
188	593	-2
188	614	-2
188	635	-2
188	653	-2
188	729	2
189	190	1
189	197	1
189	202	-1
189	243	1
189	251	-1
189	255	1
189	268	2
189	320	-2
189	380	2
189	390	2
189	393	-2
189	524	2
189	576	2
189	636	-2
189	646	2
189	649	2
190	197	1
190	221	1
190	227	-1
190	241	-1
190	243	1
190	251	-1
190	252	1
190	320	-2
190	323	-2
190	348	2
190	387	-2
190	402	-2
190	576	2
190	579	-2
190	604	-2
190	643	2
190	658	2
191	204	1
191	207	1
191	225	1
191	228	-1
191	237	1
191	243	-1
191	246	-1
191	316	2
191	322	-2
191	351	-2
191	427	2
191	439	2
191	572	2
191	578	-2
191	607	-2
191	683	2
191	695	2
192	203	1
192	206	1
192	216	-1
192	230	2
192	231	-1
192	237	1
192	244	-1
192	370	-2
192	422	-2
192	438	-2
192	478	-2
192	491	-2
192	626	-2
192	678	-2
192	694	2
192	734	2
192	747	-2
193	201	1
193	221	1
193	282	2
193	288	-2
193	314	2
193	412	2
193	487	-2
193	538	-2
193	544	-2
193	570	2
193	668	-2
193	743	2
194	199	-1
194	209	-1
194	210	1
194	212	-1
194	214	1
194	220	-1
194	239	-1
194	251	1
194	258	-2
194	294	2
194	462	-2
194	486	-2
194	511	-2
194	514	-2
194	550	2
194	718	-2
194	742	-2
194	767	-2
195	215	1
195	226	-1
195	231	-1
195	234	1
195	307	2
195	310	2
195	365	-2
195	414	-2
195	498	-2
195	563	-2
195	566	2
195	621	2
195	670	-2
195	754	2
196	217	1
196	224	-1
196	336	2
196	464	-2
196	482	2
196	492	2
196	496	-2
196	592	2
196	720	-2
196	738	-2
196	748	-2
196	752	2
197	200	1
197	238	1
197	247	1
197	251	-1
197	320	-2
197	331	-2
197	403	2
197	406	2
197	489	2
197	576	2
197	587	2
197	659	2
197	662	-2
197	745	2
198	204	1
198	206	1
198	209	-1
198	220	-1
198	225	1
198	245	-1
198	247	-1
198	252	-1
198	381	-2
198	394	-2
198	437	-2
198	471	2
198	485	2
198	637	-2
198	650	2
198	693	-2
198	727	2
198	741	2
199	205	1
199	214	-1
199	243	1
199	248	1
199	256	1
199	294	-2
199	404	2
199	431	-2
199	502	2
199	510	-2
199	550	-2
199	660	-2
199	687	2
199	758	2
199	766	-2
200	217	1
200	224	-1
200	226	1
200	232	-1
200	238	1
200	251	-1
200	299	2
200	403	2
200	408	2
200	418	-2
200	457	2
200	555	2
200	659	2
200	664	-2
200	674	-2
200	713	2
201	203	-1
201	261	-2
201	289	2
201	345	-2
201	396	2
201	412	2
201	517	-2
201	545	-2
201	601	-2
201	652	2
201	668	-2
202	219	-1
202	239	-1
202	246	-1
202	249	-1
202	253	1
202	321	-2
202	330	2
202	358	2
202	380	-2
202	388	-2
202	577	-2
202	586	-2
202	614	2
202	636	2
202	644	-2
203	206	1
203	230	1
203	261	2
203	325	-2
203	370	-2
203	389	2
203	494	-2
203	517	2
203	581	2
203	626	-2
203	645	2
203	750	-2
204	207	1
204	209	-1
204	225	1
204	242	1
204	246	-1
204	301	-2
204	316	2
204	344	-2
204	485	2
204	488	2
204	557	-2
204	572	2
204	600	2
204	741	2
204	744	-2
205	219	1
205	233	1
205	271	2
205	342	-2
205	404	2
205	421	2
205	465	-2
205	527	2
205	598	2
205	660	-2
205	677	2
205	721	-2
206	209	-1
206	211	-1
206	230	1
206	233	-1
206	245	-1
206	247	-1
206	370	-2
206	471	2
206	475	2
206	495	2
206	500	-2
206	626	-2
206	727	2
206	731	-2
206	751	-2
206	756	2
207	224	1
207	241	1
207	246	-1
207	254	-1
207	316	2
207	340	-2
207	369	2
207	472	2
207	501	2
207	572	2
207	596	2
207	625	-2
207	728	-2
207	757	-2
208	216	1
208	240	1
208	267	-2
208	270	2
208	291	2
208	382	-2
208	460	2
208	523	2
208	526	-2
208	547	2
208	638	2
208	716	2
209	210	-1
209	217	1
209	225	-1
209	241	-1
209	257	-2
209	463	2
209	485	-2
209	486	2
209	500	2
209	513	2
209	719	2
209	741	-2
209	742	2
209	756	-2
210	223	-1
210	269	-2
210	375	-2
210	392	2
210	477	2
210	486	-2
210	525	2
210	631	2
210	648	2
210	733	-2
210	742	-2
211	233	1
211	312	-2
211	338	-2
211	350	-2
211	384	-2
211	475	-2
211	568	2
211	594	-2
211	606	-2
211	640	-2
211	731	2
212	235	-1
212	251	-1
212	262	2
212	285	-2
212	446	-2
212	490	2
212	511	2
212	518	-2
212	541	-2
212	702	2
212	746	2
212	767	2
213	222	1
213	233	-2
213	240	-1
213	243	-1
213	253	1
213	297	-2
213	302	-2
213	332	-2
213	435	-2
213	459	-2
213	553	2
213	558	2
213	588	2
213	691	-2
213	715	-2
214	225	1
214	227	1
214	249	-1
214	256	-2
214	318	2
214	391	2
214	401	-2
214	462	-2
214	502	-2
214	574	-2
214	647	-2
214	657	-2
214	718	-2
214	758	-2
215	219	-1
215	250	1
215	306	2
215	310	2
215	424	-2
215	432	-2
215	442	2
215	562	2
215	566	2
215	680	2
215	688	2
215	698	-2
216	230	-1
216	231	1
216	242	-1
216	244	1
216	251	-1
216	270	2
216	395	-2
216	425	-2
216	429	-2
216	491	2
216	526	-2
216	651	-2
216	681	-2
216	685	-2
216	747	2
217	232	-1
217	241	-1
217	299	2
217	374	-2
217	463	2
217	467	-2
217	492	2
217	555	2
217	630	2
217	719	2
217	723	-2
217	748	-2
218	230	-1
218	231	1
218	238	1
218	246	1
218	250	-1
218	251	-1
218	260	2
218	346	2
218	499	-2
218	503	-2
218	505	-2
218	516	-2
218	602	2
218	755	-2
218	759	-2
218	761	-2
219	239	1
219	245	1
219	271	2
219	352	-2
219	358	-2
219	366	2
219	442	-2
219	527	2
219	608	-2
219	614	-2
219	622	2
219	698	2
220	239	1
220	258	2
220	367	2
220	381	2
220	473	-2
220	493	2
220	514	2
220	623	2
220	637	2
220	729	2
220	749	-2
221	231	1
221	233	1
221	241	-1
221	248	1
221	278	-2
221	314	2
221	348	2
221	385	2
221	497	2
221	534	-2
221	570	2
221	604	-2
221	641	-2
221	753	2
222	240	-1
222	243	-1
222	256	-1
222	264	-2
222	300	2
222	302	-2
222	334	2
222	430	2
222	520	2
222	556	2
222	558	2
222	590	-2
222	686	-2
223	242	-1
223	315	2
223	368	-2
223	415	-2
223	452	-2
223	477	-2
223	571	2
223	624	2
223	671	-2
223	708	-2
223	733	2
224	226	-1
224	232	1
224	340	-2
224	364	2
224	377	2
224	418	2
224	482	-2
224	596	2
224	620	2
224	633	-2
224	674	2
224	738	2
225	237	1
225	313	2
225	318	2
225	439	2
225	449	2
225	485	2
225	569	-2
225	574	-2
225	695	2
225	705	-2
225	741	2
226	229	-1
226	232	-1
226	241	-1
226	365	2
226	409	2
226	418	-2
226	448	-2
226	469	-2
226	621	-2
226	665	2
226	674	-2
226	704	-2
226	725	-2
227	240	-1
227	252	-1
227	323	2
227	333	2
227	391	2
227	436	-2
227	445	2
227	579	2
227	589	2
227	647	-2
227	692	2
227	701	2
228	237	-1
228	240	1
228	253	-1
228	287	-2
228	322	2
228	386	2
228	407	-2
228	443	2
228	543	2
228	578	2
228	642	-2
228	663	-2
228	699	-2
229	238	-1
229	239	-1
229	284	-2
229	372	-2
229	400	2
229	409	-2
229	468	2
229	540	2
229	628	2
229	656	2
229	665	-2
229	724	2
230	231	-1
230	244	-1
230	251	1
230	304	2
230	370	-2
230	373	-2
230	491	-2
230	499	2
230	560	2
230	626	-2
230	629	-2
230	747	-2
230	755	2
231	233	1
231	236	-1
231	244	1
231	278	-2
231	405	2
231	491	2
231	498	2
231	503	-2
231	534	-2
231	661	2
231	747	2
231	754	-2
231	759	-2
232	236	1
232	242	1
232	254	-1
232	361	2
232	413	2
232	418	2
232	451	2
232	467	2
232	617	-2
232	669	-2
232	674	2
232	707	-2
232	723	2
233	253	-1
233	278	-2
233	297	2
233	342	-2
233	435	2
233	475	-2
233	534	-2
233	553	-2
233	598	2
233	691	2
233	731	2
234	236	1
234	266	-2
234	307	2
234	337	-2
234	441	2
234	512	-2
234	522	-2
234	563	-2
234	593	2
234	697	2
234	768	2
235	248	-1
235	250	1
235	293	-2
235	349	2
235	379	-2
235	483	2
235	490	-2
235	549	-2
235	605	2
235	635	2
235	739	-2
235	746	-2
236	266	-2
236	363	2
236	378	2
236	405	-2
236	451	2
236	522	-2
236	619	-2
236	634	2
236	661	-2
236	707	-2
237	252	-1
237	383	-2
237	407	2
237	438	-2
237	439	2
237	461	-2
237	639	2
237	663	2
237	694	2
237	695	2
237	717	-2
238	239	1
238	244	1
238	250	-1
238	253	-1
238	255	1
238	284	2
238	346	2
238	403	2
238	444	-2
238	508	2
238	540	-2
238	602	2
238	659	2
238	700	2
238	764	2
239	258	2
239	277	2
239	284	2
239	356	2
239	358	-2
239	514	2
239	533	2
239	540	-2
239	612	-2
239	614	-2
240	243	1
240	298	2
240	302	2
240	333	-2
240	443	2
240	460	2
240	554	-2
240	558	-2
240	589	-2
240	699	-2
240	716	2
241	245	-1
241	254	-1
241	348	-2
241	448	2
241	456	-2
241	463	-2
241	472	2
241	604	2
241	704	2
241	712	-2
241	719	-2
241	728	-2
242	254	-1
242	283	-2
242	315	-2
242	361	2
242	395	2
242	488	2
242	539	-2
242	571	-2
242	617	-2
242	651	2
242	744	-2
243	248	1
243	302	2
243	393	-2
243	402	-2
243	427	-2
243	510	-2
243	558	-2
243	649	2
243	658	2
243	683	-2
243	766	-2
244	249	1
244	253	-1
244	276	2
244	444	-2
244	447	-2
244	480	2
244	491	2
244	532	-2
244	700	2
244	703	2
244	736	-2
244	747	2
245	247	1
245	263	2
245	319	-2
245	366	2
245	456	2
245	471	-2
245	519	-2
245	575	-2
245	622	2
245	712	2
245	727	-2
246	259	2
246	280	-2
246	316	-2
246	388	2
246	505	-2
246	515	-2
246	536	2
246	572	-2
246	644	2
246	761	-2
247	255	1
247	328	2
247	371	-2
247	406	2
247	455	2
247	471	-2
247	584	-2
247	627	-2
247	662	-2
247	711	-2
247	727	-2
248	349	-2
248	353	-2
248	398	2
248	497	2
248	510	-2
248	605	-2
248	609	-2
248	654	2
248	753	2
248	766	-2
249	255	1
249	256	1
249	265	2
249	330	-2
249	401	2
249	480	2
249	509	-2
249	521	2
249	586	2
249	657	2
249	736	-2
249	765	-2
250	254	-1
250	329	2
250	346	-2
250	355	2
250	432	-2
250	483	2
250	585	2
250	602	-2
250	611	2
250	688	2
250	739	-2
251	320	2
251	429	2
251	457	-2
251	499	2
251	511	-2
251	576	-2
251	685	2
251	713	-2
251	755	2
251	767	-2
252	323	-2
252	420	-2
252	437	2
252	461	2
252	504	2
252	579	-2
252	676	2
252	693	2
252	717	2
252	760	-2
253	321	-2
253	386	-2
253	399	-2
253	435	-2
253	444	2
253	577	-2
253	642	2
253	655	2
253	691	-2
253	700	-2
254	275	2
254	283	2
254	355	-2
254	413	-2
254	472	-2
254	531	-2
254	539	2
254	611	-2
254	669	2
254	728	2
255	268	2
255	305	2
255	455	2
255	508	2
255	509	-2
255	524	2
255	561	2
255	711	-2
255	764	2
255	765	-2
256	326	2
256	334	-2
256	376	-2
256	401	2
256	502	2
256	582	-2
256	590	2
256	632	-2
256	657	2
256	758	2
257	513	-3
258	514	3
259	515	-3
260	516	-3
261	517	3
262	518	-3
263	519	-3
264	520	-3
265	521	3
266	522	3
267	523	-3
268	524	3
269	525	-3
270	526	-3
271	527	3
272	528	-3
273	529	-3
274	530	3
275	531	-3
276	532	-3
277	533	3
278	534	3
279	535	3
280	536	-3
281	537	-3
282	538	-3
283	539	3
284	540	-3
285	541	3
286	542	-3
287	543	-3
288	544	3
289	545	-3
290	546	-3
291	547	3
292	548	-3
293	549	3
294	550	3
295	551	-3
296	552	-3
297	553	-3
298	554	-3
299	555	3
300	556	3
301	557	3
302	558	-3
303	559	3
304	560	3
305	561	3
306	562	3
307	563	-3
308	564	-3
309	565	-3
310	566	3
311	567	3
312	568	-3
313	569	-3
314	570	3
315	571	3
316	572	3
317	573	3
318	574	-3
319	575	3
320	576	-3
321	577	3
322	578	3
323	579	3
324	580	3
325	581	-3
326	582	-3
327	583	3
328	584	-3
329	585	3
330	586	-3
331	587	-3
332	588	-3
333	589	3
334	590	-3
335	591	3
336	592	3
337	593	-3
338	594	3
339	595	-3
340	596	-3
341	597	-3
342	598	-3
343	599	-3
344	600	-3
345	601	3
346	602	3
347	603	3
348	604	-3
349	605	3
350	606	3
351	607	3
352	608	3
353	609	3
354	610	-3
355	611	3
356	612	-3
357	613	3
358	614	3
359	615	-3
360	616	-3
361	617	-3
362	618	3
363	619	-3
364	620	3
365	621	-3
366	622	3
367	623	3
368	624	-3
369	625	-3
370	626	3
371	627	3
372	628	-3
373	629	3
374	630	-3
375	631	-3
376	632	3
377	633	-3
378	634	3
379	635	-3
380	636	-3
381	637	3
382	638	-3
383	639	-3
384	640	3
385	641	-3
386	642	-3
387	643	-3
388	644	3
389	645	3
390	646	3
391	647	-3
392	648	3
393	649	-3
394	650	-3
395	651	3
396	652	3
397	653	3
398	654	3
399	655	-3
400	656	3
401	657	3
402	658	-3
403	659	3
404	660	-3
405	661	3
406	662	-3
407	663	3
408	664	-3
409	665	3
410	666	-3
411	667	-3
412	668	-3
413	669	-3
414	670	3
415	671	3
416	672	3
417	673	3
418	674	3
419	675	3
420	676	-3
421	677	3
422	678	3
423	679	3
424	680	-3
425	681	3
426	682	-3
427	683	3
428	684	-3
429	685	3
430	686	-3
431	687	-3
432	688	-3
433	689	3
434	690	-3
435	691	3
436	692	-3
437	693	3
438	694	-3
439	695	3
440	696	-3
441	697	3
442	698	-3
443	699	-3
444	700	-3
445	701	3
446	702	-3
447	703	-3
448	704	3
449	705	-3
450	706	-3
451	707	-3
452	708	3
453	709	-3
454	710	3
455	711	-3
456	712	3
457	713	3
458	714	3
459	715	3
460	716	3
461	717	3
462	718	3
463	719	3
464	720	3
465	721	3
466	722	3
467	723	3
468	724	3
469	725	3
470	726	-3
471	727	3
472	728	-3
473	729	-3
474	730	-3
475	731	-3
476	732	3
477	733	-3
478	734	-3
479	735	3
480	736	-3
481	737	-3
482	738	-3
483	739	-3
484	740	3
485	741	3
486	742	3
487	743	-3
488	744	-3
489	745	3
490	746	3
491	747	3
492	748	-3
493	749	-3
494	750	3
495	751	-3
496	752	-3
497	753	3
498	754	-3
499	755	3
500	756	-3
501	757	-3
502	758	3
503	759	3
504	760	-3
505	761	3
506	762	3
507	763	-3
508	764	3
509	765	3
510	766	3
511	767	3
512	768	-3
