1	1	5
2	2	5
3	3	5
4	4	-5
5	5	-5
6	6	5
7	7	5
8	8	5
9	9	5
10	10	5
11	11	-5
12	12	-5
13	13	5
14	14	-5
15	15	-5
16	16	5
17	17	5
18	18	5
19	19	-5
20	20	5
21	21	-5
22	22	-5
23	23	5
24	24	-5
25	25	5
26	26	-5
27	27	5
28	28	5
29	29	5
30	30	-5
31	31	5
32	32	-5
33	33	-5
34	34	-5
35	35	-5
36	36	5
37	37	5
38	38	5
39	39	5
40	40	-5
41	41	5
42	42	5
43	43	-5
44	44	-5
45	45	-5
46	46	-5
47	47	-5
48	48	-5
49	49	5
50	50	5
51	51	-5
52	52	5
53	53	-5
54	54	5
55	55	5
56	56	5
57	57	-5
58	58	5
59	59	5
60	60	-5
61	61	-5
62	62	-5
63	63	-5
64	64	-5
65	65	5
66	66	5
67	67	-5
68	68	-5
69	69	5
70	70	-5
71	71	-5
72	72	-5
73	73	-5
74	74	5
75	75	5
76	76	-5
77	77	5
78	78	5
79	79	5
80	80	-5
81	81	-5
82	82	-5
83	83	5
84	84	-5
85	85	5
86	86	-5
87	87	-5
88	88	5
89	89	5
90	90	5
91	91	5
92	92	5
93	93	5
94	94	5
95	95	5
96	96	5
97	97	5
98	98	-5
99	99	5
100	100	-5
101	101	5
102	102	5
103	103	-5
104	104	5
105	105	-5
106	106	-5
107	107	5
108	108	5
109	109	-5
110	110	5
111	111	5
112	112	-5
113	113	5
114	114	5
115	115	-5
116	116	5
117	117	-5
118	118	-5
119	119	5
120	120	5
121	121	-5
122	122	-5
123	123	-5
124	124	-5
125	125	5
126	126	-5
127	127	-5
128	128	-5
129	129	5
130	130	-5
131	131	-5
132	132	-5
133	133	5
134	134	-5
135	135	-5
136	136	-5
137	137	-5
138	138	5
139	139	-5
140	140	-5
141	141	-5
142	142	5
143	143	5
144	144	-5
145	145	5
146	146	-5
147	147	5
148	148	-5
149	149	5
150	150	5
151	151	-5
152	152	5
153	153	5
154	154	-5
155	155	-5
156	156	5
157	157	-5
158	158	-5
159	159	-5
160	160	-5
161	161	5
162	162	-5
163	163	5
164	164	5
165	165	5
166	166	5
167	167	5
168	168	-5
169	169	-5
170	170	5
171	171	5
172	172	5
173	173	5
174	174	5
175	175	-5
176	176	-5
177	177	-5
178	178	-5
179	179	-5
180	180	5
181	181	5
182	182	5
183	183	5
184	184	5
185	185	-5
186	186	-5
187	187	5
188	188	5
189	189	-5
190	190	-5
191	191	5
192	192	-5
193	193	5
194	194	5
195	195	-5
196	196	5
197	197	5
198	198	5
199	199	-5
200	200	5
201	201	-5
202	202	-5
203	203	-5
204	204	5
205	205	5
206	206	-5
207	207	-5
208	208	5
209	209	-5
210	210	5
211	211	-5
212	212	5
213	213	5
214	214	-5
215	215	5
216	216	-5
217	217	-5
218	218	5
219	219	-5
220	220	-5
221	221	-5
222	222	5
223	223	-5
224	224	-5
225	225	-5
226	226	-5
227	227	-5
228	228	5
229	229	5
230	230	-5
231	231	-5
232	232	5
233	233	-5
234	234	5
235	235	-5
236	236	5
237	237	-5
238	238	5
239	239	-5
240	240	-5
241	241	-5
242	242	5
243	243	-5
244	244	-5
245	245	5
246	246	-5
247	247	-5
248	248	5
249	249	-5
250	250	5
251	251	-5
252	252	-5
253	253	5
254	254	-5
255	255	5
256	256	-5
257	257	3
258	258	1
259	259	-1
260	260	3
261	261	1
262	262	1
263	263	-1
264	264	-1
265	265	1
266	266	1
267	267	-1
268	268	-1
269	269	-3
270	270	3
271	271	-1
272	272	3
273	273	-3
274	274	-3
275	275	1
276	276	-1
277	277	1
278	278	1
279	279	3
280	280	3
281	281	-3
282	282	-1
283	283	-3
284	284	-1
285	285	1
286	286	1
287	287	-3
288	288	-1
289	289	1
290	290	-1
291	291	1
292	292	-1
293	293	3
294	294	3
295	295	-1
296	296	-3
297	297	1
298	298	1
299	299	3
300	300	1
301	301	1
302	302	-1
303	303	-3
304	304	-1
305	305	3
306	306	1
307	307	-3
308	308	-1
309	309	1
310	310	1
311	311	3
312	312	-1
313	313	-3
314	314	1
315	315	1
316	316	3
317	317	1
318	318	3
319	319	1
320	320	-3
321	321	-3
322	322	3
323	323	1
324	324	-3
325	325	1
326	326	-3
327	327	3
328	328	-1
329	329	-3
330	330	1
331	331	1
332	332	-3
333	333	1
334	334	-3
335	335	1
336	336	-1
337	337	1
338	338	-3
339	339	1
340	340	-3
341	341	3
342	342	3
343	343	-3
344	344	-3
345	345	1
346	346	1
347	347	-1
348	348	3
349	349	1
350	350	3
351	351	-3
352	352	-3
353	353	-3
354	354	3
355	355	1
356	356	3
357	357	-1
358	358	-1
359	359	3
360	360	-3
361	361	-1
362	362	3
363	363	3
364	364	-1
365	365	-3
366	366	-1
367	367	-3
368	368	3
369	369	1
370	370	-1
371	371	3
372	372	-3
373	373	1
374	374	-1
375	375	1
376	376	3
377	377	-1
378	378	3
379	379	-3
380	380	1
381	381	3
382	382	3
383	383	1
384	384	1
385	385	-3
386	386	-1
387	387	-1
388	388	1
389	389	3
390	390	1
391	391	1
392	392	-1
393	393	-1
394	394	3
395	395	1
396	396	1
397	397	-3
398	398	-3
399	399	-1
400	400	3
401	401	1
402	402	-1
403	403	-3
404	404	-3
405	405	3
406	406	-1
407	407	1
408	408	-1
409	409	-3
410	410	-1
411	411	-1
412	412	1
413	413	-3
414	414	1
415	415	1
416	416	-3
417	417	1
418	418	1
419	419	1
420	420	3
421	421	1
422	422	-1
423	423	-3
424	424	-3
425	425	-3
426	426	-1
427	427	1
428	428	1
429	429	-3
430	430	-3
431	431	1
432	432	3
433	433	3
434	434	1
435	435	1
436	436	-3
437	437	1
438	438	-1
439	439	-3
440	440	-3
441	441	-3
442	442	-3
443	443	-3
444	444	1
445	445	3
446	446	-1
447	447	1
448	448	-3
449	449	-3
450	450	1
451	451	-3
452	452	3
453	453	1
454	454	-1
455	455	3
456	456	-1
457	457	3
458	458	-3
459	459	-1
460	460	1
461	461	3
462	462	-3
463	463	3
464	464	-1
465	465	1
466	466	3
467	467	3
468	468	-3
469	469	3
470	470	-3
471	471	1
472	472	3
473	473	3
474	474	-3
475	475	1
476	476	-1
477	477	-1
478	478	-3
479	479	3
480	480	3
481	481	-3
482	482	3
483	483	-3
484	484	3
485	485	1
486	486	1
487	487	-1
488	488	-3
489	489	-3
490	490	1
491	491	-1
492	492	-3
493	493	1
494	494	3
495	495	-1
496	496	-3
497	497	-3
498	498	1
499	499	-3
500	500	-1
501	501	3
502	502	1
503	503	1
504	504	3
505	505	-3
506	506	3
507	507	1
508	508	-3
509	509	3
510	510	1
511	511	-3
512	512	-1
513	513	1
514	514	-3
515	515	-3
516	516	1
517	517	3
518	518	3
519	519	-3
520	520	3
521	521	3
522	522	-3
523	523	3
524	524	-3
525	525	1
526	526	-1
527	527	3
528	528	-1
529	529	1
530	530	1
531	531	-3
532	532	3
533	533	-3
534	534	-3
535	535	1
536	536	-1
537	537	1
538	538	-3
539	539	-1
540	540	3
541	541	3
542	542	-3
543	543	-1
544	544	-3
545	545	-3
546	546	-3
547	547	-3
548	548	3
549	549	-1
550	550	-1
551	551	3
552	552	-1
553	553	-3
554	554	-3
555	555	1
556	556	-3
557	557	-3
558	558	-3
559	559	1
560	560	3
561	561	1
562	562	3
563	563	1
564	564	-3
565	565	3
566	566	-3
567	567	1
568	568	3
569	569	-1
570	570	3
571	571	-3
572	572	-1
573	573	-3
574	574	-1
575	575	-3
576	576	1
577	577	-1
578	578	-1
579	579	3
580	580	-1
581	581	-3
582	582	1
583	583	-1
584	584	3
585	585	1
586	586	-3
587	587	-3
588	588	-1
589	589	3
590	590	-1
591	591	3
592	592	3
593	593	-3
594	594	-1
595	595	-3
596	596	-1
597	597	-1
598	598	-1
599	599	1
600	600	-1
601	601	3
602	602	-3
603	603	3
604	604	1
605	605	3
606	606	1
607	607	-1
608	608	-1
609	609	1
610	610	-1
611	611	3
612	612	1
613	613	3
614	614	-3
615	615	-1
616	616	1
617	617	3
618	618	-1
619	619	-1
620	620	3
621	621	-1
622	622	-3
623	623	-1
624	624	1
625	625	3
626	626	3
627	627	-1
628	628	-1
629	629	-3
630	630	-3
631	631	-3
632	632	1
633	633	3
634	634	-1
635	635	-1
636	636	3
637	637	1
638	638	-1
639	639	-3
640	640	-3
641	641	1
642	642	-3
643	643	-3
644	644	3
645	645	-1
646	646	3
647	647	-3
648	648	-3
649	649	3
650	650	-1
651	651	3
652	652	3
653	653	1
654	654	-1
655	655	-3
656	656	-1
657	657	3
658	658	-3
659	659	1
660	660	1
661	661	-1
662	662	-3
663	663	3
664	664	-3
665	665	-1
666	666	3
667	667	3
668	668	3
669	669	1
670	670	-3
671	671	3
672	672	1
673	673	-3
674	674	-3
675	675	3
676	676	-1
677	677	-3
678	678	3
679	679	-1
680	680	1
681	681	1
682	682	3
683	683	3
684	684	-3
685	685	-1
686	686	1
687	687	3
688	688	-1
689	689	1
690	690	3
691	691	3
692	692	1
693	693	3
694	694	3
695	695	-1
696	696	1
697	697	1
698	698	1
699	699	-1
700	700	-3
701	701	1
702	702	3
703	703	-3
704	704	1
705	705	-1
706	706	3
707	707	-1
708	708	-1
709	709	-3
710	710	3
711	711	-1
712	712	-3
713	713	-1
714	714	-1
715	715	3
716	716	3
717	717	-1
718	718	1
719	719	-1
720	720	-3
721	721	3
722	722	-1
723	723	-1
724	724	-1
725	725	-1
726	726	-1
727	727	3
728	728	-1
729	729	-1
730	730	1
731	731	-3
732	732	3
733	733	-3
734	734	-1
735	735	1
736	736	1
737	737	1
738	738	-1
739	739	-1
740	740	-1
741	741	3
742	742	-3
743	743	-3
744	744	-1
745	745	-1
746	746	3
747	747	-3
748	748	1
749	749	3
750	750	1
751	751	-3
752	752	1
753	753	1
754	754	3
755	755	1
756	756	3
757	757	1
758	758	-3
759	759	3
760	760	1
761	761	-1
762	762	-1
763	763	3
764	764	-1
765	765	-1
766	766	3
767	767	1
768	768	3
1	5	-1
1	12	-1
1	14	-1
1	19	-1
1	28	1
1	43	-1
1	48	-1
1	50	1
1	70	-1
1	121	-1
1	148	-1
1	156	1
1	158	-1
1	168	-1
1	180	1
1	188	1
1	226	-1
1	233	-1
1	234	1
1	251	-1
1	285	2
1	286	2
1	290	-2
1	394	2
1	496	-2
1	541	2
1	542	-2
1	546	-2
1	650	-2
1	752	2
2	16	1
2	17	1
2	38	1
2	43	-1
2	49	1
2	52	1
2	65	1
2	81	-1
2	99	1
2	108	1
2	112	-1
2	126	-1
2	154	-1
2	163	1
2	164	1
2	170	1
2	201	-1
2	222	1
2	230	-1
2	237	-1
2	328	-2
2	388	2
2	417	2
2	471	2
2	497	-2
2	584	2
2	644	2
2	673	-2
2	727	2
2	753	2
3	9	1
3	16	1
3	18	1
3	42	1
3	44	-1
3	60	-1
3	62	-1
3	75	1
3	124	-1
3	125	1
3	151	-1
3	188	1
3	191	1
3	194	1
3	203	-1
3	228	1
3	244	-1
3	250	1
3	251	-1
3	254	-1
3	267	-2
3	309	2
3	360	-2
3	485	2
3	508	-2
3	523	2
3	565	2
3	616	2
3	741	2
3	764	-2
4	10	-1
4	40	1
4	56	-1
4	61	1
4	69	-1
4	82	1
4	96	-1
4	107	-1
4	116	-1
4	121	1
4	125	-1
4	129	-1
4	140	1
4	173	-1
4	180	-1
4	196	-1
4	201	1
4	213	-1
4	231	1
4	242	-1
4	326	2
4	358	2
4	433	-2
4	467	-2
4	504	-2
4	582	-2
4	614	2
4	689	-2
4	723	2
4	760	-2
5	8	-1
5	13	-1
5	26	1
5	33	1
5	43	1
5	48	1
5	50	-1
5	63	1
5	67	1
5	70	1
5	79	-1
5	80	1
5	131	1
5	158	1
5	175	1
5	180	-1
5	181	-1
5	185	1
5	189	1
5	289	-2
5	331	-2
5	447	-2
5	496	2
5	505	2
5	545	2
5	587	2
5	703	2
5	752	-2
5	761	2
6	14	-1
6	20	1
6	34	-1
6	40	-1
6	60	-1
6	65	1
6	85	1
6	115	-1
6	122	-1
6	127	-1
6	130	-1
6	144	-1
6	156	1
6	183	1
6	194	1
6	195	-1
6	219	-1
6	225	-1
6	251	-1
6	255	1
6	300	2
6	340	-2
6	413	-2
6	422	-2
6	446	-2
6	556	-2
6	596	-2
6	669	2
6	678	2
6	702	2
7	25	1
7	35	-2
7	36	1
7	54	1
7	89	1
7	96	1
7	121	-1
7	123	-1
7	160	-1
7	161	1
7	165	1
7	176	-1
7	180	1
7	181	1
7	188	1
7	207	-1
7	237	-1
7	240	-1
7	244	-1
7	261	2
7	284	-2
7	321	-2
7	325	2
7	341	2
7	517	2
7	540	2
7	577	-2
7	581	-2
7	597	-2
8	13	1
8	20	1
8	47	-1
8	53	-1
8	58	1
8	78	1
8	90	1
8	128	-1
8	131	-1
8	146	-1
8	152	1
8	155	-1
8	185	-1
8	187	1
8	201	-1
8	230	-1
8	232	1
8	238	1
8	252	-1
8	348	2
8	379	-2
8	447	2
8	488	-2
8	500	-2
8	604	2
8	635	-2
8	703	-2
8	744	-2
8	756	2
9	11	-1
9	59	1
9	111	1
9	112	-1
9	118	-1
9	133	1
9	159	-1
9	160	-1
9	164	1
9	188	1
9	200	1
9	211	-1
9	213	1
9	223	-1
9	235	-1
9	241	-1
9	251	-1
9	254	-1
9	256	-1
9	291	2
9	309	2
9	334	-2
9	370	-2
9	462	-2
9	547	-2
9	565	2
9	590	-2
9	626	2
9	718	2
10	17	1
10	22	-1
10	25	1
10	75	1
10	98	-1
10	102	1
10	106	-1
10	109	-1
10	140	-1
10	143	1
10	154	-1
10	167	1
10	173	1
10	180	1
10	197	1
10	201	-1
10	211	-1
10	219	-1
10	242	1
10	282	-2
10	326	-2
10	387	-2
10	427	2
10	459	-2
10	538	-2
10	582	2
10	643	-2
10	683	2
10	715	2
11	44	1
11	64	1
11	72	1
11	93	-1
11	124	1
11	137	1
11	156	-1
11	159	1
11	166	-1
11	172	-1
11	175	1
11	183	-1
11	212	-1
11	225	1
11	235	1
11	241	1
11	243	1
11	245	-1
11	250	-1
11	292	2
11	370	2
11	377	2
11	414	-2
11	445	-2
11	548	-2
11	626	-2
11	633	-2
11	670	2
11	701	-2
12	34	1
12	48	1
12	52	-1
12	56	-1
12	77	-1
12	87	1
12	102	-1
12	119	-1
12	151	1
12	156	-1
12	162	1
12	175	1
12	226	2
12	227	1
12	234	-1
12	239	1
12	240	1
12	247	1
12	258	-2
12	356	-2
12	394	-2
12	490	-2
12	510	-2
12	514	2
12	612	-2
12	650	2
12	746	-2
12	766	-2
13	29	1
13	30	-1
13	88	1
13	91	1
13	131	-1
13	134	-1
13	135	-1
13	137	-1
13	146	-1
13	177	-1
13	178	-1
13	185	-1
13	195	-1
13	208	1
13	211	-1
13	218	1
13	248	1
13	250	1
13	274	-2
13	429	-2
13	442	-2
13	447	2
13	495	-2
13	530	2
13	685	-2
13	698	2
13	703	-2
13	751	-2
14	21	1
14	30	1
14	43	1
14	48	1
14	55	-1
14	78	-1
14	88	-1
14	103	1
14	127	1
14	136	1
14	138	-1
14	143	-1
14	166	-1
14	179	2
14	183	-1
14	188	-1
14	195	1
14	259	2
14	286	-2
14	296	2
14	340	2
14	398	2
14	515	2
14	542	2
14	552	2
14	596	2
14	654	2
15	22	1
15	24	1
15	36	-1
15	50	-1
15	57	1
15	80	1
15	92	-1
15	96	-1
15	99	-1
15	102	-2
15	108	-1
15	114	-1
15	124	1
15	138	-1
15	153	-1
15	191	-1
15	243	1
15	250	-2
15	399	2
15	473	-2
15	482	-2
15	491	2
15	494	-2
15	655	2
15	729	2
15	738	2
15	747	2
15	750	-2
16	17	1
16	48	-1
16	60	-1
16	92	1
16	102	1
16	103	-1
16	108	1
16	132	-1
16	147	1
16	149	1
16	151	-1
16	162	-1
16	191	1
16	212	1
16	217	-1
16	218	1
16	222	1
16	244	-1
16	360	-2
16	388	2
16	430	-2
16	441	-2
16	461	2
16	616	2
16	644	2
16	686	2
16	697	2
16	717	-2
17	45	-1
17	75	1
17	76	-1
17	108	1
17	139	-1
17	154	-1
17	155	-1
17	156	1
17	173	1
17	197	1
17	211	-1
17	219	-1
17	222	2
17	244	-1
17	245	1
17	248	1
17	282	-2
17	383	2
17	388	2
17	439	-2
17	476	-2
17	538	-2
17	639	-2
17	644	2
17	695	-2
17	732	2
18	33	-1
18	35	-1
18	39	1
18	44	-1
18	73	-1
18	75	1
18	84	-1
18	121	-1
18	125	1
18	131	-1
18	152	1
18	184	1
18	192	-1
18	205	1
18	206	-1
18	216	-1
18	231	-1
18	250	1
18	254	-1
18	267	-2
18	353	-2
18	408	-2
18	421	2
18	435	2
18	523	2
18	609	2
18	664	-2
18	677	-2
18	691	2
19	38	-1
19	42	-1
19	77	-1
19	84	1
19	90	-1
19	107	-1
19	121	1
19	127	1
19	129	-1
19	140	1
19	164	-1
19	168	1
19	189	1
19	193	-1
19	219	1
19	221	1
19	233	1
19	234	-1
19	240	1
19	260	-2
19	290	2
19	371	-2
19	432	-2
19	474	2
19	516	-2
19	546	2
19	627	2
19	688	2
19	730	-2
20	29	1
20	53	-1
20	74	1
20	88	1
20	91	1
20	92	1
20	101	1
20	110	1
20	130	-1
20	142	1
20	144	-1
20	158	-1
20	175	-1
20	187	1
20	193	1
20	194	1
20	230	-1
20	238	1
20	380	2
20	422	-2
20	480	2
20	483	-2
20	488	-2
20	636	2
20	678	2
20	736	2
20	739	-2
20	744	-2
21	24	1
21	31	-1
21	51	1
21	55	-1
21	73	2
21	74	-1
21	83	-1
21	86	1
21	89	-1
21	103	1
21	104	-1
21	110	-1
21	111	-1
21	135	1
21	179	1
21	189	1
21	199	1
21	235	1
21	372	2
21	389	-2
21	398	2
21	405	-2
21	509	-2
21	628	2
21	645	2
21	654	2
21	661	2
21	765	2
22	53	1
22	56	-1
22	57	1
22	77	-1
22	80	1
22	98	1
22	106	1
22	108	-1
22	122	1
22	128	1
22	130	1
22	153	-1
22	161	-1
22	167	-1
22	189	1
22	199	1
22	202	1
22	241	1
22	304	2
22	323	-2
22	427	-2
22	491	2
22	498	-2
22	560	-2
22	579	-2
22	683	-2
22	747	2
22	754	-2
23	62	-1
23	66	1
23	72	-1
23	82	-1
23	83	1
23	87	-1
23	99	1
23	132	-1
23	146	-1
23	147	1
23	149	1
23	152	1
23	204	1
23	207	-1
23	214	-1
23	219	-1
23	224	-1
23	231	-1
23	253	1
23	254	-1
23	257	2
23	280	2
23	327	2
23	416	-2
23	434	2
23	513	2
23	536	-2
23	583	-2
23	672	2
23	690	2
24	36	-1
24	41	-1
24	50	-1
24	57	1
24	63	1
24	73	1
24	83	-1
24	99	-1
24	100	1
24	136	1
24	152	-1
24	158	1
24	161	-1
24	189	1
24	194	-1
24	196	-1
24	206	1
24	245	-1
24	302	2
24	368	-2
24	494	-2
24	506	-2
24	509	-2
24	558	2
24	624	-2
24	750	-2
24	762	2
24	765	2
25	27	1
25	32	-1
25	35	-1
25	72	-1
25	99	1
25	100	-1
25	115	-1
25	143	1
25	156	1
25	160	-1
25	165	1
25	177	-1
25	197	1
25	203	-1
25	207	-1
25	209	-1
25	242	1
25	245	1
25	325	2
25	363	2
25	387	-2
25	460	2
25	465	2
25	581	-2
25	619	-2
25	643	-2
25	716	2
25	721	2
26	33	1
26	43	1
26	48	1
26	79	-1
26	80	1
26	85	-1
26	117	1
26	122	1
26	134	1
26	137	1
26	138	-1
26	141	1
26	154	2
26	160	1
26	189	1
26	193	-1
26	208	-1
26	217	1
26	289	-2
26	345	-2
26	357	2
26	369	-2
26	391	-2
26	545	2
26	601	-2
26	613	-2
26	625	-2
26	647	2
27	51	-1
27	52	1
27	64	-1
27	68	-1
27	69	1
27	79	1
27	94	1
27	100	-1
27	115	-1
27	119	1
27	159	-1
27	171	2
27	188	1
27	209	-1
27	223	-1
27	229	1
27	251	-1
27	254	-1
27	270	2
27	299	2
27	346	2
27	460	2
27	470	-2
27	526	-2
27	555	2
27	602	-2
27	716	2
27	726	-2
28	32	-1
28	47	-1
28	57	-1
28	59	1
28	69	1
28	70	-1
28	86	-1
28	94	1
28	95	1
28	122	-1
28	148	-1
28	169	-1
28	173	1
28	182	1
28	194	1
28	198	1
28	227	-1
28	234	1
28	251	-1
28	265	2
28	273	-2
28	285	2
28	448	-2
28	475	2
28	521	2
28	529	2
28	541	2
28	704	2
28	731	-2
29	68	-1
29	71	-1
29	88	1
29	91	1
29	110	1
29	118	-1
29	134	-1
29	135	-1
29	137	-1
29	144	-1
29	150	1
29	164	1
29	174	1
29	177	-1
29	197	1
29	212	1
29	239	-1
29	256	-1
29	263	-2
29	318	2
29	442	-2
29	477	-2
29	480	2
29	519	-2
29	574	-2
29	698	2
29	733	-2
29	736	2
30	31	-1
30	34	1
30	78	-1
30	79	-1
30	80	1
30	98	1
30	103	1
30	109	1
30	118	1
30	134	1
30	136	1
30	143	-1
30	163	-1
30	187	-1
30	208	-1
30	235	1
30	247	1
30	248	-1
30	259	2
30	311	-2
30	381	-2
30	428	-2
30	429	2
30	515	2
30	567	-2
30	637	-2
30	684	2
30	685	2
31	64	-1
31	70	-1
31	79	1
31	83	1
31	104	1
31	111	1
31	116	1
31	118	-1
31	135	-1
31	149	1
31	168	-1
31	170	1
31	223	-1
31	232	1
31	234	1
31	235	-1
31	247	-1
31	252	-1
31	293	2
31	343	-2
31	372	-2
31	381	2
31	458	-2
31	549	-2
31	599	2
31	628	-2
31	637	2
31	714	-2
32	39	-1
32	65	-1
32	69	-1
32	76	1
32	94	-1
32	99	-1
32	122	1
32	130	1
32	131	1
32	135	1
32	165	-1
32	178	1
32	197	-1
32	198	-1
32	203	1
32	213	-1
32	237	1
32	245	-1
32	265	-2
32	320	2
32	355	-2
32	363	-2
32	449	2
32	521	-2
32	576	-2
32	611	-2
32	619	2
32	705	2
33	41	-1
33	48	1
33	49	-1
33	70	1
33	78	-1
33	79	-1
33	84	1
33	97	-1
33	152	-1
33	167	-1
33	177	1
33	180	-1
33	192	1
33	205	-2
33	216	1
33	231	1
33	287	2
33	289	-2
33	297	-2
33	382	-2
33	435	-2
33	543	2
33	545	2
33	553	2
33	638	2
33	691	-2
34	40	1
34	52	-1
34	55	-1
34	77	-1
34	86	1
34	93	-1
34	98	1
34	102	-1
34	109	1
34	122	1
34	158	1
34	187	-1
34	195	1
34	204	-2
34	209	1
34	219	1
34	311	-2
34	356	-2
34	367	2
34	413	2
34	478	2
34	567	-2
34	612	-2
34	623	2
34	669	-2
34	734	2
35	39	-1
35	54	-1
35	58	-1
35	89	-1
35	104	-1
35	106	1
35	143	-1
35	160	1
35	161	-1
35	165	-1
35	170	-1
35	207	1
35	210	-1
35	214	1
35	231	1
35	254	1
35	307	2
35	321	2
35	322	-2
35	325	-2
35	408	2
35	563	-2
35	577	2
35	578	2
35	581	2
35	664	2
36	50	1
36	67	-1
36	93	1
36	96	1
36	97	1
36	98	-1
36	99	1
36	105	-1
36	138	1
36	140	-1
36	157	-1
36	180	1
36	202	-1
36	205	1
36	218	1
36	237	-1
36	246	-1
36	276	-2
36	284	-2
36	373	2
36	492	-2
36	494	2
36	532	2
36	540	2
36	629	-2
36	748	2
36	750	2
37	49	1
37	51	-1
37	61	-1
37	81	-1
37	93	1
37	104	1
37	107	1
37	118	-1
37	125	1
37	128	-1
37	139	-1
37	146	-1
37	161	1
37	169	-1
37	193	1
37	206	-1
37	207	-1
37	220	-1
37	233	-1
37	242	1
37	268	-2
37	269	-2
37	281	-2
37	313	-2
37	486	2
37	524	-2
37	525	2
37	537	2
37	569	-2
37	742	-2
38	52	1
38	81	-1
38	111	1
38	114	1
38	115	-1
38	128	-1
38	129	1
38	150	1
38	158	-1
38	170	1
38	172	1
38	178	-1
38	181	1
38	196	1
38	221	-1
38	234	1
38	248	1
38	255	1
38	328	-2
38	338	-2
38	450	2
38	453	2
38	474	-2
38	584	2
38	594	-2
38	706	2
38	709	-2
38	730	2
39	81	-1
39	101	1
39	103	-1
39	126	-1
39	130	-1
39	135	-1
39	141	-1
39	144	-1
39	178	-1
39	182	1
39	195	-1
39	205	1
39	207	-1
39	226	-1
39	231	-1
39	236	1
39	254	-1
39	408	-2
39	411	-2
39	426	-2
39	444	2
39	449	-2
39	664	-2
39	667	2
39	682	2
39	700	-2
39	705	-2
40	42	-1
40	50	-1
40	61	1
40	75	-1
40	98	1
40	106	1
40	122	1
40	129	-1
40	148	1
40	157	1
40	196	-1
40	219	1
40	227	1
40	236	-1
40	240	1
40	249	1
40	255	-1
40	386	2
40	413	2
40	433	-2
40	457	-2
40	464	2
40	642	2
40	669	-2
40	689	-2
40	713	2
40	720	2
41	44	-1
41	63	-1
41	72	-1
41	94	1
41	95	1
41	113	1
41	140	-1
41	152	1
41	161	1
41	165	1
41	166	1
41	167	1
41	174	1
41	199	-1
41	205	1
41	215	1
41	231	-1
41	236	1
41	277	2
41	287	-2
41	302	-2
41	319	2
41	425	-2
41	533	-2
41	543	-2
41	558	-2
41	575	-2
41	681	2
42	58	1
42	65	1
42	67	-1
42	75	1
42	77	1
42	81	-1
42	84	-1
42	85	1
42	97	1
42	98	-1
42	107	1
42	124	-1
42	194	1
42	215	1
42	228	1
42	235	-1
42	249	-1
42	288	-2
42	423	-2
42	432	2
42	464	-2
42	508	-2
42	544	-2
42	679	-2
42	688	-2
42	720	-2
42	764	-2
43	48	1
43	49	-1
43	67	1
43	70	1
43	99	-1
43	122	1
43	134	1
43	144	1
43	149	-1
43	151	1
43	160	1
43	175	1
43	188	-1
43	201	1
43	217	1
43	286	-2
43	345	-2
43	392	2
43	471	-2
43	505	2
43	542	2
43	601	-2
43	648	2
43	727	-2
43	761	2
44	46	1
44	51	1
44	64	1
44	72	1
44	125	-1
44	140	1
44	142	-1
44	156	-1
44	162	1
44	164	-1
44	199	1
44	215	-2
44	222	-1
44	250	-2
44	267	2
44	292	2
44	425	2
44	436	2
44	502	-2
44	523	-2
44	548	-2
44	681	-2
44	692	-2
44	758	2
45	76	1
45	82	1
45	84	1
45	112	1
45	116	-1
45	138	-1
45	170	-1
45	172	-1
45	183	-1
45	184	-1
45	198	-1
45	208	-1
45	211	1
45	218	-1
45	221	1
45	224	1
45	232	-1
45	244	1
45	255	-1
45	298	-2
45	354	-2
45	378	-2
45	420	-2
45	476	2
45	554	2
45	610	2
45	634	2
45	676	2
45	732	-2
46	50	-1
46	51	1
46	65	-1
46	73	1
46	81	1
46	92	-1
46	101	-1
46	136	1
46	140	1
46	149	-1
46	179	1
46	198	-1
46	199	1
46	203	1
46	208	-1
46	213	-1
46	215	-1
46	220	1
46	222	-1
46	362	-2
46	437	-2
46	440	2
46	463	-2
46	502	-2
46	618	2
46	693	-2
46	696	-2
46	719	2
46	758	2
47	54	-1
47	69	-1
47	71	1
47	87	1
47	90	-1
47	95	-2
47	96	-1
47	120	-1
47	128	1
47	139	1
47	148	1
47	152	-1
47	163	-1
47	175	1
47	214	1
47	227	1
47	229	-1
47	273	2
47	379	2
47	407	-2
47	412	-2
47	419	-2
47	529	-2
47	635	2
47	663	-2
47	668	-2
47	675	-2
48	79	-1
48	87	1
48	149	-1
48	181	-1
48	188	-1
48	200	-1
48	210	-1
48	217	1
48	218	-1
48	226	1
48	240	1
48	252	1
48	286	-2
48	289	-2
48	390	-2
48	461	-2
48	510	-2
48	542	2
48	545	2
48	646	-2
48	717	2
48	766	-2
49	54	1
49	64	-1
49	78	1
49	90	1
49	99	1
49	107	1
49	114	1
49	137	-1
49	142	1
49	152	1
49	180	1
49	186	-1
49	201	-1
49	220	-2
49	242	1
49	266	2
49	269	-2
49	283	-2
49	382	2
49	471	2
49	522	-2
49	525	2
49	539	-2
49	638	-2
49	727	2
50	92	1
50	99	1
50	101	1
50	135	-1
50	140	-1
50	148	-1
50	158	-1
50	180	1
50	198	1
50	227	-1
50	240	-1
50	248	1
50	253	1
50	362	2
50	457	2
50	494	2
50	496	-2
50	501	2
50	618	-2
50	713	-2
50	750	2
50	752	2
50	757	2
51	69	-1
51	79	-1
51	89	-2
51	93	-1
51	110	-1
51	159	1
51	169	1
51	215	-1
51	222	-1
51	223	1
51	233	1
51	235	1
51	240	1
51	248	-1
51	268	2
51	270	-2
51	366	2
51	405	-2
51	502	-2
51	524	2
51	526	2
51	622	2
51	661	2
51	758	2
52	64	-1
52	77	1
52	81	-1
52	102	1
52	116	1
52	146	-1
52	157	-1
52	170	1
52	171	2
52	174	1
52	176	-1
52	179	-1
52	221	-1
52	251	-1
52	299	2
52	328	-2
52	356	2
52	402	-2
52	468	-2
52	555	2
52	584	2
52	612	2
52	658	-2
52	724	-2
53	56	-1
53	74	-1
53	94	-1
53	104	-1
53	105	1
53	127	1
53	129	-1
53	130	1
53	163	-1
53	187	-1
53	189	1
53	203	1
53	214	1
53	228	-1
53	233	1
53	235	1
53	238	-1
53	312	2
53	323	-2
53	385	2
53	410	2
53	488	2
53	568	-2
53	579	-2
53	641	-2
53	666	-2
53	744	2
54	64	-1
54	96	1
54	108	1
54	114	1
54	136	-1
54	139	-1
54	153	1
54	159	-1
54	161	1
54	163	1
54	165	1
54	188	1
54	191	1
54	220	-1
54	229	1
54	256	-1
54	283	-2
54	321	-2
54	337	2
54	365	-2
54	407	2
54	539	-2
54	577	-2
54	593	-2
54	621	-2
54	663	2
55	60	-1
55	86	-1
55	103	-1
55	111	1
55	117	-1
55	158	-1
55	169	-1
55	179	-1
55	186	-1
55	190	-1
55	200	1
55	201	-1
55	204	1
55	233	-1
55	237	-1
55	246	-1
55	249	-1
55	278	2
55	375	2
55	396	2
55	398	-2
55	478	-2
55	534	-2
55	631	-2
55	652	2
55	654	-2
55	734	-2
56	59	1
56	84	-1
56	107	1
56	116	1
56	130	-2
56	159	-1
56	174	1
56	175	-1
56	189	-1
56	217	-1
56	220	-1
56	230	-1
56	231	-1
56	239	-1
56	247	-1
56	258	2
56	317	2
56	323	2
56	472	2
56	504	2
56	514	-2
56	573	-2
56	579	2
56	728	-2
56	760	2
57	67	1
57	96	-1
57	136	1
57	141	1
57	161	-1
57	169	1
57	173	-1
57	191	-1
57	194	-1
57	199	1
57	210	-1
57	234	-1
57	241	1
57	245	-1
57	250	-1
57	253	-1
57	304	2
57	315	-2
57	368	-2
57	399	2
57	475	-2
57	560	-2
57	571	2
57	624	-2
57	655	2
57	731	2
58	67	-1
58	78	1
58	89	1
58	95	1
58	97	1
58	112	-1
58	127	-1
58	148	-1
58	166	1
58	181	1
58	204	1
58	210	1
58	214	-1
58	215	1
58	222	1
58	232	1
58	252	-1
58	288	-2
58	307	-2
58	310	2
58	348	2
58	452	2
58	544	-2
58	563	2
58	566	-2
58	604	2
58	708	-2
59	63	-1
59	73	-1
59	84	-1
59	86	-2
59	88	1
59	97	1
59	111	1
59	132	-1
59	160	-1
59	182	2
59	194	1
59	200	1
59	217	-1
59	230	-1
59	236	1
59	334	-2
59	352	-2
59	448	-2
59	472	2
59	512	-2
59	590	-2
59	608	-2
59	704	2
59	728	-2
59	768	2
60	85	-1
60	109	1
60	126	1
60	127	1
60	142	-1
60	151	1
60	156	-1
60	172	-1
60	186	1
60	191	-1
60	192	1
60	200	-1
60	222	-1
60	246	1
60	252	1
60	255	-1
60	271	2
60	344	2
60	360	2
60	396	-2
60	446	2
60	527	-2
60	600	2
60	616	-2
60	652	-2
60	702	-2
61	74	-1
61	113	-1
61	124	1
61	129	-1
61	136	1
61	139	1
61	161	-1
61	178	1
61	184	-1
61	193	-1
61	196	-1
61	204	-1
61	209	1
61	216	1
61	228	-1
61	232	-1
61	243	1
61	294	-2
61	313	2
61	361	2
61	433	-2
61	438	2
61	550	2
61	569	2
61	617	-2
61	689	-2
61	694	-2
62	63	1
62	75	-1
62	77	-1
62	83	-1
62	110	-1
62	126	1
62	146	1
62	153	-1
62	154	1
62	191	-1
62	203	1
62	204	-1
62	212	-1
62	216	1
62	225	1
62	232	-1
62	244	1
62	256	1
62	376	-2
62	397	2
62	434	-2
62	481	2
62	485	-2
62	632	-2
62	653	-2
62	690	-2
62	737	-2
62	741	-2
63	73	1
63	80	1
63	106	1
63	123	1
63	125	-1
63	141	1
63	152	-1
63	161	-1
63	181	-1
63	182	-1
63	189	1
63	216	1
63	232	-1
63	236	-1
63	256	1
63	302	2
63	306	-2
63	331	-2
63	352	2
63	397	2
63	558	2
63	562	-2
63	587	2
63	608	2
63	653	-2
64	70	1
64	103	1
64	114	-1
64	116	-1
64	120	-1
64	134	1
64	156	-1
64	168	1
64	171	-1
64	220	1
64	247	1
64	250	-1
64	251	1
64	283	2
64	292	2
64	299	-2
64	308	2
64	343	2
64	539	2
64	548	-2
64	555	-2
64	564	2
64	599	-2
65	69	1
65	81	-2
65	85	1
65	112	-1
65	115	-1
65	131	-1
65	136	-1
65	149	1
65	163	1
65	164	1
65	225	-1
65	235	-1
65	237	-1
65	251	-1
65	300	2
65	355	2
65	423	-2
65	437	2
65	497	-2
65	556	-2
65	611	2
65	679	-2
65	693	2
65	753	2
66	77	1
66	79	1
66	105	-1
66	109	-1
66	111	1
66	132	-1
66	133	1
66	144	-1
66	145	2
66	152	1
66	153	1
66	179	-1
66	187	2
66	190	-1
66	219	-1
66	224	-1
66	245	1
66	275	2
66	303	-2
66	416	-2
66	443	-2
66	489	-2
66	531	-2
66	559	2
66	672	2
66	699	-2
66	745	-2
67	70	1
67	97	-1
67	113	-1
67	131	1
67	138	-1
67	141	1
67	175	1
67	186	1
67	202	1
67	208	-1
67	210	-1
67	215	-1
67	246	1
67	253	-1
67	288	2
67	315	-2
67	349	-2
67	492	2
67	505	2
67	544	2
67	571	2
67	605	-2
67	748	-2
67	761	2
68	70	1
68	71	1
68	144	1
68	155	1
68	159	1
68	198	-1
68	202	1
68	203	1
68	223	1
68	226	1
68	229	-2
68	230	1
68	234	-1
68	236	-1
68	249	1
68	254	1
68	256	1
68	305	-2
68	346	-2
68	477	2
68	507	-2
68	511	2
68	561	-2
68	602	2
68	733	2
68	763	-2
68	767	-2
69	71	-1
69	79	1
69	82	-1
69	95	1
69	125	1
69	131	-1
69	162	-1
69	180	1
69	183	1
69	223	-1
69	227	-1
69	237	-1
69	242	1
69	270	2
69	273	-2
69	355	2
69	418	2
69	467	2
69	526	-2
69	529	2
69	611	2
69	674	-2
69	723	-2
70	97	-1
70	116	-1
70	148	1
70	168	1
70	175	1
70	177	1
70	202	1
70	203	1
70	205	-1
70	230	1
70	251	1
70	285	-2
70	297	-2
70	305	-2
70	343	2
70	505	2
70	541	-2
70	553	2
70	561	-2
70	599	-2
70	761	2
71	95	-1
71	107	-1
71	116	-1
71	119	-1
71	144	1
71	162	1
71	163	-1
71	170	-1
71	175	1
71	180	-1
71	183	-1
71	184	-1
71	187	-1
71	202	1
71	218	-1
71	256	1
71	403	2
71	412	-2
71	418	-2
71	477	2
71	487	2
71	659	-2
71	668	-2
71	674	2
71	733	2
71	743	2
72	82	1
72	124	1
72	140	1
72	156	-1
72	160	1
72	165	-1
72	166	-1
72	177	1
72	199	1
72	212	-1
72	214	1
72	215	-1
72	224	1
72	231	1
72	247	1
72	327	-2
72	377	2
72	425	2
72	465	-2
72	466	-2
72	583	2
72	633	-2
72	681	-2
72	721	-2
72	722	2
73	74	-1
73	83	-1
73	86	1
73	121	1
73	182	-1
73	189	1
73	199	1
73	203	1
73	205	-1
73	206	1
73	208	-1
73	220	1
73	236	-1
73	352	2
73	353	2
73	389	-2
73	440	2
73	509	-2
73	608	2
73	609	-2
73	645	2
73	696	-2
73	765	2
74	86	-1
74	92	1
74	129	1
74	131	-1
74	175	-1
74	176	-1
74	177	-1
74	190	-1
74	199	-1
74	203	-1
74	204	1
74	209	-1
74	216	-1
74	230	-1
74	235	-1
74	312	-2
74	380	2
74	389	2
74	438	-2
74	503	2
74	568	2
74	636	2
74	645	-2
74	694	2
74	759	2
75	98	-1
75	108	1
75	131	-1
75	150	1
75	152	1
75	154	-1
75	177	-1
75	184	1
75	203	-1
75	219	-1
75	242	1
75	244	-1
75	249	-1
75	282	-2
75	401	2
75	421	2
75	464	-2
75	485	2
75	538	-2
75	657	2
75	677	-2
75	720	-2
75	741	2
76	82	1
76	93	-1
76	108	-1
76	123	1
76	129	-1
76	133	-1
76	145	-1
76	165	-1
76	173	-1
76	192	1
76	197	-1
76	201	1
76	211	1
76	213	-1
76	225	1
76	238	-1
76	244	1
76	320	2
76	351	2
76	454	2
76	476	2
76	493	-2
76	576	-2
76	607	2
76	710	-2
76	732	-2
76	749	-2
77	79	1
77	84	-1
77	102	1
77	105	-1
77	107	1
77	122	-1
77	128	-1
77	154	-1
77	187	1
77	191	1
77	202	-1
77	212	1
77	303	-2
77	356	2
77	432	2
77	481	-2
77	498	2
77	559	2
77	612	2
77	688	-2
77	737	2
77	754	2
78	85	1
78	87	-1
78	92	1
78	117	-1
78	136	-1
78	143	1
78	152	1
78	162	-1
78	172	1
78	180	1
78	185	-2
78	232	1
78	252	-1
78	259	-2
78	295	-2
78	324	-2
78	348	2
78	382	2
78	515	-2
78	551	2
78	580	-2
78	604	2
78	638	-2
79	105	-1
79	132	-1
79	187	1
79	196	1
79	223	-1
79	235	-1
79	247	-1
79	249	-1
79	253	1
79	270	2
79	289	2
79	303	-2
79	381	2
79	479	2
79	526	-2
79	545	-2
79	559	2
79	637	2
79	735	2
80	103	1
80	108	-1
80	118	1
80	128	1
80	138	-1
80	153	-1
80	163	-1
80	181	-1
80	185	1
80	189	2
80	193	-1
80	196	-1
80	239	1
80	316	-2
80	331	-2
80	357	2
80	428	-2
80	491	2
80	572	2
80	587	2
80	613	-2
80	684	2
80	747	2
81	85	-1
81	103	1
81	104	-1
81	118	1
81	136	1
81	149	-1
81	170	-1
81	206	1
81	207	1
81	235	1
81	236	-1
81	328	2
81	423	2
81	437	-2
81	444	-2
81	486	-2
81	584	-2
81	679	2
81	693	-2
81	700	2
81	742	2
82	83	-1
82	85	-1
82	91	-1
82	108	-1
82	125	-1
82	183	-1
82	192	1
82	214	1
82	218	-1
82	220	1
82	221	1
82	231	1
82	238	-1
82	242	-1
82	272	-2
82	327	-2
82	354	-2
82	454	2
82	467	-2
82	528	2
82	583	2
82	610	2
82	710	-2
82	723	2
83	85	1
83	91	1
83	109	-1
83	118	-1
83	146	-1
83	147	1
83	168	-1
83	169	-1
83	189	-1
83	204	1
83	220	-1
83	234	1
83	252	-1
83	272	2
83	409	-2
83	434	2
83	458	-2
83	509	2
83	528	-2
83	665	-2
83	690	2
83	714	-2
83	765	-2
84	107	-1
84	112	1
84	117	1
84	138	-1
84	160	1
84	172	-1
84	192	1
84	214	1
84	216	1
84	217	1
84	230	1
84	243	1
84	420	-2
84	432	-2
84	435	-2
84	472	-2
84	484	-2
84	676	2
84	688	2
84	691	-2
84	728	2
84	740	2
85	87	-1
85	91	1
85	117	-1
85	134	-1
85	154	-1
85	156	1
85	172	1
85	185	-1
85	220	-1
85	235	-1
85	255	1
85	272	2
85	295	-2
85	391	2
85	423	-2
85	446	-2
85	528	-2
85	551	2
85	647	-2
85	679	-2
85	702	2
86	88	-1
86	94	-1
86	97	-1
86	105	1
86	132	1
86	137	1
86	145	-1
86	158	1
86	182	-1
86	194	-1
86	199	1
86	204	-1
86	389	-2
86	448	2
86	456	2
86	478	2
86	512	2
86	645	2
86	704	-2
86	712	2
86	734	2
86	768	-2
87	95	-1
87	113	-1
87	120	-1
87	132	1
87	147	-1
87	148	1
87	172	-1
87	176	1
87	185	1
87	214	1
87	226	2
87	240	1
87	253	-1
87	280	-2
87	295	2
87	400	-2
87	419	-2
87	510	-2
87	536	2
87	551	-2
87	656	2
87	675	-2
87	766	-2
88	91	2
88	97	1
88	110	1
88	120	1
88	132	-1
88	138	1
88	166	1
88	168	-1
88	179	-1
88	211	-1
88	218	1
88	228	1
88	256	-1
88	262	2
88	274	-2
88	296	-2
88	480	2
88	512	-2
88	518	2
88	530	2
88	552	-2
88	736	2
88	768	2
89	110	1
89	121	-1
89	159	-1
89	176	-1
89	181	1
89	210	1
89	211	-1
89	214	-1
89	221	-1
89	231	-1
89	235	-1
89	238	1
89	240	-1
89	248	1
89	261	2
89	307	-2
89	366	-2
89	404	-2
89	405	2
89	517	2
89	563	2
89	622	-2
89	660	2
89	661	-2
90	110	1
90	127	-1
90	128	-1
90	129	1
90	137	-1
90	142	1
90	151	-1
90	152	1
90	153	1
90	186	-1
90	194	1
90	195	-1
90	206	-1
90	219	-1
90	240	-1
90	241	-1
90	260	2
90	264	-2
90	266	2
90	342	2
90	379	-2
90	516	2
90	520	2
90	522	-2
90	598	-2
90	635	-2
91	100	-1
91	110	1
91	143	1
91	150	1
91	151	-1
91	174	1
91	182	1
91	211	-1
91	218	1
91	220	-1
91	233	-1
91	238	1
91	272	2
91	274	-2
91	314	2
91	480	2
91	499	-2
91	528	-2
91	530	2
91	570	2
91	736	2
91	755	2
92	102	2
92	103	-1
92	114	1
92	117	-1
92	124	-1
92	140	-1
92	162	-1
92	175	-1
92	185	-1
92	198	1
92	230	-1
92	244	-1
92	324	-2
92	362	2
92	380	2
92	430	-2
92	482	2
92	580	-2
92	618	-2
92	636	2
92	686	2
92	738	-2
93	97	1
93	123	-1
93	129	1
93	140	-1
93	169	-1
93	183	1
93	195	-1
93	204	1
93	205	1
93	209	-1
93	225	-2
93	233	-1
93	245	1
93	268	-2
93	367	-2
93	373	2
93	414	2
93	493	2
93	524	-2
93	623	-2
93	629	-2
93	670	-2
93	749	2
94	95	1
94	105	-1
94	113	1
94	119	1
94	122	-1
94	137	-1
94	145	1
94	163	1
94	171	1
94	188	1
94	198	1
94	214	-1
94	228	1
94	236	1
94	265	2
94	319	2
94	385	-2
94	456	-2
94	470	-2
94	521	2
94	575	-2
94	641	2
94	712	-2
94	726	-2
95	113	2
95	127	-1
95	148	-1
95	163	1
95	175	-1
95	176	-1
95	222	1
95	226	-1
95	227	-1
95	236	1
95	273	-2
95	310	2
95	319	2
95	400	2
95	412	2
95	529	2
95	566	-2
95	575	-2
95	656	-2
95	668	2
96	121	-1
96	123	-1
96	139	-1
96	148	-1
96	173	1
96	180	1
96	182	1
96	191	1
96	213	1
96	229	1
96	237	-1
96	239	-1
96	250	1
96	284	-2
96	347	-2
96	358	-2
96	399	-2
96	407	2
96	540	2
96	603	2
96	614	-2
96	655	-2
96	663	2
97	99	1
97	119	1
97	132	-1
97	140	-1
97	177	-1
97	191	1
97	205	2
97	215	1
97	253	1
97	279	2
97	288	-2
97	297	2
97	373	2
97	512	-2
97	535	2
97	544	-2
97	553	-2
97	629	-2
97	768	2
98	105	1
98	106	1
98	109	1
98	120	-1
98	157	1
98	167	-1
98	169	1
98	187	-1
98	202	1
98	209	1
98	218	-1
98	249	1
98	276	2
98	311	-2
98	393	2
98	427	-2
98	464	2
98	532	-2
98	567	-2
98	649	-2
98	683	-2
98	720	2
99	119	1
99	149	1
99	191	1
99	201	-1
99	203	-1
99	207	-1
99	245	1
99	253	1
99	254	-1
99	257	2
99	279	2
99	363	2
99	471	2
99	494	2
99	513	2
99	535	2
99	619	-2
99	727	2
99	750	2
100	115	2
100	143	-2
100	158	1
100	182	-1
100	192	1
100	196	-1
100	206	1
100	209	1
100	216	1
100	223	1
100	237	1
100	238	-1
100	241	1
100	246	1
100	333	-2
100	359	-2
100	460	-2
100	499	2
100	506	-2
100	589	-2
100	615	2
100	716	-2
100	755	-2
100	762	2
101	135	-1
101	141	-2
101	142	1
101	147	1
101	158	-1
101	179	-1
101	182	1
101	193	1
101	199	-1
101	205	1
101	213	1
101	228	1
101	239	-1
101	248	1
101	253	1
101	330	2
101	411	-2
101	463	2
101	483	-2
101	501	2
101	586	-2
101	667	2
101	719	-2
101	739	-2
101	757	2
102	103	-1
102	109	-1
102	114	1
102	124	-1
102	138	1
102	173	1
102	211	-1
102	243	-1
102	244	-1
102	250	1
102	356	2
102	430	-2
102	459	-2
102	473	2
102	482	2
102	612	2
102	686	2
102	715	2
102	729	-2
102	738	-2
103	118	1
103	120	-1
103	134	1
103	163	-1
103	179	1
103	207	1
103	236	-1
103	244	1
103	247	1
103	308	2
103	398	2
103	428	-2
103	430	2
103	444	-2
103	564	2
103	654	2
103	684	2
103	686	-2
103	700	2
104	105	-1
104	106	-1
104	111	1
104	118	-1
104	123	-1
104	127	-1
104	135	-1
104	139	-1
104	143	1
104	147	1
104	170	1
104	183	1
104	206	-1
104	233	-1
104	322	2
104	372	-2
104	410	-2
104	424	-2
104	486	2
104	578	-2
104	628	-2
104	666	2
104	680	2
104	742	-2
105	120	-1
105	127	1
105	137	1
105	145	-1
105	157	1
105	165	-1
105	168	1
105	185	1
105	187	-1
105	218	-1
105	233	1
105	276	2
105	303	2
105	350	-2
105	410	2
105	456	2
105	532	-2
105	559	-2
105	606	-2
105	666	-2
105	712	2
106	123	1
106	125	-1
106	133	-1
106	141	1
106	143	-1
106	157	1
106	167	-2
106	170	-1
106	171	-1
106	236	-1
106	242	-1
106	255	-1
106	306	-2
106	322	-2
106	386	2
106	427	-2
106	451	2
106	562	-2
106	578	2
106	642	2
106	683	-2
106	707	2
107	110	1
107	116	2
107	119	1
107	187	1
107	190	-1
107	213	1
107	217	-1
107	220	-1
107	231	-1
107	242	1
107	269	-2
107	432	2
107	455	2
107	487	-2
107	504	2
107	525	2
107	688	-2
107	711	-2
107	743	-2
107	760	2
108	136	-1
108	150	1
108	153	1
108	163	1
108	177	-1
108	192	-1
108	222	1
108	238	1
108	242	1
108	256	-1
108	365	-2
108	388	2
108	401	2
108	454	-2
108	491	-2
108	621	-2
108	644	2
108	657	2
108	710	2
108	747	-2
109	111	-1
109	126	1
109	132	1
109	147	-1
109	168	1
109	169	1
109	173	-1
109	187	-1
109	190	1
109	211	1
109	222	-1
109	252	1
109	275	-2
109	311	-2
109	344	2
109	409	2
109	459	2
109	531	2
109	567	-2
109	600	2
109	665	2
109	715	-2
110	126	-1
110	151	-1
110	153	1
110	190	-1
110	206	-1
110	213	1
110	217	-1
110	225	-1
110	235	-1
110	241	-1
110	342	2
110	376	2
110	405	2
110	455	2
110	480	2
110	598	-2
110	632	2
110	661	-2
110	711	-2
110	736	2
111	114	1
111	115	-1
111	117	-1
111	132	-1
111	135	-1
111	160	-1
111	169	-1
111	181	1
111	190	-1
111	200	1
111	249	-1
111	275	2
111	278	2
111	334	-2
111	372	-2
111	450	2
111	531	-2
111	534	-2
111	590	-2
111	628	-2
111	706	2
112	121	1
112	130	1
112	133	-1
112	138	-1
112	163	-1
112	164	-2
112	166	-1
112	172	-1
112	181	-1
112	200	-1
112	204	-1
112	219	1
112	256	1
112	364	2
112	420	-2
112	452	-2
112	462	2
112	497	2
112	620	-2
112	676	2
112	708	2
112	718	-2
112	753	-2
113	115	-1
113	124	-1
113	131	-1
113	171	1
113	176	-1
113	186	-1
113	208	1
113	212	1
113	225	-1
113	226	-1
113	232	1
113	236	1
113	243	-1
113	319	2
113	349	2
113	361	-2
113	374	-2
113	400	2
113	575	-2
113	605	2
113	617	2
113	630	-2
113	656	-2
114	115	-1
114	117	-1
114	124	-1
114	181	1
114	186	-1
114	193	1
114	220	-1
114	221	-1
114	224	-1
114	229	1
114	244	-1
114	246	-1
114	283	-2
114	339	2
114	406	-2
114	450	2
114	482	2
114	539	-2
114	595	-2
114	662	-2
114	706	2
114	738	-2
115	171	-1
115	181	-1
115	192	1
115	209	1
115	212	-1
115	216	1
115	225	2
115	246	1
115	251	1
115	300	-2
115	333	-2
115	374	2
115	450	-2
115	460	-2
115	556	2
115	589	-2
115	630	2
115	706	-2
115	716	-2
116	119	1
116	146	-1
116	168	-1
116	174	1
116	179	-1
116	187	1
116	224	-1
116	231	-1
116	232	1
116	255	1
116	343	-2
116	378	2
116	468	-2
116	487	-2
116	504	2
116	599	2
116	634	-2
116	724	-2
116	743	-2
116	760	2
117	134	1
117	154	1
117	160	1
117	162	1
117	169	1
117	185	1
117	214	1
117	221	1
117	224	1
117	243	1
117	246	1
117	249	1
117	278	-2
117	324	2
117	391	-2
117	406	2
117	484	-2
117	534	2
117	580	2
117	647	2
117	662	2
117	740	2
118	163	-1
118	174	-1
118	197	-1
118	206	1
118	211	1
118	212	-1
118	213	-1
118	223	1
118	234	-1
118	252	1
118	263	2
118	291	-2
118	428	-2
118	458	2
118	486	-2
118	519	2
118	547	2
118	684	2
118	714	2
118	742	2
119	126	-1
119	142	1
119	151	-1
119	162	-1
119	171	1
119	187	1
119	188	1
119	191	1
119	199	-1
119	210	1
119	227	-1
119	253	1
119	279	2
119	335	2
119	470	-2
119	487	-2
119	490	2
119	535	2
119	591	2
119	726	-2
119	743	-2
119	746	2
120	134	-1
120	148	-1
120	165	1
120	168	-2
120	169	-1
120	185	-1
120	202	-1
120	209	-1
120	214	-1
120	228	1
120	247	-1
120	256	-1
120	262	2
120	308	-2
120	350	2
120	393	-2
120	419	2
120	518	2
120	564	-2
120	606	2
120	649	2
120	675	2
121	130	1
121	168	1
121	173	-1
121	176	1
121	181	-1
121	200	-1
121	205	-1
121	206	1
121	213	-1
121	219	1
121	233	1
121	261	-2
121	290	2
121	353	2
121	358	2
121	364	2
121	517	-2
121	546	2
121	609	-2
121	614	2
121	620	-2
122	128	1
122	135	1
122	160	1
122	186	1
122	190	1
122	198	-1
122	202	1
122	207	1
122	217	1
122	219	1
122	265	-2
122	332	2
122	345	-2
122	413	2
122	498	-2
122	521	-2
122	588	2
122	601	-2
122	669	-2
122	754	-2
123	125	-1
123	129	-1
123	139	1
123	141	1
123	147	-1
123	148	1
123	182	-1
123	183	-1
123	188	-1
123	225	1
123	239	1
123	240	1
123	244	1
123	306	-2
123	341	-2
123	347	2
123	424	2
123	493	-2
123	562	-2
123	597	2
123	603	-2
123	680	-2
123	749	-2
124	166	-1
124	184	-1
124	194	-1
124	198	-1
124	206	1
124	210	-1
124	212	-1
124	228	-1
124	232	-1
124	243	1
124	329	2
124	361	2
124	377	2
124	482	-2
124	508	2
124	585	-2
124	617	-2
124	633	-2
124	738	2
124	764	2
125	128	-1
125	141	-1
125	146	-1
125	157	-1
125	161	1
125	176	-1
125	192	-1
125	207	-1
125	242	1
125	250	1
125	267	-2
125	281	-2
125	306	2
125	415	2
125	467	2
125	523	2
125	537	2
125	562	2
125	671	2
125	723	-2
126	142	-1
126	144	1
126	153	-1
126	154	1
126	195	1
126	199	1
126	210	-1
126	222	-1
126	225	1
126	226	1
126	230	1
126	237	1
126	252	1
126	335	-2
126	344	2
126	376	-2
126	417	-2
126	426	2
126	591	-2
126	600	2
126	632	-2
126	673	2
126	682	-2
127	142	-1
127	148	1
127	172	-1
127	183	-1
127	192	1
127	195	1
127	219	1
127	222	-1
127	233	1
127	240	1
127	260	-2
127	271	2
127	310	-2
127	340	2
127	410	2
127	516	-2
127	527	-2
127	566	2
127	596	2
127	666	-2
128	146	1
128	152	-1
128	178	1
128	185	1
128	196	-1
128	202	1
128	207	1
128	239	1
128	248	-1
128	255	-1
128	281	2
128	316	-2
128	338	2
128	379	2
128	498	-2
128	537	-2
128	572	2
128	594	2
128	635	2
128	754	-2
129	153	1
129	194	1
129	195	-1
129	196	1
129	203	-1
129	221	-1
129	225	-1
129	234	1
129	235	-1
129	264	-2
129	312	-2
129	433	2
129	474	-2
129	493	2
129	520	2
129	568	2
129	689	2
129	730	2
129	749	2
130	135	1
130	144	1
130	159	1
130	174	-1
130	178	1
130	189	1
130	194	-1
130	200	-1
130	219	1
130	220	1
130	317	-2
130	323	-2
130	364	2
130	422	2
130	449	2
130	573	2
130	579	-2
130	620	-2
130	678	-2
130	705	2
131	152	-1
131	176	1
131	177	1
131	184	-1
131	185	1
131	186	1
131	190	1
131	208	-1
131	237	1
131	349	-2
131	355	-2
131	421	-2
131	447	-2
131	503	-2
131	605	-2
131	611	-2
131	677	2
131	703	2
131	759	-2
132	147	-2
132	162	1
132	190	1
132	196	-1
132	212	-1
132	249	1
132	253	-2
132	275	-2
132	280	-2
132	441	2
132	479	-2
132	512	2
132	531	2
132	536	2
132	697	-2
132	735	-2
132	768	-2
133	145	2
133	153	1
133	164	1
133	167	2
133	171	1
133	173	1
133	201	-1
133	224	-1
133	242	1
133	245	1
133	246	-1
133	252	-1
133	256	-1
133	351	-2
133	384	2
133	451	-2
133	462	-2
133	489	-2
133	607	-2
133	640	-2
133	707	-2
133	718	2
133	745	-2
134	144	1
134	149	-1
134	150	-1
134	151	1
134	154	1
134	164	-1
134	208	-1
134	239	1
134	247	1
134	248	-1
134	308	2
134	318	-2
134	391	-2
134	392	2
134	429	2
134	564	2
134	574	2
134	647	2
134	648	2
134	685	2
135	137	1
135	177	1
135	178	1
135	186	1
135	190	1
135	207	1
135	248	-1
135	253	-1
135	332	2
135	372	2
135	442	2
135	449	2
135	501	-2
135	588	2
135	628	2
135	698	-2
135	705	2
135	757	-2
136	143	-1
136	149	-1
136	163	-1
136	178	1
136	184	-1
136	194	-1
136	228	-1
136	245	-1
136	256	1
136	259	2
136	294	-2
136	365	2
136	368	-2
136	437	-2
136	515	2
136	550	2
136	621	2
136	624	-2
136	693	-2
137	141	1
137	142	-1
137	145	-1
137	154	1
137	172	-1
137	175	1
137	177	1
137	186	1
137	208	-1
137	243	1
137	266	-2
137	369	-2
137	442	2
137	445	-2
137	456	2
137	522	2
137	625	-2
137	698	-2
137	701	-2
137	712	2
138	166	1
138	172	1
138	179	-1
138	189	-1
138	193	1
138	202	-1
138	243	-1
138	246	-1
138	250	1
138	296	-2
138	357	-2
138	420	2
138	473	2
138	492	-2
138	552	-2
138	613	2
138	676	-2
138	729	-2
138	748	2
139	147	-1
139	161	-1
139	183	-1
139	193	-1
139	197	-1
139	209	1
139	229	-2
139	241	1
139	243	1
139	245	-1
139	248	-1
139	301	-2
139	313	2
139	383	-2
139	407	-2
139	424	2
139	557	2
139	569	2
139	639	2
139	663	-2
139	680	-2
140	164	-1
140	180	-1
140	189	1
140	193	-1
140	198	-1
140	199	1
140	201	1
140	205	-1
140	326	2
140	362	-2
140	371	-2
140	373	-2
140	425	2
140	582	-2
140	618	2
140	627	2
140	629	2
140	681	-2
141	147	-1
141	154	1
141	182	-1
141	205	-1
141	208	-1
141	210	-1
141	228	-1
141	239	1
141	253	-1
141	306	-2
141	315	-2
141	330	-2
141	369	-2
141	411	2
141	562	-2
141	571	2
141	586	2
141	625	-2
141	667	-2
142	158	-1
142	162	-1
142	164	1
142	172	1
142	186	-1
142	192	-1
142	193	1
142	199	-1
142	210	1
142	215	1
142	266	2
142	271	-2
142	335	2
142	436	-2
142	483	-2
142	522	-2
142	527	2
142	591	2
142	692	2
142	739	-2
143	170	1
143	182	1
143	197	1
143	223	-1
143	237	-1
143	238	1
143	241	-1
143	242	1
143	259	-2
143	322	2
143	359	2
143	387	-2
143	499	-2
143	515	-2
143	578	-2
143	615	-2
143	643	-2
143	755	2
144	145	-1
144	149	-1
144	151	1
144	179	1
144	187	-1
144	194	-1
144	195	1
144	226	1
144	256	1
144	392	2
144	422	2
144	426	2
144	443	2
144	477	2
144	648	2
144	678	-2
144	682	-2
144	699	2
144	733	2
145	153	1
145	155	-1
145	173	1
145	178	-1
145	179	-1
145	187	1
145	197	1
145	201	-1
145	245	1
145	255	1
145	351	-2
145	431	2
145	443	-2
145	456	-2
145	489	-2
145	607	-2
145	687	2
145	699	-2
145	712	-2
145	745	-2
146	155	1
146	174	-1
146	178	1
146	179	1
146	195	1
146	201	1
146	204	-1
146	207	1
146	230	1
146	250	-1
146	281	2
146	434	-2
146	468	2
146	495	2
146	500	2
146	537	-2
146	690	-2
146	724	2
146	751	2
146	756	-2
147	162	-1
147	168	-1
147	169	-1
147	183	1
147	212	1
147	228	1
147	239	-1
147	253	1
147	280	2
147	330	2
147	409	-2
147	424	-2
147	441	-2
147	536	-2
147	586	-2
147	665	-2
147	680	2
147	697	2
148	182	-1
148	214	1
148	222	-1
148	227	1
148	239	1
148	240	1
148	251	1
148	285	-2
148	310	-2
148	347	2
148	419	-2
148	457	-2
148	541	-2
148	566	2
148	603	-2
148	675	-2
148	713	2
149	151	-1
149	170	1
149	207	-1
149	217	-1
149	218	1
149	223	-1
149	232	1
149	254	-1
149	257	2
149	293	2
149	392	-2
149	437	2
149	461	2
149	513	2
149	549	-2
149	648	-2
149	693	2
149	717	-2
150	151	-1
150	155	-1
150	158	-1
150	164	1
150	167	1
150	172	1
150	174	1
150	177	-1
150	196	1
150	233	-1
150	239	-1
150	242	1
150	247	-1
150	254	-1
150	314	2
150	318	2
150	401	2
150	453	2
150	469	2
150	570	2
150	574	-2
150	657	2
150	709	-2
150	725	-2
151	162	1
151	174	-1
151	191	-1
151	206	1
151	227	1
151	233	1
151	241	1
151	314	-2
151	342	-2
151	360	2
151	392	2
151	490	-2
151	570	-2
151	598	2
151	616	-2
151	648	2
151	746	-2
152	161	1
152	180	1
152	184	1
152	219	-1
152	224	-1
152	302	-2
152	379	-2
152	382	2
152	416	-2
152	421	2
152	558	-2
152	635	-2
152	638	-2
152	672	2
152	677	-2
153	159	-1
153	188	1
153	191	1
153	194	1
153	195	-1
153	225	-1
153	245	1
153	264	-2
153	337	2
153	376	2
153	489	-2
153	491	-2
153	520	2
153	593	-2
153	632	2
153	745	-2
153	747	-2
154	191	-1
154	208	-1
154	212	-1
154	219	1
154	230	1
154	237	1
154	282	2
154	369	-2
154	391	-2
154	417	-2
154	481	2
154	538	2
154	625	-2
154	647	2
154	673	2
154	737	-2
155	156	-1
155	167	-1
155	173	-1
155	178	1
155	197	-1
155	201	1
155	222	-1
155	226	1
155	230	1
155	234	-1
155	236	-1
155	247	1
155	254	1
155	255	-1
155	431	-2
155	439	2
155	469	-2
155	500	2
155	511	2
155	687	-2
155	695	2
155	725	2
155	756	-2
155	767	-2
156	165	1
156	173	1
156	177	-1
156	222	1
156	226	-1
156	234	1
156	250	1
156	255	1
156	292	-2
156	394	2
156	439	-2
156	446	-2
156	465	2
156	548	2
156	650	-2
156	695	-2
156	702	2
156	721	2
157	161	-1
157	171	-1
157	176	2
157	192	1
157	200	-1
157	218	-1
157	221	1
157	227	1
157	236	-1
157	238	-1
157	251	1
157	255	-1
157	276	2
157	336	2
157	386	2
157	402	2
157	415	-2
157	532	-2
157	592	-2
157	642	2
157	658	2
157	671	-2
158	172	-1
158	180	-1
158	193	-1
158	196	-2
158	204	-1
158	206	1
158	453	-2
158	478	2
158	483	2
158	496	2
158	506	-2
158	709	2
158	734	2
158	739	2
158	752	-2
158	762	2
159	174	-1
159	188	-1
159	191	-1
159	220	1
159	229	-1
159	235	1
159	240	1
159	241	1
159	248	-1
159	254	1
159	317	-2
159	337	-2
159	346	-2
159	366	2
159	370	2
159	573	2
159	593	2
159	602	2
159	622	2
159	626	-2
160	200	-1
160	207	1
160	214	1
160	215	-1
160	217	1
160	224	1
160	243	1
160	247	1
160	325	-2
160	334	2
160	345	-2
160	466	-2
160	484	-2
160	581	2
160	590	2
160	601	-2
160	722	2
160	740	2
161	165	1
161	176	-1
161	192	-1
161	193	1
161	199	-1
161	241	-1
161	302	-2
161	304	-2
161	313	-2
161	321	-2
161	415	2
161	558	-2
161	560	2
161	569	-2
161	577	-2
161	671	2
162	164	-1
162	180	-1
162	183	-1
162	185	1
162	212	-1
162	215	-1
162	227	1
162	324	2
162	418	-2
162	436	2
162	441	2
162	490	-2
162	580	2
162	674	2
162	692	-2
162	697	-2
162	746	-2
163	164	1
163	175	-1
163	214	-1
163	228	1
163	256	-1
163	365	-2
163	385	-2
163	412	2
163	428	2
163	497	-2
163	621	-2
163	641	2
163	668	2
163	684	-2
163	753	2
164	189	-1
164	193	1
164	215	1
164	239	-1
164	256	-1
164	318	2
164	371	2
164	436	-2
164	462	-2
164	497	-2
164	574	-2
164	627	-2
164	692	2
164	718	2
164	753	2
165	166	1
165	168	-1
165	174	1
165	177	-1
165	185	-1
165	197	1
165	213	1
165	215	1
165	277	2
165	320	-2
165	321	-2
165	350	2
165	465	2
165	533	-2
165	576	2
165	577	-2
165	606	2
165	721	2
166	174	1
166	179	-1
166	181	1
166	204	1
166	212	1
166	215	1
166	216	-1
166	217	-1
166	227	-1
166	249	-1
166	277	2
166	296	-2
166	377	-2
166	395	2
166	452	2
166	533	-2
166	552	-2
166	633	2
166	651	2
166	708	-2
167	171	1
167	205	1
167	224	-1
167	231	-1
167	242	1
167	246	-1
167	247	-1
167	252	-1
167	254	-1
167	287	-2
167	384	2
167	427	2
167	451	-2
167	469	2
167	543	-2
167	640	-2
167	683	2
167	707	-2
167	725	-2
168	169	1
168	185	1
168	228	-1
168	233	1
168	256	1
168	262	-2
168	290	2
168	343	2
168	350	-2
168	409	2
168	518	-2
168	546	2
168	599	-2
168	606	-2
168	665	2
169	173	-1
169	202	1
169	209	1
169	233	1
169	234	-1
169	249	1
169	268	2
169	278	-2
169	393	2
169	409	2
169	475	-2
169	524	2
169	534	2
169	649	-2
169	665	2
169	731	2
170	184	2
170	198	1
170	202	-1
170	208	1
170	218	1
170	223	-1
170	232	1
170	293	2
170	298	2
170	322	2
170	328	-2
170	403	-2
170	549	-2
170	554	-2
170	578	-2
170	584	2
170	659	2
171	176	-1
171	188	1
171	212	1
171	221	-1
171	225	-1
171	242	1
171	251	-1
171	299	2
171	374	-2
171	402	-2
171	451	-2
171	470	-2
171	555	2
171	630	-2
171	658	-2
171	707	-2
171	726	-2
172	175	-1
172	185	-1
172	192	-1
172	196	1
172	243	-1
172	271	-2
172	295	-2
172	420	2
172	445	2
172	453	2
172	527	2
172	551	2
172	676	-2
172	701	2
172	709	-2
173	201	-1
173	211	-1
173	213	1
173	222	1
173	234	1
173	351	-2
173	358	-2
173	439	-2
173	459	-2
173	475	2
173	607	-2
173	614	-2
173	695	-2
173	715	2
173	731	-2
174	179	-1
174	197	1
174	212	1
174	215	1
174	220	-1
174	233	-1
174	263	-2
174	277	2
174	314	2
174	317	2
174	468	-2
174	519	-2
174	533	-2
174	570	2
174	573	-2
174	724	-2
175	230	1
175	239	1
175	243	1
175	247	1
175	258	-2
175	380	-2
175	412	-2
175	445	-2
175	505	2
175	514	2
175	636	-2
175	668	-2
175	701	-2
175	761	2
176	177	1
176	181	-1
176	190	1
176	192	1
176	221	1
176	226	1
176	261	-2
176	400	-2
176	402	2
176	415	-2
176	503	-2
176	517	-2
176	656	2
176	658	2
176	671	-2
176	759	-2
177	190	1
177	205	-1
177	242	-1
177	297	-2
177	401	-2
177	442	2
177	465	-2
177	503	-2
177	553	2
177	657	-2
177	698	-2
177	721	-2
177	759	-2
178	184	-1
178	195	1
178	197	-1
178	228	-1
178	248	-1
178	250	-1
178	255	-2
178	294	-2
178	338	2
178	431	-2
178	449	2
178	495	2
178	550	2
178	594	2
178	687	-2
178	705	2
178	751	2
179	187	-1
179	199	1
179	213	-1
179	296	2
179	398	2
179	443	2
179	463	-2
179	468	2
179	552	2
179	654	2
179	699	2
179	719	2
179	724	2
180	183	1
180	201	-1
180	237	-1
180	284	-2
180	326	-2
180	382	2
180	418	2
180	496	-2
180	540	2
180	582	2
180	638	-2
180	674	-2
180	752	2
181	189	-1
181	200	1
181	204	1
181	210	1
181	252	-1
181	261	2
181	331	2
181	390	2
181	450	2
181	452	2
181	517	2
181	587	-2
181	646	2
181	706	2
181	708	-2
182	194	1
182	205	1
182	236	1
182	238	1
182	239	-1
182	347	-2
182	352	-2
182	411	-2
182	448	-2
182	499	-2
182	603	2
182	608	-2
182	667	2
182	704	2
182	755	2
183	195	-1
183	218	1
183	221	-1
183	225	-1
183	245	1
183	340	-2
183	354	2
183	414	2
183	418	2
183	424	-2
183	596	-2
183	610	-2
183	670	-2
183	674	-2
183	680	2
184	198	2
184	202	-1
184	206	-1
184	208	1
184	210	1
184	218	1
184	228	1
184	294	2
184	298	2
184	329	-2
184	403	-2
184	421	2
184	550	-2
184	554	-2
184	585	2
184	659	2
184	677	-2
185	196	-1
185	239	1
185	295	2
185	316	-2
185	324	2
185	350	-2
185	447	-2
185	551	-2
185	572	2
185	580	2
185	606	-2
185	703	2
186	190	1
186	193	-1
186	200	-1
186	207	1
186	208	-1
186	229	-1
186	244	1
186	246	1
186	266	-2
186	332	2
186	339	-2
186	349	-2
186	396	-2
186	522	2
186	588	2
186	595	2
186	605	-2
186	652	-2
187	238	1
187	303	-2
187	311	2
187	443	-2
187	487	-2
187	488	-2
187	559	2
187	567	2
187	699	-2
187	743	-2
187	744	-2
188	191	1
188	240	-1
188	244	-1
188	251	-1
188	254	-1
188	286	2
188	309	2
188	337	2
188	341	2
188	470	-2
188	542	-2
188	565	2
188	593	-2
188	597	-2
188	726	-2
189	193	-2
189	323	-2
189	331	-2
189	357	2
189	371	-2
189	509	-2
189	579	-2
189	587	2
189	613	-2
189	627	2
189	765	2
190	201	1
190	207	1
190	213	-1
190	217	1
190	233	1
190	237	1
190	275	-2
190	332	2
190	375	-2
190	455	-2
190	503	-2
190	531	2
190	588	2
190	631	2
190	711	2
190	759	-2
191	212	1
191	250	1
191	253	1
191	279	2
191	337	2
191	360	-2
191	399	-2
191	481	-2
191	535	2
191	593	-2
191	616	2
191	655	-2
191	737	2
192	216	2
192	238	-1
192	246	1
192	271	2
192	333	-2
192	415	-2
192	435	-2
192	454	2
192	527	-2
192	589	-2
192	671	-2
192	691	-2
192	710	-2
193	229	1
193	244	-1
193	313	-2
193	339	2
193	357	-2
193	371	2
193	483	-2
193	569	-2
193	595	-2
193	613	2
193	627	-2
193	739	-2
194	195	-1
194	228	1
194	245	1
194	264	-2
194	368	2
194	422	-2
194	448	-2
194	508	-2
194	520	2
194	624	2
194	678	2
194	704	2
194	764	-2
195	204	-1
195	209	1
195	226	1
195	250	-1
195	264	2
195	340	2
195	367	2
195	426	2
195	495	2
195	520	-2
195	596	2
195	623	2
195	682	-2
195	751	2
196	206	-1
196	239	-1
196	249	-1
196	253	1
196	316	2
196	433	2
196	453	2
196	479	2
196	506	2
196	572	-2
196	689	2
196	709	-2
196	735	2
196	762	-2
197	212	1
197	213	1
197	242	1
197	245	1
197	248	1
197	255	1
197	263	-2
197	320	-2
197	383	2
197	387	-2
197	431	2
197	519	-2
197	576	2
197	639	-2
197	643	-2
197	687	2
198	206	-1
198	208	1
198	210	1
198	223	-1
198	229	1
198	249	-1
198	265	2
198	298	2
198	329	-2
198	362	2
198	507	2
198	521	2
198	554	-2
198	585	2
198	618	-2
198	763	2
199	210	-1
199	213	-1
199	241	1
199	304	2
199	335	-2
199	389	-2
199	425	2
199	463	-2
199	560	-2
199	591	-2
199	645	2
199	681	-2
199	719	2
200	210	1
200	219	-1
200	227	-1
200	238	1
200	246	-1
200	251	-1
200	252	-1
200	334	-2
200	336	-2
200	364	-2
200	390	2
200	396	2
200	590	-2
200	592	2
200	620	2
200	646	2
200	652	2
201	230	1
201	233	1
201	237	1
201	326	2
201	351	2
201	375	-2
201	471	-2
201	500	2
201	582	-2
201	607	2
201	631	2
201	727	-2
201	756	-2
202	203	1
202	209	1
202	218	-1
202	230	1
202	246	1
202	305	-2
202	393	2
202	403	2
202	492	2
202	498	-2
202	561	-2
202	649	-2
202	659	-2
202	748	-2
202	754	-2
203	208	-1
203	220	1
203	230	1
203	235	1
203	244	1
203	245	-1
203	305	-2
203	312	2
203	363	-2
203	440	2
203	485	-2
203	561	-2
203	568	-2
203	619	2
203	696	-2
203	741	-2
204	209	-2
204	216	-1
204	367	-2
204	434	2
204	438	-2
204	452	2
204	478	-2
204	623	-2
204	690	2
204	694	2
204	708	-2
204	734	-2
205	206	-1
205	231	-1
205	287	-2
205	297	2
205	353	-2
205	373	2
205	411	-2
205	543	-2
205	553	-2
205	609	2
205	629	-2
205	667	2
206	210	-1
206	241	1
206	329	2
206	342	-2
206	353	2
206	486	-2
206	506	-2
206	585	-2
206	598	2
206	609	-2
206	742	2
206	762	2
207	236	-1
207	254	1
207	257	-2
207	281	2
207	325	-2
207	332	2
207	444	-2
207	513	-2
207	537	-2
207	581	2
207	588	2
207	700	2
208	220	-1
208	248	1
208	298	2
208	349	2
208	369	2
208	429	-2
208	440	-2
208	554	-2
208	605	2
208	625	2
208	685	-2
208	696	2
209	216	1
209	229	-1
209	241	1
209	243	1
209	301	-2
209	367	2
209	393	2
209	438	2
209	460	-2
209	557	2
209	623	2
209	649	-2
209	694	-2
209	716	-2
210	214	-1
210	252	-1
210	253	1
210	307	-2
210	315	2
210	329	-2
210	335	2
210	390	2
210	563	2
210	571	-2
210	585	2
210	591	2
210	646	2
211	213	-1
211	218	-1
211	221	1
211	223	1
211	231	1
211	238	-1
211	244	1
211	274	2
211	291	-2
211	404	2
211	459	2
211	476	2
211	530	-2
211	547	2
211	660	-2
211	715	-2
211	732	-2
212	225	-1
212	263	-2
212	374	-2
212	377	-2
212	441	-2
212	481	-2
212	519	-2
212	630	-2
212	633	2
212	697	2
212	737	2
213	217	-1
213	223	-1
213	291	2
213	320	-2
213	358	-2
213	455	2
213	463	2
213	547	-2
213	576	2
213	614	-2
213	711	-2
213	719	-2
214	228	-1
214	231	1
214	243	1
214	307	2
214	327	-2
214	385	2
214	419	-2
214	484	-2
214	563	-2
214	583	2
214	641	-2
214	675	-2
214	740	2
215	222	1
215	224	-1
215	247	-1
215	277	2
215	288	-2
215	436	-2
215	466	2
215	502	2
215	533	-2
215	544	-2
215	692	2
215	722	-2
215	758	-2
216	217	1
216	227	1
216	232	-1
216	246	1
216	249	1
216	256	1
216	333	-2
216	395	-2
216	397	2
216	435	-2
216	438	2
216	589	-2
216	651	-2
216	653	-2
216	691	-2
216	694	-2
217	218	-1
217	227	1
217	230	1
217	249	1
217	345	-2
217	395	-2
217	455	-2
217	461	-2
217	472	-2
217	601	-2
217	651	-2
217	711	2
217	717	2
217	728	2
218	221	-1
218	274	-2
218	276	-2
218	354	2
218	403	-2
218	461	2
218	530	2
218	532	2
218	610	-2
218	659	2
218	717	-2
219	224	1
219	240	1
219	260	-2
219	282	2
219	364	2
219	413	2
219	416	2
219	516	-2
219	538	2
219	620	-2
219	669	-2
219	672	-2
220	242	-1
220	269	2
220	272	-2
220	283	2
220	317	-2
220	440	2
220	525	-2
220	528	2
220	539	2
220	573	2
220	696	-2
221	224	1
221	231	1
221	234	-1
221	238	-1
221	246	1
221	354	-2
221	402	2
221	404	2
221	406	2
221	474	2
221	610	2
221	658	2
221	660	-2
221	662	2
221	730	-2
222	252	-1
222	310	2
222	344	-2
222	388	2
222	439	-2
222	502	2
222	566	-2
222	600	-2
222	644	2
222	695	-2
222	758	-2
223	229	-1
223	232	-1
223	237	1
223	241	1
223	249	1
223	270	-2
223	291	-2
223	293	-2
223	359	-2
223	507	-2
223	526	2
223	547	2
223	549	2
223	615	2
223	763	-2
224	232	-1
224	246	2
224	247	1
224	252	1
224	255	-1
224	378	-2
224	384	-2
224	406	2
224	416	2
224	466	-2
224	634	2
224	640	2
224	662	2
224	672	-2
224	722	2
225	245	-1
225	251	1
225	300	-2
225	374	2
225	376	-2
225	414	-2
225	493	-2
225	556	2
225	630	2
225	632	-2
225	670	2
225	749	-2
226	234	-2
226	236	-1
226	240	1
226	394	-2
226	400	-2
226	426	2
226	510	-2
226	511	2
226	650	2
226	656	2
226	682	-2
226	766	-2
226	767	-2
227	238	-1
227	240	1
227	249	1
227	251	1
227	273	2
227	336	2
227	395	-2
227	457	-2
227	490	-2
227	529	-2
227	592	-2
227	651	-2
227	713	2
227	746	-2
228	239	-1
228	256	-1
228	262	2
228	294	2
228	330	2
228	385	-2
228	508	-2
228	518	2
228	550	-2
228	586	-2
228	641	2
228	764	-2
229	241	-1
229	243	-1
229	244	-1
229	249	-1
229	254	-1
229	301	2
229	339	2
229	346	2
229	407	2
229	507	2
229	557	-2
229	595	-2
229	602	-2
229	663	2
229	763	2
230	237	1
230	305	-2
230	380	-2
230	417	-2
230	472	-2
230	500	2
230	561	-2
230	636	-2
230	673	2
230	728	2
230	756	-2
231	238	-1
231	254	1
231	287	2
231	327	-2
231	404	2
231	408	2
231	504	-2
231	543	2
231	583	2
231	660	-2
231	664	2
231	760	-2
232	243	-1
232	252	-1
232	255	1
232	256	-1
232	293	2
232	348	2
232	361	-2
232	378	2
232	397	-2
232	549	-2
232	604	2
232	617	2
232	634	-2
232	653	2
233	237	1
233	268	2
233	290	2
233	314	-2
233	375	-2
233	410	2
233	524	2
233	546	2
233	570	-2
233	631	2
233	666	-2
234	236	1
234	252	-1
234	394	2
234	458	-2
234	474	-2
234	475	2
234	511	-2
234	650	-2
234	714	-2
234	730	2
234	731	-2
234	767	2
235	241	1
235	247	1
235	312	2
235	370	2
235	381	-2
235	405	-2
235	423	2
235	568	-2
235	626	-2
235	637	-2
235	661	2
235	679	2
236	255	1
236	319	2
236	352	-2
236	386	-2
236	444	2
236	511	-2
236	575	-2
236	608	-2
236	642	-2
236	700	-2
236	767	2
237	241	1
237	284	2
237	355	-2
237	359	-2
237	375	-2
237	417	-2
237	540	-2
237	611	-2
237	615	2
237	631	2
237	673	2
238	251	-1
238	336	-2
238	404	-2
238	454	-2
238	488	-2
238	499	-2
238	592	2
238	660	2
238	710	2
238	744	-2
238	755	2
239	247	1
239	258	-2
239	316	-2
239	318	-2
239	330	-2
239	347	2
239	514	2
239	572	2
239	574	2
239	586	2
239	603	-2
240	244	1
240	248	-1
240	260	-2
240	341	-2
240	366	2
240	457	-2
240	510	-2
240	516	-2
240	597	2
240	622	2
240	713	2
240	766	-2
241	243	1
241	301	-2
241	304	2
241	342	-2
241	359	-2
241	370	2
241	557	2
241	560	-2
241	598	2
241	615	2
241	626	-2
242	269	-2
242	387	-2
242	401	2
242	451	-2
242	467	2
242	525	2
242	643	-2
242	657	2
242	707	-2
242	723	-2
243	250	-1
243	301	-2
243	361	2
243	445	-2
243	473	-2
243	484	-2
243	557	2
243	617	-2
243	701	-2
243	729	2
243	740	2
244	339	-2
244	341	-2
244	430	2
244	476	2
244	485	-2
244	595	2
244	597	2
244	686	-2
244	732	-2
244	741	-2
245	248	1
245	363	2
245	368	2
245	383	2
245	414	2
245	489	-2
245	619	-2
245	624	2
245	639	-2
245	670	-2
245	745	-2
246	252	1
246	333	-2
246	384	-2
246	396	-2
246	406	2
246	492	2
246	589	-2
246	640	2
246	652	-2
246	662	2
246	748	-2
247	254	1
247	258	-2
247	308	2
247	381	-2
247	466	-2
247	469	-2
247	514	2
247	564	2
247	637	-2
247	722	2
247	725	2
248	253	1
248	255	1
248	338	-2
248	366	-2
248	383	2
248	429	-2
248	501	2
248	594	-2
248	622	-2
248	639	-2
248	685	-2
248	757	2
249	253	-1
249	278	-2
249	395	-2
249	464	2
249	479	-2
249	507	-2
249	534	2
249	651	-2
249	720	2
249	735	-2
249	763	-2
250	267	-2
250	292	-2
250	399	-2
250	473	2
250	495	-2
250	523	2
250	548	2
250	655	-2
250	729	-2
250	751	-2
251	254	1
251	285	-2
251	299	-2
251	300	-2
251	309	-2
251	336	2
251	541	-2
251	555	-2
251	556	2
251	565	-2
251	592	-2
252	344	2
252	348	-2
252	384	-2
252	390	-2
252	458	2
252	600	2
252	604	-2
252	640	2
252	646	-2
252	714	2
253	279	2
253	280	2
253	315	2
253	479	2
253	501	2
253	535	2
253	536	-2
253	571	-2
253	735	2
253	757	2
254	257	-2
254	309	-2
254	346	-2
254	408	2
254	469	-2
254	513	-2
254	565	-2
254	602	2
254	664	2
254	725	2
255	338	-2
255	378	2
255	386	-2
255	431	2
255	446	-2
255	594	-2
255	634	-2
255	642	-2
255	687	2
255	702	2
256	262	-2
256	365	2
256	397	2
256	462	2
256	477	2
256	518	-2
256	621	2
256	653	-2
256	718	-2
256	733	2
257	513	3
258	514	-3
259	515	3
260	516	3
261	517	3
262	518	3
263	519	3
264	520	-3
265	521	3
266	522	-3
267	523	-3
268	524	3
269	525	-3
270	526	-3
271	527	-3
272	528	-3
273	529	-3
274	530	-3
275	531	-3
276	532	-3
277	533	-3
278	534	-3
279	535	3
280	536	-3
281	537	-3
282	538	3
283	539	3
284	540	-3
285	541	3
286	542	-3
287	543	3
288	544	3
289	545	-3
290	546	3
291	547	-3
292	548	-3
293	549	-3
294	550	-3
295	551	-3
296	552	3
297	553	-3
298	554	-3
299	555	3
300	556	-3
301	557	-3
302	558	3
303	559	-3
304	560	-3
305	561	3
306	562	3
307	563	-3
308	564	3
309	565	3
310	566	-3
311	567	3
312	568	-3
313	569	3
314	570	3
315	571	-3
316	572	-3
317	573	-3
318	574	-3
319	575	-3
320	576	-3
321	577	3
322	578	-3
323	579	3
324	580	3
325	581	-3
326	582	-3
327	583	-3
328	584	-3
329	585	-3
330	586	-3
331	587	-3
332	588	3
333	589	3
334	590	3
335	591	3
336	592	-3
337	593	-3
338	594	3
339	595	-3
340	596	3
341	597	-3
342	598	-3
343	599	-3
344	600	3
345	601	3
346	602	-3
347	603	-3
348	604	3
349	605	3
350	606	3
351	607	3
352	608	3
353	609	-3
354	610	-3
355	611	3
356	612	3
357	613	-3
358	614	3
359	615	-3
360	616	-3
361	617	-3
362	618	-3
363	619	-3
364	620	-3
365	621	3
366	622	3
367	623	3
368	624	3
369	625	3
370	626	-3
371	627	-3
372	628	3
373	629	-3
374	630	3
375	631	-3
376	632	3
377	633	-3
378	634	-3
379	635	3
380	636	3
381	637	3
382	638	-3
383	639	-3
384	640	-3
385	641	-3
386	642	3
387	643	3
388	644	3
389	645	-3
390	646	3
391	647	-3
392	648	3
393	649	-3
394	650	-3
395	651	3
396	652	3
397	653	-3
398	654	3
399	655	3
400	656	-3
401	657	3
402	658	3
403	659	-3
404	660	-3
405	661	-3
406	662	3
407	663	3
408	664	3
409	665	3
410	666	-3
411	667	-3
412	668	3
413	669	-3
414	670	-3
415	671	3
416	672	-3
417	673	-3
418	674	-3
419	675	3
420	676	-3
421	677	-3
422	678	-3
423	679	3
424	680	-3
425	681	-3
426	682	-3
427	683	3
428	684	-3
429	685	3
430	686	-3
431	687	3
432	688	-3
433	689	3
434	690	3
435	691	3
436	692	-3
437	693	3
438	694	-3
439	695	3
440	696	-3
441	697	-3
442	698	-3
443	699	3
444	700	-3
445	701	3
446	702	-3
447	703	-3
448	704	-3
449	705	3
450	706	3
451	707	3
452	708	-3
453	709	-3
454	710	-3
455	711	-3
456	712	3
457	713	-3
458	714	3
459	715	-3
460	716	3
461	717	-3
462	718	-3
463	719	-3
464	720	3
465	721	3
466	722	-3
467	723	-3
468	724	3
469	725	-3
470	726	3
471	727	3
472	728	-3
473	729	-3
474	730	-3
475	731	-3
476	732	-3
477	733	3
478	734	3
479	735	3
480	736	3
481	737	-3
482	738	-3
483	739	3
484	740	-3
485	741	3
486	742	-3
487	743	3
488	744	3
489	745	3
490	746	3
491	747	3
492	748	-3
493	749	3
494	750	3
495	751	3
496	752	-3
497	753	-3
498	754	3
499	755	-3
500	756	-3
501	757	3
502	758	-3
503	759	3
504	760	3
505	761	3
506	762	-3
507	763	3
508	764	3
509	765	-3
510	766	3
511	767	-3
512	768	-3
